Imdb Rank,Title,Season,Episode,Type,Episode Rating,Episode Rating Count,Global Series Rating,Global Rating Count,Duration (min),Genres,Day,Month,Year
1,Breaking Bad,1,1,TV Series,9.0,42489,9.5,2106387,45.0,"Crime ,Drama ,Thriller",20.0,1.0,2008.0
1,Breaking Bad,4,4,TV Series,8.5,22808,9.5,2106387,45.0,"Crime ,Drama ,Thriller",7.0,8.0,2011.0
1,Breaking Bad,4,3,TV Series,8.0,24012,9.5,2106387,45.0,"Crime ,Drama ,Thriller",31.0,7.0,2011.0
1,Breaking Bad,4,2,TV Series,8.2,23671,9.5,2106387,45.0,"Crime ,Drama ,Thriller",24.0,7.0,2011.0
1,Breaking Bad,4,1,TV Series,9.2,28602,9.5,2106387,45.0,"Crime ,Drama ,Thriller",17.0,7.0,2011.0
1,Breaking Bad,5,5,TV Series,9.7,39873,9.5,2106387,45.0,"Crime ,Drama ,Thriller",12.0,8.0,2012.0
1,Breaking Bad,4,12,TV Series,9.5,30646,9.5,2106387,45.0,"Crime ,Drama ,Thriller",2.0,10.0,2011.0
1,Breaking Bad,2,11,TV Series,8.9,25146,9.5,2106387,45.0,"Crime ,Drama ,Thriller",17.0,5.0,2009.0
1,Breaking Bad,2,10,TV Series,8.4,24293,9.5,2106387,45.0,"Crime ,Drama ,Thriller",10.0,5.0,2009.0
1,Breaking Bad,2,9,TV Series,9.1,28380,9.5,2106387,45.0,"Crime ,Drama ,Thriller",3.0,5.0,2009.0
1,Breaking Bad,2,8,TV Series,9.2,29839,9.5,2106387,45.0,"Crime ,Drama ,Thriller",26.0,4.0,2009.0
1,Breaking Bad,2,7,TV Series,8.6,24916,9.5,2106387,45.0,"Crime ,Drama ,Thriller",19.0,4.0,2009.0
1,Breaking Bad,2,6,TV Series,8.8,27234,9.5,2106387,45.0,"Crime ,Drama ,Thriller",12.0,4.0,2009.0
1,Breaking Bad,2,5,TV Series,8.3,24760,9.5,2106387,45.0,"Crime ,Drama ,Thriller",5.0,4.0,2009.0
1,Breaking Bad,2,4,TV Series,8.2,25450,9.5,2106387,45.0,"Crime ,Drama ,Thriller",29.0,3.0,2009.0
1,Breaking Bad,2,3,TV Series,8.3,25350,9.5,2106387,45.0,"Crime ,Drama ,Thriller",22.0,3.0,2009.0
1,Breaking Bad,2,2,TV Series,9.3,30298,9.5,2106387,45.0,"Crime ,Drama ,Thriller",15.0,3.0,2009.0
1,Breaking Bad,3,4,TV Series,8.2,23454,9.5,2106387,45.0,"Crime ,Drama ,Thriller",11.0,4.0,2010.0
1,Breaking Bad,3,3,TV Series,8.4,23305,9.5,2106387,45.0,"Crime ,Drama ,Thriller",4.0,4.0,2010.0
1,Breaking Bad,3,2,TV Series,8.6,23475,9.5,2106387,45.0,"Crime ,Drama ,Thriller",28.0,3.0,2010.0
1,Breaking Bad,3,1,TV Series,8.5,24019,9.5,2106387,45.0,"Crime ,Drama ,Thriller",21.0,3.0,2010.0
1,Breaking Bad,2,13,TV Series,9.2,27788,9.5,2106387,45.0,"Crime ,Drama ,Thriller",31.0,5.0,2009.0
1,Breaking Bad,2,12,TV Series,9.3,28293,9.5,2106387,45.0,"Crime ,Drama ,Thriller",24.0,5.0,2009.0
1,Breaking Bad,5,14,TV Series,10.0,212444,9.5,2106387,45.0,"Crime ,Drama ,Thriller",15.0,9.0,2013.0
1,Breaking Bad,5,7,TV Series,9.6,36531,9.5,2106387,45.0,"Crime ,Drama ,Thriller",26.0,8.0,2012.0
1,Breaking Bad,5,6,TV Series,9.0,27987,9.5,2106387,45.0,"Crime ,Drama ,Thriller",19.0,8.0,2012.0
1,Breaking Bad,5,13,TV Series,9.8,53974,9.5,2106387,45.0,"Crime ,Drama ,Thriller",8.0,9.0,2013.0
1,Breaking Bad,5,12,TV Series,9.1,31652,9.5,2106387,45.0,"Crime ,Drama ,Thriller",1.0,9.0,2013.0
1,Breaking Bad,5,11,TV Series,9.6,36563,9.5,2106387,45.0,"Crime ,Drama ,Thriller",25.0,8.0,2013.0
1,Breaking Bad,5,10,TV Series,9.2,30316,9.5,2106387,45.0,"Crime ,Drama ,Thriller",18.0,8.0,2013.0
1,Breaking Bad,5,9,TV Series,9.4,34007,9.5,2106387,45.0,"Crime ,Drama ,Thriller",11.0,8.0,2013.0
1,Breaking Bad,5,8,TV Series,9.6,35574,9.5,2106387,45.0,"Crime ,Drama ,Thriller",2.0,9.0,2012.0
1,Breaking Bad,4,13,TV Series,9.9,73536,9.5,2106387,45.0,"Crime ,Drama ,Thriller",9.0,10.0,2011.0
1,Breaking Bad,5,1,TV Series,9.2,31953,9.5,2106387,45.0,"Crime ,Drama ,Thriller",15.0,7.0,2012.0
1,Breaking Bad,5,2,TV Series,8.8,27840,9.5,2106387,45.0,"Crime ,Drama ,Thriller",22.0,7.0,2012.0
1,Breaking Bad,5,3,TV Series,8.8,27249,9.5,2106387,45.0,"Crime ,Drama ,Thriller",29.0,7.0,2012.0
1,Breaking Bad,5,4,TV Series,8.8,27442,9.5,2106387,45.0,"Crime ,Drama ,Thriller",5.0,8.0,2012.0
1,Breaking Bad,2,1,TV Series,8.6,26368,9.5,2106387,45.0,"Crime ,Drama ,Thriller",8.0,3.0,2009.0
1,Breaking Bad,1,2,TV Series,8.6,31035,9.5,2106387,45.0,"Crime ,Drama ,Thriller",27.0,1.0,2008.0
1,Breaking Bad,3,13,TV Series,9.7,36144,9.5,2106387,45.0,"Crime ,Drama ,Thriller",13.0,6.0,2010.0
1,Breaking Bad,3,6,TV Series,9.3,26793,9.5,2106387,45.0,"Crime ,Drama ,Thriller",25.0,4.0,2010.0
1,Breaking Bad,3,5,TV Series,8.5,22798,9.5,2106387,45.0,"Crime ,Drama ,Thriller",18.0,4.0,2010.0
1,Breaking Bad,3,12,TV Series,9.5,31999,9.5,2106387,45.0,"Crime ,Drama ,Thriller",6.0,6.0,2010.0
1,Breaking Bad,3,11,TV Series,8.4,22986,9.5,2106387,45.0,"Crime ,Drama ,Thriller",30.0,5.0,2010.0
1,Breaking Bad,3,10,TV Series,7.9,41098,9.5,2106387,45.0,"Crime ,Drama ,Thriller",23.0,5.0,2010.0
1,Breaking Bad,3,9,TV Series,8.4,23120,9.5,2106387,45.0,"Crime ,Drama ,Thriller",16.0,5.0,2010.0
1,Breaking Bad,3,8,TV Series,8.7,23448,9.5,2106387,45.0,"Crime ,Drama ,Thriller",9.0,5.0,2010.0
1,Breaking Bad,3,7,TV Series,9.6,32865,9.5,2106387,45.0,"Crime ,Drama ,Thriller",2.0,5.0,2010.0
1,Breaking Bad,1,3,TV Series,8.7,30069,9.5,2106387,45.0,"Crime ,Drama ,Thriller",10.0,2.0,2008.0
1,Breaking Bad,1,4,TV Series,8.2,28945,9.5,2106387,45.0,"Crime ,Drama ,Thriller",17.0,2.0,2008.0
1,Breaking Bad,1,5,TV Series,8.3,28454,9.5,2106387,45.0,"Crime ,Drama ,Thriller",24.0,2.0,2008.0
1,Breaking Bad,1,6,TV Series,9.3,33591,9.5,2106387,45.0,"Crime ,Drama ,Thriller",2.0,3.0,2008.0
1,Breaking Bad,1,7,TV Series,8.8,29067,9.5,2106387,45.0,"Crime ,Drama ,Thriller",9.0,3.0,2008.0
1,Breaking Bad,4,7,TV Series,8.8,23903,9.5,2106387,45.0,"Crime ,Drama ,Thriller",28.0,8.0,2011.0
1,Breaking Bad,4,6,TV Series,8.4,23106,9.5,2106387,45.0,"Crime ,Drama ,Thriller",21.0,8.0,2011.0
1,Breaking Bad,5,16,TV Series,9.9,137681,9.5,2106387,45.0,"Crime ,Drama ,Thriller",29.0,9.0,2013.0
1,Breaking Bad,5,15,TV Series,9.7,52715,9.5,2106387,45.0,"Crime ,Drama ,Thriller",22.0,9.0,2013.0
1,Breaking Bad,4,11,TV Series,9.7,40068,9.5,2106387,45.0,"Crime ,Drama ,Thriller",25.0,9.0,2011.0
1,Breaking Bad,4,10,TV Series,9.6,34135,9.5,2106387,45.0,"Crime ,Drama ,Thriller",18.0,9.0,2011.0
1,Breaking Bad,4,9,TV Series,8.9,24264,9.5,2106387,45.0,"Crime ,Drama ,Thriller",11.0,9.0,2011.0
1,Breaking Bad,4,8,TV Series,9.3,27009,9.5,2106387,45.0,"Crime ,Drama ,Thriller",4.0,9.0,2011.0
1,Breaking Bad,4,5,TV Series,8.6,22863,9.5,2106387,45.0,"Crime ,Drama ,Thriller",14.0,8.0,2011.0
2,Planet Earth II,1,4,TV Mini Series,8.8,3093,9.5,156311,298.0,Documentary,11.0,3.0,2017.0
2,Planet Earth II,1,3,TV Mini Series,8.9,3456,9.5,156311,298.0,Documentary,4.0,3.0,2017.0
2,Planet Earth II,1,1,TV Mini Series,9.4,5037,9.5,156311,298.0,Documentary,18.0,2.0,2017.0
2,Planet Earth II,1,2,TV Mini Series,9.1,3891,9.5,156311,298.0,Documentary,25.0,2.0,2017.0
2,Planet Earth II,1,6,TV Mini Series,9.0,3015,9.5,156311,298.0,Documentary,25.0,3.0,2017.0
2,Planet Earth II,1,5,TV Mini Series,8.7,2847,9.5,156311,298.0,Documentary,18.0,3.0,2017.0
3,Planet Earth,1,1,TV Mini Series,9.0,4145,9.4,218687,538.0,"Documentary ,Family",25.0,3.0,2007.0
3,Planet Earth,1,7,TV Mini Series,8.6,2816,9.4,218687,538.0,"Documentary ,Family",8.0,4.0,2007.0
3,Planet Earth,1,2,TV Mini Series,8.8,3574,9.4,218687,538.0,"Documentary ,Family",25.0,3.0,2007.0
3,Planet Earth,1,3,TV Mini Series,8.8,3291,9.4,218687,538.0,"Documentary ,Family",15.0,4.0,2007.0
3,Planet Earth,1,10,TV Mini Series,8.8,2672,9.4,218687,538.0,"Documentary ,Family",22.0,4.0,2007.0
3,Planet Earth,1,11,TV Mini Series,8.9,2747,9.4,218687,538.0,"Documentary ,Family",25.0,3.0,2007.0
3,Planet Earth,1,4,TV Mini Series,8.8,3189,9.4,218687,538.0,"Documentary ,Family",22.0,4.0,2007.0
3,Planet Earth,1,5,TV Mini Series,8.6,3046,9.4,218687,538.0,"Documentary ,Family",1.0,4.0,2007.0
3,Planet Earth,1,6,TV Mini Series,8.9,2995,9.4,218687,538.0,"Documentary ,Family",1.0,4.0,2007.0
3,Planet Earth,1,9,TV Mini Series,8.8,2775,9.4,218687,538.0,"Documentary ,Family",8.0,4.0,2007.0
3,Planet Earth,1,8,TV Mini Series,8.9,2898,9.4,218687,538.0,"Documentary ,Family",8.0,4.0,2007.0
4,Band of Brothers,1,10,TV Mini Series,9.2,8274,9.4,518235,594.0,"Drama ,History ,War",4.0,11.0,2001.0
4,Band of Brothers,1,6,TV Mini Series,9.2,9952,9.4,518235,594.0,"Drama ,History ,War",7.0,10.0,2001.0
4,Band of Brothers,1,3,TV Mini Series,9.0,9473,9.4,518235,594.0,"Drama ,History ,War",16.0,9.0,2001.0
4,Band of Brothers,1,1,TV Mini Series,8.6,11336,9.4,518235,594.0,"Drama ,History ,War",9.0,9.0,2001.0
4,Band of Brothers,1,4,TV Mini Series,8.8,8898,9.4,518235,594.0,"Drama ,History ,War",23.0,9.0,2001.0
4,Band of Brothers,1,5,TV Mini Series,8.8,8724,9.4,518235,594.0,"Drama ,History ,War",30.0,9.0,2001.0
4,Band of Brothers,1,2,TV Mini Series,9.1,10471,9.4,518235,594.0,"Drama ,History ,War",9.0,9.0,2001.0
4,Band of Brothers,1,9,TV Mini Series,9.5,10690,9.4,518235,594.0,"Drama ,History ,War",28.0,10.0,2001.0
4,Band of Brothers,1,8,TV Mini Series,8.7,8041,9.4,518235,594.0,"Drama ,History ,War",21.0,10.0,2001.0
4,Band of Brothers,1,7,TV Mini Series,9.4,9570,9.4,518235,594.0,"Drama ,History ,War",14.0,10.0,2001.0
5,Chernobyl,1,2,TV Mini Series,9.6,52001,9.3,851248,330.0,"Drama ,History ,Thriller",13.0,5.0,2019.0
5,Chernobyl,1,3,TV Mini Series,9.5,48675,9.3,851248,330.0,"Drama ,History ,Thriller",20.0,5.0,2019.0
5,Chernobyl,1,1,TV Mini Series,9.4,55059,9.3,851248,330.0,"Drama ,History ,Thriller",6.0,5.0,2019.0
5,Chernobyl,1,5,TV Mini Series,9.8,62546,9.3,851248,330.0,"Drama ,History ,Thriller",3.0,6.0,2019.0
5,Chernobyl,1,4,TV Mini Series,9.3,45968,9.3,851248,330.0,"Drama ,History ,Thriller",27.0,5.0,2019.0
6,The Wire,3,10,TV Series,8.7,4071,9.3,372513,59.0,"Crime ,Drama ,Thriller",28.0,11.0,2004.0
6,The Wire,1,4,TV Series,8.2,5574,9.3,372513,59.0,"Crime ,Drama ,Thriller",23.0,6.0,2002.0
6,The Wire,5,1,TV Series,8.0,3776,9.3,372513,59.0,"Crime ,Drama ,Thriller",6.0,1.0,2008.0
6,The Wire,5,2,TV Series,8.1,3631,9.3,372513,59.0,"Crime ,Drama ,Thriller",13.0,1.0,2008.0
6,The Wire,5,3,TV Series,8.5,3710,9.3,372513,59.0,"Crime ,Drama ,Thriller",20.0,1.0,2008.0
6,The Wire,5,4,TV Series,8.8,3862,9.3,372513,59.0,"Crime ,Drama ,Thriller",27.0,1.0,2008.0
6,The Wire,5,5,TV Series,8.6,3681,9.3,372513,59.0,"Crime ,Drama ,Thriller",3.0,2.0,2008.0
6,The Wire,5,6,TV Series,8.3,3567,9.3,372513,59.0,"Crime ,Drama ,Thriller",10.0,2.0,2008.0
6,The Wire,5,7,TV Series,8.5,3647,9.3,372513,59.0,"Crime ,Drama ,Thriller",17.0,2.0,2008.0
6,The Wire,5,8,TV Series,8.9,4117,9.3,372513,59.0,"Crime ,Drama ,Thriller",24.0,2.0,2008.0
6,The Wire,5,9,TV Series,9.3,4619,9.3,372513,59.0,"Crime ,Drama ,Thriller",2.0,3.0,2008.0
6,The Wire,5,10,TV Series,9.6,6663,9.3,372513,59.0,"Crime ,Drama ,Thriller",9.0,3.0,2008.0
6,The Wire,4,8,TV Series,8.5,3776,9.3,372513,59.0,"Crime ,Drama ,Thriller",5.0,11.0,2006.0
6,The Wire,4,9,TV Series,8.5,3715,9.3,372513,59.0,"Crime ,Drama ,Thriller",12.0,11.0,2006.0
6,The Wire,4,10,TV Series,8.8,3965,9.3,372513,59.0,"Crime ,Drama ,Thriller",19.0,11.0,2006.0
6,The Wire,4,11,TV Series,8.9,4090,9.3,372513,59.0,"Crime ,Drama ,Thriller",26.0,11.0,2006.0
6,The Wire,4,12,TV Series,9.3,4720,9.3,372513,59.0,"Crime ,Drama ,Thriller",3.0,12.0,2006.0
6,The Wire,1,3,TV Series,8.2,5765,9.3,372513,59.0,"Crime ,Drama ,Thriller",16.0,6.0,2002.0
6,The Wire,1,1,TV Series,7.8,7547,9.3,372513,59.0,"Crime ,Drama ,Thriller",2.0,6.0,2002.0
6,The Wire,3,11,TV Series,9.6,6892,9.3,372513,59.0,"Crime ,Drama ,Thriller",12.0,12.0,2004.0
6,The Wire,1,5,TV Series,8.3,5322,9.3,372513,59.0,"Crime ,Drama ,Thriller",30.0,6.0,2002.0
6,The Wire,1,6,TV Series,8.5,5487,9.3,372513,59.0,"Crime ,Drama ,Thriller",7.0,7.0,2002.0
6,The Wire,1,7,TV Series,8.4,5160,9.3,372513,59.0,"Crime ,Drama ,Thriller",21.0,7.0,2002.0
6,The Wire,2,11,TV Series,9.1,5338,9.3,372513,59.0,"Crime ,Drama ,Thriller",17.0,8.0,2003.0
6,The Wire,2,12,TV Series,9.0,4979,9.3,372513,59.0,"Crime ,Drama ,Thriller",24.0,8.0,2003.0
6,The Wire,3,1,TV Series,8.0,4179,9.3,372513,59.0,"Crime ,Drama ,Thriller",19.0,9.0,2004.0
6,The Wire,3,2,TV Series,8.3,4089,9.3,372513,59.0,"Crime ,Drama ,Thriller",26.0,9.0,2004.0
6,The Wire,3,3,TV Series,8.4,4088,9.3,372513,59.0,"Crime ,Drama ,Thriller",3.0,10.0,2004.0
6,The Wire,3,4,TV Series,8.4,4038,9.3,372513,59.0,"Crime ,Drama ,Thriller",10.0,10.0,2004.0
6,The Wire,3,5,TV Series,8.5,4030,9.3,372513,59.0,"Crime ,Drama ,Thriller",17.0,10.0,2004.0
6,The Wire,3,6,TV Series,8.6,4044,9.3,372513,59.0,"Crime ,Drama ,Thriller",31.0,10.0,2004.0
6,The Wire,3,7,TV Series,8.5,3955,9.3,372513,59.0,"Crime ,Drama ,Thriller",7.0,11.0,2004.0
6,The Wire,3,8,TV Series,8.9,4389,9.3,372513,59.0,"Crime ,Drama ,Thriller",14.0,11.0,2004.0
6,The Wire,3,9,TV Series,8.7,4078,9.3,372513,59.0,"Crime ,Drama ,Thriller",21.0,11.0,2004.0
6,The Wire,2,10,TV Series,9.0,4834,9.3,372513,59.0,"Crime ,Drama ,Thriller",10.0,8.0,2003.0
6,The Wire,2,9,TV Series,8.5,4312,9.3,372513,59.0,"Crime ,Drama ,Thriller",3.0,8.0,2003.0
6,The Wire,2,8,TV Series,8.4,4267,9.3,372513,59.0,"Crime ,Drama ,Thriller",27.0,7.0,2003.0
6,The Wire,2,7,TV Series,8.2,4213,9.3,372513,59.0,"Crime ,Drama ,Thriller",13.0,7.0,2003.0
6,The Wire,2,5,TV Series,8.1,4264,9.3,372513,59.0,"Crime ,Drama ,Thriller",29.0,6.0,2003.0
6,The Wire,4,13,TV Series,9.5,5921,9.3,372513,59.0,"Crime ,Drama ,Thriller",10.0,12.0,2006.0
6,The Wire,4,7,TV Series,8.4,3711,9.3,372513,59.0,"Crime ,Drama ,Thriller",29.0,10.0,2006.0
6,The Wire,4,6,TV Series,8.7,3933,9.3,372513,59.0,"Crime ,Drama ,Thriller",15.0,10.0,2006.0
6,The Wire,4,5,TV Series,8.5,3769,9.3,372513,59.0,"Crime ,Drama ,Thriller",8.0,10.0,2006.0
6,The Wire,4,4,TV Series,8.3,3755,9.3,372513,59.0,"Crime ,Drama ,Thriller",1.0,10.0,2006.0
6,The Wire,4,3,TV Series,8.6,3890,9.3,372513,59.0,"Crime ,Drama ,Thriller",24.0,9.0,2006.0
6,The Wire,4,2,TV Series,8.4,3841,9.3,372513,59.0,"Crime ,Drama ,Thriller",17.0,9.0,2006.0
6,The Wire,4,1,TV Series,8.3,4043,9.3,372513,59.0,"Crime ,Drama ,Thriller",10.0,9.0,2006.0
6,The Wire,3,12,TV Series,9.3,5125,9.3,372513,59.0,"Crime ,Drama ,Thriller",19.0,12.0,2004.0
6,The Wire,1,2,TV Series,8.2,6143,9.3,372513,59.0,"Crime ,Drama ,Thriller",9.0,6.0,2002.0
6,The Wire,1,8,TV Series,8.5,5142,9.3,372513,59.0,"Crime ,Drama ,Thriller",28.0,7.0,2002.0
6,The Wire,1,12,TV Series,9.1,5763,9.3,372513,59.0,"Crime ,Drama ,Thriller",1.0,9.0,2002.0
6,The Wire,2,2,TV Series,8.1,4565,9.3,372513,59.0,"Crime ,Drama ,Thriller",8.0,6.0,2003.0
6,The Wire,2,1,TV Series,7.7,4906,9.3,372513,59.0,"Crime ,Drama ,Thriller",1.0,6.0,2003.0
6,The Wire,1,13,TV Series,9.0,5616,9.3,372513,59.0,"Crime ,Drama ,Thriller",8.0,9.0,2002.0
6,The Wire,1,10,TV Series,9.2,6142,9.3,372513,59.0,"Crime ,Drama ,Thriller",11.0,8.0,2002.0
6,The Wire,2,6,TV Series,8.8,4865,9.3,372513,59.0,"Crime ,Drama ,Thriller",6.0,7.0,2003.0
6,The Wire,2,4,TV Series,8.0,4348,9.3,372513,59.0,"Crime ,Drama ,Thriller",22.0,6.0,2003.0
6,The Wire,2,3,TV Series,8.1,4428,9.3,372513,59.0,"Crime ,Drama ,Thriller",15.0,6.0,2003.0
6,The Wire,1,9,TV Series,8.7,5336,9.3,372513,59.0,"Crime ,Drama ,Thriller",4.0,8.0,2002.0
6,The Wire,1,11,TV Series,8.8,5300,9.3,372513,59.0,"Crime ,Drama ,Thriller",18.0,8.0,2002.0
7,Avatar: The Last Airbender,1,1,TV Series,7.9,6145,9.3,356635,23.0,"Animation ,Action ,Adventure",21.0,2.0,2005.0
7,Avatar: The Last Airbender,1,2,TV Series,8.1,5536,9.3,356635,23.0,"Animation ,Action ,Adventure",21.0,2.0,2005.0
7,Avatar: The Last Airbender,1,0,TV Series,8.4,2763,9.3,356635,23.0,"Animation ,Action ,Adventure",21.0,2.0,2005.0
7,Avatar: The Last Airbender,1,4,TV Series,8.0,5260,9.3,356635,23.0,"Animation ,Action ,Adventure",4.0,3.0,2005.0
7,Avatar: The Last Airbender,1,3,TV Series,8.4,5419,9.3,356635,23.0,"Animation ,Action ,Adventure",25.0,2.0,2005.0
7,Avatar: The Last Airbender,3,13,TV Series,9.2,5223,9.3,356635,23.0,"Animation ,Action ,Adventure",15.0,7.0,2008.0
7,Avatar: The Last Airbender,2,9,TV Series,8.5,4421,9.3,356635,23.0,"Animation ,Action ,Adventure",2.0,6.0,2006.0
7,Avatar: The Last Airbender,2,16,TV Series,8.8,4874,9.3,356635,23.0,"Animation ,Action ,Adventure",13.0,10.0,2006.0
7,Avatar: The Last Airbender,2,15,TV Series,9.2,6754,9.3,356635,23.0,"Animation ,Action ,Adventure",29.0,9.0,2006.0
7,Avatar: The Last Airbender,2,14,TV Series,8.6,4430,9.3,356635,23.0,"Animation ,Action ,Adventure",22.0,9.0,2006.0
7,Avatar: The Last Airbender,2,13,TV Series,8.9,4696,9.3,356635,23.0,"Animation ,Action ,Adventure",15.0,9.0,2006.0
7,Avatar: The Last Airbender,2,12,TV Series,8.3,4269,9.3,356635,23.0,"Animation ,Action ,Adventure",15.0,9.0,2006.0
7,Avatar: The Last Airbender,2,11,TV Series,8.7,4555,9.3,356635,23.0,"Animation ,Action ,Adventure",14.0,7.0,2006.0
7,Avatar: The Last Airbender,2,10,TV Series,8.7,4645,9.3,356635,23.0,"Animation ,Action ,Adventure",14.0,7.0,2006.0
7,Avatar: The Last Airbender,2,5,TV Series,7.4,4453,9.3,356635,23.0,"Animation ,Action ,Adventure",28.0,4.0,2006.0
7,Avatar: The Last Airbender,2,8,TV Series,9.0,4879,9.3,356635,23.0,"Animation ,Action ,Adventure",26.0,5.0,2006.0
7,Avatar: The Last Airbender,2,7,TV Series,9.5,6800,9.3,356635,23.0,"Animation ,Action ,Adventure",12.0,5.0,2006.0
7,Avatar: The Last Airbender,2,6,TV Series,9.1,5389,9.3,356635,23.0,"Animation ,Action ,Adventure",5.0,5.0,2006.0
7,Avatar: The Last Airbender,2,3,TV Series,8.2,4373,9.3,356635,23.0,"Animation ,Action ,Adventure",7.0,4.0,2006.0
7,Avatar: The Last Airbender,2,4,TV Series,7.6,4495,9.3,356635,23.0,"Animation ,Action ,Adventure",14.0,4.0,2006.0
7,Avatar: The Last Airbender,2,2,TV Series,8.1,4633,9.3,356635,23.0,"Animation ,Action ,Adventure",24.0,3.0,2006.0
7,Avatar: The Last Airbender,1,5,TV Series,8.0,5232,9.3,356635,23.0,"Animation ,Action ,Adventure",18.0,3.0,2005.0
7,Avatar: The Last Airbender,1,6,TV Series,7.8,5097,9.3,356635,23.0,"Animation ,Action ,Adventure",25.0,3.0,2005.0
7,Avatar: The Last Airbender,1,7,TV Series,8.0,4956,9.3,356635,23.0,"Animation ,Action ,Adventure",8.0,4.0,2005.0
7,Avatar: The Last Airbender,1,8,TV Series,8.8,5323,9.3,356635,23.0,"Animation ,Action ,Adventure",15.0,4.0,2005.0
7,Avatar: The Last Airbender,1,9,TV Series,7.8,4817,9.3,356635,23.0,"Animation ,Action ,Adventure",29.0,4.0,2005.0
7,Avatar: The Last Airbender,1,10,TV Series,7.6,4950,9.3,356635,23.0,"Animation ,Action ,Adventure",6.0,5.0,2005.0
7,Avatar: The Last Airbender,1,11,TV Series,6.8,5125,9.3,356635,23.0,"Animation ,Action ,Adventure",20.0,5.0,2005.0
7,Avatar: The Last Airbender,1,12,TV Series,9.0,5562,9.3,356635,23.0,"Animation ,Action ,Adventure",3.0,6.0,2005.0
7,Avatar: The Last Airbender,1,13,TV Series,9.1,5601,9.3,356635,23.0,"Animation ,Action ,Adventure",17.0,6.0,2005.0
7,Avatar: The Last Airbender,1,14,TV Series,7.7,4714,9.3,356635,23.0,"Animation ,Action ,Adventure",23.0,9.0,2005.0
7,Avatar: The Last Airbender,1,15,TV Series,7.7,4649,9.3,356635,23.0,"Animation ,Action ,Adventure",7.0,10.0,2005.0
7,Avatar: The Last Airbender,1,16,TV Series,8.4,4685,9.3,356635,23.0,"Animation ,Action ,Adventure",21.0,10.0,2005.0
7,Avatar: The Last Airbender,1,17,TV Series,7.9,4591,9.3,356635,23.0,"Animation ,Action ,Adventure",4.0,11.0,2005.0
7,Avatar: The Last Airbender,1,18,TV Series,8.6,4707,9.3,356635,23.0,"Animation ,Action ,Adventure",18.0,11.0,2005.0
7,Avatar: The Last Airbender,1,19,TV Series,9.3,5705,9.3,356635,23.0,"Animation ,Action ,Adventure",2.0,12.0,2005.0
7,Avatar: The Last Airbender,1,20,TV Series,9.6,5311,9.3,356635,23.0,"Animation ,Action ,Adventure",2.0,12.0,2005.0
7,Avatar: The Last Airbender,2,1,TV Series,8.6,4694,9.3,356635,23.0,"Animation ,Action ,Adventure",17.0,3.0,2006.0
7,Avatar: The Last Airbender,2,18,TV Series,8.5,4253,9.3,356635,23.0,"Animation ,Action ,Adventure",17.0,11.0,2006.0
7,Avatar: The Last Airbender,2,19,TV Series,9.0,4798,9.3,356635,23.0,"Animation ,Action ,Adventure",1.0,12.0,2006.0
7,Avatar: The Last Airbender,2,20,TV Series,9.6,6486,9.3,356635,23.0,"Animation ,Action ,Adventure",1.0,12.0,2006.0
7,Avatar: The Last Airbender,3,1,TV Series,8.6,4641,9.3,356635,23.0,"Animation ,Action ,Adventure",21.0,9.0,2007.0
7,Avatar: The Last Airbender,3,2,TV Series,8.3,4553,9.3,356635,23.0,"Animation ,Action ,Adventure",28.0,9.0,2007.0
7,Avatar: The Last Airbender,3,3,TV Series,7.9,4536,9.3,356635,23.0,"Animation ,Action ,Adventure",5.0,10.0,2007.0
7,Avatar: The Last Airbender,3,4,TV Series,8.8,4852,9.3,356635,23.0,"Animation ,Action ,Adventure",12.0,10.0,2007.0
7,Avatar: The Last Airbender,3,21,TV Series,9.9,15303,9.3,356635,23.0,"Animation ,Action ,Adventure",19.0,7.0,2008.0
7,Avatar: The Last Airbender,3,18,TV Series,9.0,5389,9.3,356635,23.0,"Animation ,Action ,Adventure",19.0,7.0,2008.0
7,Avatar: The Last Airbender,3,14,TV Series,8.6,4455,9.3,356635,23.0,"Animation ,Action ,Adventure",16.0,7.0,2008.0
7,Avatar: The Last Airbender,3,16,TV Series,8.9,4818,9.3,356635,23.0,"Animation ,Action ,Adventure",17.0,7.0,2008.0
7,Avatar: The Last Airbender,3,15,TV Series,9.2,4900,9.3,356635,23.0,"Animation ,Action ,Adventure",16.0,7.0,2008.0
7,Avatar: The Last Airbender,3,20,TV Series,9.8,9109,9.3,356635,23.0,"Animation ,Action ,Adventure",19.0,7.0,2008.0
7,Avatar: The Last Airbender,3,19,TV Series,9.5,5993,9.3,356635,23.0,"Animation ,Action ,Adventure",19.0,7.0,2008.0
7,Avatar: The Last Airbender,3,17,TV Series,8.5,4995,9.3,356635,23.0,"Animation ,Action ,Adventure",18.0,7.0,2008.0
7,Avatar: The Last Airbender,2,17,TV Series,9.1,4747,9.3,356635,23.0,"Animation ,Action ,Adventure",3.0,11.0,2006.0
7,Avatar: The Last Airbender,3,6,TV Series,9.5,5965,9.3,356635,23.0,"Animation ,Action ,Adventure",26.0,10.0,2007.0
7,Avatar: The Last Airbender,3,7,TV Series,8.1,4274,9.3,356635,23.0,"Animation ,Action ,Adventure",2.0,11.0,2007.0
7,Avatar: The Last Airbender,3,8,TV Series,9.1,5326,9.3,356635,23.0,"Animation ,Action ,Adventure",9.0,11.0,2007.0
7,Avatar: The Last Airbender,3,9,TV Series,7.6,4565,9.3,356635,23.0,"Animation ,Action ,Adventure",16.0,11.0,2007.0
7,Avatar: The Last Airbender,3,10,TV Series,9.1,4817,9.3,356635,23.0,"Animation ,Action ,Adventure",30.0,11.0,2007.0
7,Avatar: The Last Airbender,3,11,TV Series,9.4,5207,9.3,356635,23.0,"Animation ,Action ,Adventure",30.0,11.0,2007.0
7,Avatar: The Last Airbender,3,12,TV Series,8.9,4658,9.3,356635,23.0,"Animation ,Action ,Adventure",14.0,7.0,2008.0
7,Avatar: The Last Airbender,3,5,TV Series,8.5,4968,9.3,356635,23.0,"Animation ,Action ,Adventure",19.0,10.0,2007.0
8,Blue Planet II,1,4,TV Mini Series,8.8,1064,9.3,45730,364.0,Documentary,19.0,11.0,2017.0
8,Blue Planet II,1,1,TV Mini Series,9.1,1563,9.3,45730,364.0,Documentary,20.0,1.0,2018.0
8,Blue Planet II,1,3,TV Mini Series,9.0,1217,9.3,45730,364.0,Documentary,3.0,2.0,2018.0
8,Blue Planet II,1,2,TV Mini Series,9.1,1441,9.3,45730,364.0,Documentary,27.0,1.0,2018.0
8,Blue Planet II,1,6,TV Mini Series,8.8,926,9.3,45730,364.0,Documentary,3.0,12.0,2017.0
8,Blue Planet II,1,5,TV Mini Series,8.9,1007,9.3,45730,364.0,Documentary,26.0,11.0,2017.0
8,Blue Planet II,1,7,TV Mini Series,8.4,837,9.3,45730,364.0,Documentary,10.0,12.0,2017.0
9,The Sopranos,6,6,TV Series,8.5,6083,9.2,461751,55.0,"Crime ,Drama",16.0,4.0,2006.0
9,The Sopranos,6,7,TV Series,8.2,6112,9.2,461751,55.0,"Crime ,Drama",23.0,4.0,2006.0
9,The Sopranos,6,8,TV Series,8.3,6043,9.2,461751,55.0,"Crime ,Drama",30.0,4.0,2006.0
9,The Sopranos,6,9,TV Series,8.3,6138,9.2,461751,55.0,"Crime ,Drama",7.0,5.0,2006.0
9,The Sopranos,6,10,TV Series,8.1,5818,9.2,461751,55.0,"Crime ,Drama",14.0,5.0,2006.0
9,The Sopranos,6,11,TV Series,8.7,6189,9.2,461751,55.0,"Crime ,Drama",21.0,5.0,2006.0
9,The Sopranos,6,12,TV Series,8.2,6015,9.2,461751,55.0,"Crime ,Drama",4.0,6.0,2006.0
9,The Sopranos,6,13,TV Series,9.1,7390,9.2,461751,55.0,"Crime ,Drama",8.0,4.0,2007.0
9,The Sopranos,6,14,TV Series,8.8,6551,9.2,461751,55.0,"Crime ,Drama",15.0,4.0,2007.0
9,The Sopranos,6,15,TV Series,8.5,6241,9.2,461751,55.0,"Crime ,Drama",22.0,4.0,2007.0
9,The Sopranos,6,16,TV Series,7.9,6168,9.2,461751,55.0,"Crime ,Drama",29.0,4.0,2007.0
9,The Sopranos,6,17,TV Series,8.9,6657,9.2,461751,55.0,"Crime ,Drama",6.0,5.0,2007.0
9,The Sopranos,6,18,TV Series,9.1,7971,9.2,461751,55.0,"Crime ,Drama",13.0,5.0,2007.0
9,The Sopranos,6,19,TV Series,9.3,7415,9.2,461751,55.0,"Crime ,Drama",20.0,5.0,2007.0
9,The Sopranos,6,20,TV Series,9.6,9240,9.2,461751,55.0,"Crime ,Drama",3.0,6.0,2007.0
9,The Sopranos,6,21,TV Series,9.4,12930,9.2,461751,55.0,"Crime ,Drama",10.0,6.0,2007.0
9,The Sopranos,2,10,TV Series,8.4,6857,9.2,461751,55.0,"Crime ,Drama",19.0,3.0,2000.0
9,The Sopranos,2,11,TV Series,8.1,6893,9.2,461751,55.0,"Crime ,Drama",26.0,3.0,2000.0
9,The Sopranos,2,12,TV Series,9.3,8703,9.2,461751,55.0,"Crime ,Drama",2.0,4.0,2000.0
9,The Sopranos,2,13,TV Series,9.4,9528,9.2,461751,55.0,"Crime ,Drama",9.0,4.0,2000.0
9,The Sopranos,3,1,TV Series,8.6,7319,9.2,461751,55.0,"Crime ,Drama",4.0,3.0,2001.0
9,The Sopranos,3,2,TV Series,8.6,7270,9.2,461751,55.0,"Crime ,Drama",4.0,3.0,2001.0
9,The Sopranos,3,3,TV Series,8.4,6751,9.2,461751,55.0,"Crime ,Drama",11.0,3.0,2001.0
9,The Sopranos,3,4,TV Series,9.1,8064,9.2,461751,55.0,"Crime ,Drama",18.0,3.0,2001.0
9,The Sopranos,3,5,TV Series,8.6,6926,9.2,461751,55.0,"Crime ,Drama",25.0,3.0,2001.0
9,The Sopranos,3,6,TV Series,8.7,7408,9.2,461751,55.0,"Crime ,Drama",1.0,4.0,2001.0
9,The Sopranos,3,7,TV Series,8.4,6608,9.2,461751,55.0,"Crime ,Drama",8.0,4.0,2001.0
9,The Sopranos,3,8,TV Series,8.3,6518,9.2,461751,55.0,"Crime ,Drama",15.0,4.0,2001.0
9,The Sopranos,3,9,TV Series,8.0,6491,9.2,461751,55.0,"Crime ,Drama",22.0,4.0,2001.0
9,The Sopranos,3,10,TV Series,8.5,6663,9.2,461751,55.0,"Crime ,Drama",29.0,4.0,2001.0
9,The Sopranos,3,11,TV Series,9.7,15286,9.2,461751,55.0,"Crime ,Drama",6.0,5.0,2001.0
9,The Sopranos,3,12,TV Series,9.2,7684,9.2,461751,55.0,"Crime ,Drama",13.0,5.0,2001.0
9,The Sopranos,3,13,TV Series,9.0,7464,9.2,461751,55.0,"Crime ,Drama",20.0,5.0,2001.0
9,The Sopranos,4,1,TV Series,8.2,6509,9.2,461751,55.0,"Crime ,Drama",15.0,9.0,2002.0
9,The Sopranos,4,2,TV Series,8.3,6349,9.2,461751,55.0,"Crime ,Drama",22.0,9.0,2002.0
9,The Sopranos,4,3,TV Series,7.8,6793,9.2,461751,55.0,"Crime ,Drama",29.0,9.0,2002.0
9,The Sopranos,4,4,TV Series,8.4,6475,9.2,461751,55.0,"Crime ,Drama",6.0,10.0,2002.0
9,The Sopranos,4,5,TV Series,8.1,6303,9.2,461751,55.0,"Crime ,Drama",13.0,10.0,2002.0
9,The Sopranos,4,6,TV Series,8.4,6372,9.2,461751,55.0,"Crime ,Drama",20.0,10.0,2002.0
9,The Sopranos,4,7,TV Series,8.1,6193,9.2,461751,55.0,"Crime ,Drama",27.0,10.0,2002.0
9,The Sopranos,4,8,TV Series,8.1,6103,9.2,461751,55.0,"Crime ,Drama",3.0,11.0,2002.0
9,The Sopranos,4,9,TV Series,9.3,8207,9.2,461751,55.0,"Crime ,Drama",10.0,11.0,2002.0
9,The Sopranos,4,10,TV Series,8.9,6799,9.2,461751,55.0,"Crime ,Drama",17.0,11.0,2002.0
9,The Sopranos,4,11,TV Series,8.0,6088,9.2,461751,55.0,"Crime ,Drama",24.0,11.0,2002.0
9,The Sopranos,4,12,TV Series,8.2,6100,9.2,461751,55.0,"Crime ,Drama",1.0,12.0,2002.0
9,The Sopranos,4,13,TV Series,9.3,8500,9.2,461751,55.0,"Crime ,Drama",8.0,12.0,2002.0
9,The Sopranos,5,1,TV Series,8.6,6469,9.2,461751,55.0,"Crime ,Drama",7.0,3.0,2004.0
9,The Sopranos,5,2,TV Series,8.3,6053,9.2,461751,55.0,"Crime ,Drama",14.0,3.0,2004.0
9,The Sopranos,5,3,TV Series,8.6,6297,9.2,461751,55.0,"Crime ,Drama",21.0,3.0,2004.0
9,The Sopranos,5,4,TV Series,8.5,6105,9.2,461751,55.0,"Crime ,Drama",28.0,3.0,2004.0
9,The Sopranos,5,5,TV Series,9.3,7674,9.2,461751,55.0,"Crime ,Drama",4.0,4.0,2004.0
9,The Sopranos,5,6,TV Series,8.2,5986,9.2,461751,55.0,"Crime ,Drama",11.0,4.0,2004.0
9,The Sopranos,5,7,TV Series,7.9,6178,9.2,461751,55.0,"Crime ,Drama",18.0,4.0,2004.0
9,The Sopranos,5,8,TV Series,8.7,6404,9.2,461751,55.0,"Crime ,Drama",25.0,4.0,2004.0
9,The Sopranos,5,9,TV Series,8.8,6365,9.2,461751,55.0,"Crime ,Drama",2.0,5.0,2004.0
9,The Sopranos,5,10,TV Series,8.6,6295,9.2,461751,55.0,"Crime ,Drama",9.0,5.0,2004.0
9,The Sopranos,5,11,TV Series,8.6,7819,9.2,461751,55.0,"Crime ,Drama",16.0,5.0,2004.0
9,The Sopranos,5,12,TV Series,9.7,10350,9.2,461751,55.0,"Crime ,Drama",23.0,5.0,2004.0
9,The Sopranos,1,1,TV Series,8.4,11845,9.2,461751,55.0,"Crime ,Drama",10.0,1.0,1999.0
9,The Sopranos,1,2,TV Series,8.3,9537,9.2,461751,55.0,"Crime ,Drama",17.0,1.0,1999.0
9,The Sopranos,1,3,TV Series,8.6,9273,9.2,461751,55.0,"Crime ,Drama",24.0,1.0,1999.0
9,The Sopranos,1,4,TV Series,8.6,8978,9.2,461751,55.0,"Crime ,Drama",31.0,1.0,1999.0
9,The Sopranos,1,5,TV Series,8.9,10283,9.2,461751,55.0,"Crime ,Drama",7.0,2.0,1999.0
9,The Sopranos,1,6,TV Series,8.5,8517,9.2,461751,55.0,"Crime ,Drama",14.0,2.0,1999.0
9,The Sopranos,1,7,TV Series,8.3,8238,9.2,461751,55.0,"Crime ,Drama",21.0,2.0,1999.0
9,The Sopranos,1,8,TV Series,8.6,8276,9.2,461751,55.0,"Crime ,Drama",28.0,2.0,1999.0
9,The Sopranos,1,9,TV Series,8.5,8176,9.2,461751,55.0,"Crime ,Drama",7.0,3.0,1999.0
9,The Sopranos,1,10,TV Series,7.8,8140,9.2,461751,55.0,"Crime ,Drama",14.0,3.0,1999.0
9,The Sopranos,1,11,TV Series,8.8,8104,9.2,461751,55.0,"Crime ,Drama",21.0,3.0,1999.0
9,The Sopranos,1,12,TV Series,9.1,8974,9.2,461751,55.0,"Crime ,Drama",28.0,3.0,1999.0
9,The Sopranos,1,13,TV Series,9.2,8907,9.2,461751,55.0,"Crime ,Drama",4.0,4.0,1999.0
9,The Sopranos,2,1,TV Series,8.2,7513,9.2,461751,55.0,"Crime ,Drama",16.0,1.0,2000.0
9,The Sopranos,2,2,TV Series,8.0,7263,9.2,461751,55.0,"Crime ,Drama",23.0,1.0,2000.0
9,The Sopranos,2,3,TV Series,8.4,7249,9.2,461751,55.0,"Crime ,Drama",30.0,1.0,2000.0
9,The Sopranos,2,4,TV Series,8.5,7806,9.2,461751,55.0,"Crime ,Drama",6.0,2.0,2000.0
9,The Sopranos,2,5,TV Series,8.5,7171,9.2,461751,55.0,"Crime ,Drama",13.0,2.0,2000.0
9,The Sopranos,2,6,TV Series,8.6,7313,9.2,461751,55.0,"Crime ,Drama",20.0,2.0,2000.0
9,The Sopranos,2,7,TV Series,8.7,7584,9.2,461751,55.0,"Crime ,Drama",27.0,2.0,2000.0
9,The Sopranos,2,8,TV Series,8.8,7417,9.2,461751,55.0,"Crime ,Drama",5.0,3.0,2000.0
9,The Sopranos,2,9,TV Series,8.8,7385,9.2,461751,55.0,"Crime ,Drama",12.0,3.0,2000.0
9,The Sopranos,6,2,TV Series,8.7,7033,9.2,461751,55.0,"Crime ,Drama",19.0,3.0,2006.0
9,The Sopranos,6,3,TV Series,8.8,6803,9.2,461751,55.0,"Crime ,Drama",26.0,3.0,2006.0
9,The Sopranos,5,13,TV Series,9.3,7246,9.2,461751,55.0,"Crime ,Drama",6.0,6.0,2004.0
9,The Sopranos,6,1,TV Series,9.2,7518,9.2,461751,55.0,"Crime ,Drama",12.0,3.0,2006.0
9,The Sopranos,6,4,TV Series,8.4,6154,9.2,461751,55.0,"Crime ,Drama",2.0,4.0,2006.0
9,The Sopranos,6,5,TV Series,8.8,6413,9.2,461751,55.0,"Crime ,Drama",9.0,4.0,2006.0
10,Cosmos: A Spacetime Odyssey,1,13,TV Mini Series,9.4,1786,9.3,127454,557.0,Documentary,8.0,6.0,2014.0
10,Cosmos: A Spacetime Odyssey,1,10,TV Mini Series,9.1,1729,9.3,127454,557.0,Documentary,11.0,5.0,2014.0
10,Cosmos: A Spacetime Odyssey,1,4,TV Mini Series,9.0,2321,9.3,127454,557.0,Documentary,30.0,3.0,2014.0
10,Cosmos: A Spacetime Odyssey,1,3,TV Mini Series,9.0,2444,9.3,127454,557.0,Documentary,23.0,3.0,2014.0
10,Cosmos: A Spacetime Odyssey,1,11,TV Mini Series,9.0,1674,9.3,127454,557.0,Documentary,18.0,5.0,2014.0
10,Cosmos: A Spacetime Odyssey,1,12,TV Mini Series,9.1,1589,9.3,127454,557.0,Documentary,1.0,6.0,2014.0
10,Cosmos: A Spacetime Odyssey,1,9,TV Mini Series,9.0,1716,9.3,127454,557.0,Documentary,4.0,5.0,2014.0
10,Cosmos: A Spacetime Odyssey,1,6,TV Mini Series,8.7,1852,9.3,127454,557.0,Documentary,13.0,4.0,2014.0
10,Cosmos: A Spacetime Odyssey,1,7,TV Mini Series,8.8,1842,9.3,127454,557.0,Documentary,20.0,4.0,2014.0
10,Cosmos: A Spacetime Odyssey,1,8,TV Mini Series,8.9,1735,9.3,127454,557.0,Documentary,27.0,4.0,2014.0
10,Cosmos: A Spacetime Odyssey,1,1,TV Mini Series,9.1,3541,9.3,127454,557.0,Documentary,9.0,3.0,2014.0
10,Cosmos: A Spacetime Odyssey,1,5,TV Mini Series,9.0,2062,9.3,127454,557.0,Documentary,6.0,4.0,2014.0
10,Cosmos: A Spacetime Odyssey,1,2,TV Mini Series,8.9,2700,9.3,127454,557.0,Documentary,16.0,3.0,2014.0
11,Cosmos,1,12,TV Mini Series,8.9,511,9.3,43536,780.0,Documentary,14.0,12.0,1980.0
11,Cosmos,1,13,TV Mini Series,9.0,525,9.3,43536,780.0,Documentary,21.0,12.0,1980.0
11,Cosmos,1,9,TV Mini Series,9.0,529,9.3,43536,780.0,Documentary,23.0,11.0,1980.0
11,Cosmos,1,10,TV Mini Series,9.0,533,9.3,43536,780.0,Documentary,30.0,11.0,1980.0
11,Cosmos,1,11,TV Mini Series,8.8,512,9.3,43536,780.0,Documentary,7.0,12.0,1980.0
11,Cosmos,1,5,TV Mini Series,8.9,566,9.3,43536,780.0,Documentary,26.0,10.0,1980.0
11,Cosmos,1,4,TV Mini Series,8.9,573,9.3,43536,780.0,Documentary,19.0,10.0,1980.0
11,Cosmos,1,6,TV Mini Series,8.8,543,9.3,43536,780.0,Documentary,2.0,11.0,1980.0
11,Cosmos,1,7,TV Mini Series,8.8,542,9.3,43536,780.0,Documentary,9.0,11.0,1980.0
11,Cosmos,1,8,TV Mini Series,9.1,563,9.3,43536,780.0,Documentary,16.0,11.0,1980.0
11,Cosmos,1,2,TV Mini Series,9.0,663,9.3,43536,780.0,Documentary,5.0,10.0,1980.0
11,Cosmos,1,1,TV Mini Series,8.9,810,9.3,43536,780.0,Documentary,28.0,9.0,1980.0
11,Cosmos,1,3,TV Mini Series,8.8,615,9.3,43536,780.0,Documentary,12.0,10.0,1980.0
12,Our Planet,2,2,TV Series,8.7,398,9.3,50166,50.0,Documentary,14.0,6.0,2023.0
12,Our Planet,2,1,TV Series,8.6,467,9.3,50166,50.0,Documentary,14.0,6.0,2023.0
12,Our Planet,1,7,TV Series,8.8,1430,9.3,50166,50.0,Documentary,5.0,4.0,2019.0
12,Our Planet,1,8,TV Series,9.1,1509,9.3,50166,50.0,Documentary,5.0,4.0,2019.0
12,Our Planet,2,4,TV Series,8.7,351,9.3,50166,50.0,Documentary,14.0,6.0,2023.0
12,Our Planet,2,3,TV Series,8.8,370,9.3,50166,50.0,Documentary,14.0,6.0,2023.0
12,Our Planet,1,4,TV Series,8.8,1696,9.3,50166,50.0,Documentary,5.0,4.0,2019.0
12,Our Planet,1,3,TV Series,9.1,1906,9.3,50166,50.0,Documentary,5.0,4.0,2019.0
12,Our Planet,1,5,TV Series,8.8,1559,9.3,50166,50.0,Documentary,5.0,4.0,2019.0
12,Our Planet,1,6,TV Series,9.0,1553,9.3,50166,50.0,Documentary,5.0,4.0,2019.0
12,Our Planet,1,2,TV Series,9.2,2197,9.3,50166,50.0,Documentary,5.0,4.0,2019.0
12,Our Planet,1,1,TV Series,9.0,2552,9.3,50166,50.0,Documentary,5.0,4.0,2019.0
13,Game of Thrones,1,2,TV Series,8.6,40794,9.2,2258992,55.0,"Action ,Adventure ,Drama",24.0,4.0,2011.0
13,Game of Thrones,1,3,TV Series,8.5,38628,9.2,2258992,55.0,"Action ,Adventure ,Drama",1.0,5.0,2011.0
13,Game of Thrones,1,9,TV Series,9.6,50324,9.2,2258992,55.0,"Action ,Adventure ,Drama",12.0,6.0,2011.0
13,Game of Thrones,1,8,TV Series,8.9,35824,9.2,2258992,55.0,"Action ,Adventure ,Drama",5.0,6.0,2011.0
13,Game of Thrones,8,6,TV Series,4.0,259382,9.2,2258992,55.0,"Action ,Adventure ,Drama",19.0,5.0,2019.0
13,Game of Thrones,8,5,TV Series,6.0,198737,9.2,2258992,55.0,"Action ,Adventure ,Drama",12.0,5.0,2019.0
13,Game of Thrones,8,4,TV Series,5.5,170234,9.2,2258992,55.0,"Action ,Adventure ,Drama",5.0,5.0,2019.0
13,Game of Thrones,8,3,TV Series,7.5,223365,9.2,2258992,55.0,"Action ,Adventure ,Drama",28.0,4.0,2019.0
13,Game of Thrones,8,2,TV Series,7.9,135755,9.2,2258992,55.0,"Action ,Adventure ,Drama",21.0,4.0,2019.0
13,Game of Thrones,8,1,TV Series,7.6,137023,9.2,2258992,55.0,"Action ,Adventure ,Drama",14.0,4.0,2019.0
13,Game of Thrones,7,7,TV Series,9.4,68451,9.2,2258992,55.0,"Action ,Adventure ,Drama",27.0,8.0,2017.0
13,Game of Thrones,7,6,TV Series,9.0,68392,9.2,2258992,55.0,"Action ,Adventure ,Drama",20.0,8.0,2017.0
13,Game of Thrones,7,5,TV Series,8.7,47340,9.2,2258992,55.0,"Action ,Adventure ,Drama",13.0,8.0,2017.0
13,Game of Thrones,7,4,TV Series,9.7,93802,9.2,2258992,55.0,"Action ,Adventure ,Drama",6.0,8.0,2017.0
13,Game of Thrones,7,3,TV Series,9.1,50009,9.2,2258992,55.0,"Action ,Adventure ,Drama",30.0,7.0,2017.0
13,Game of Thrones,7,2,TV Series,8.8,47613,9.2,2258992,55.0,"Action ,Adventure ,Drama",23.0,7.0,2017.0
13,Game of Thrones,7,1,TV Series,8.5,54236,9.2,2258992,55.0,"Action ,Adventure ,Drama",16.0,7.0,2017.0
13,Game of Thrones,6,10,TV Series,9.9,158709,9.2,2258992,55.0,"Action ,Adventure ,Drama",26.0,6.0,2016.0
13,Game of Thrones,6,9,TV Series,9.9,222727,9.2,2258992,55.0,"Action ,Adventure ,Drama",19.0,6.0,2016.0
13,Game of Thrones,6,8,TV Series,8.3,40412,9.2,2258992,55.0,"Action ,Adventure ,Drama",12.0,6.0,2016.0
13,Game of Thrones,6,7,TV Series,8.5,36178,9.2,2258992,55.0,"Action ,Adventure ,Drama",5.0,6.0,2016.0
13,Game of Thrones,6,6,TV Series,8.3,36965,9.2,2258992,55.0,"Action ,Adventure ,Drama",29.0,5.0,2016.0
13,Game of Thrones,6,5,TV Series,9.7,77450,9.2,2258992,55.0,"Action ,Adventure ,Drama",22.0,5.0,2016.0
13,Game of Thrones,6,4,TV Series,9.0,40141,9.2,2258992,55.0,"Action ,Adventure ,Drama",15.0,5.0,2016.0
13,Game of Thrones,6,3,TV Series,8.6,37443,9.2,2258992,55.0,"Action ,Adventure ,Drama",8.0,5.0,2016.0
13,Game of Thrones,6,2,TV Series,9.3,50386,9.2,2258992,55.0,"Action ,Adventure ,Drama",1.0,5.0,2016.0
13,Game of Thrones,6,1,TV Series,8.4,43219,9.2,2258992,55.0,"Action ,Adventure ,Drama",24.0,4.0,2016.0
13,Game of Thrones,5,10,TV Series,9.1,46655,9.2,2258992,55.0,"Action ,Adventure ,Drama",14.0,6.0,2015.0
13,Game of Thrones,5,9,TV Series,9.4,47858,9.2,2258992,55.0,"Action ,Adventure ,Drama",7.0,6.0,2015.0
13,Game of Thrones,5,8,TV Series,9.8,107504,9.2,2258992,55.0,"Action ,Adventure ,Drama",31.0,5.0,2015.0
13,Game of Thrones,5,7,TV Series,8.8,32793,9.2,2258992,55.0,"Action ,Adventure ,Drama",24.0,5.0,2015.0
13,Game of Thrones,5,6,TV Series,7.9,33960,9.2,2258992,55.0,"Action ,Adventure ,Drama",17.0,5.0,2015.0
13,Game of Thrones,5,5,TV Series,8.5,30432,9.2,2258992,55.0,"Action ,Adventure ,Drama",10.0,5.0,2015.0
13,Game of Thrones,5,4,TV Series,8.5,30270,9.2,2258992,55.0,"Action ,Adventure ,Drama",3.0,5.0,2015.0
13,Game of Thrones,5,3,TV Series,8.4,29559,9.2,2258992,55.0,"Action ,Adventure ,Drama",26.0,4.0,2015.0
13,Game of Thrones,5,2,TV Series,8.3,30400,9.2,2258992,55.0,"Action ,Adventure ,Drama",19.0,4.0,2015.0
13,Game of Thrones,3,6,TV Series,8.7,31558,9.2,2258992,55.0,"Action ,Adventure ,Drama",5.0,5.0,2013.0
13,Game of Thrones,3,7,TV Series,8.6,30625,9.2,2258992,55.0,"Action ,Adventure ,Drama",12.0,5.0,2013.0
13,Game of Thrones,3,8,TV Series,8.9,31318,9.2,2258992,55.0,"Action ,Adventure ,Drama",19.0,5.0,2013.0
13,Game of Thrones,3,9,TV Series,9.9,116509,9.2,2258992,55.0,"Action ,Adventure ,Drama",2.0,6.0,2013.0
13,Game of Thrones,3,10,TV Series,9.1,35159,9.2,2258992,55.0,"Action ,Adventure ,Drama",9.0,6.0,2013.0
13,Game of Thrones,4,1,TV Series,9.0,38410,9.2,2258992,55.0,"Action ,Adventure ,Drama",6.0,4.0,2014.0
13,Game of Thrones,4,2,TV Series,9.7,60060,9.2,2258992,55.0,"Action ,Adventure ,Drama",13.0,4.0,2014.0
13,Game of Thrones,4,3,TV Series,8.7,33215,9.2,2258992,55.0,"Action ,Adventure ,Drama",20.0,4.0,2014.0
13,Game of Thrones,4,4,TV Series,8.7,32026,9.2,2258992,55.0,"Action ,Adventure ,Drama",27.0,4.0,2014.0
13,Game of Thrones,4,5,TV Series,8.6,31293,9.2,2258992,55.0,"Action ,Adventure ,Drama",4.0,5.0,2014.0
13,Game of Thrones,4,6,TV Series,9.7,58281,9.2,2258992,55.0,"Action ,Adventure ,Drama",11.0,5.0,2014.0
13,Game of Thrones,4,7,TV Series,9.0,34470,9.2,2258992,55.0,"Action ,Adventure ,Drama",18.0,5.0,2014.0
13,Game of Thrones,4,8,TV Series,9.7,59791,9.2,2258992,55.0,"Action ,Adventure ,Drama",1.0,6.0,2014.0
13,Game of Thrones,4,9,TV Series,9.6,52603,9.2,2258992,55.0,"Action ,Adventure ,Drama",8.0,6.0,2014.0
13,Game of Thrones,4,10,TV Series,9.6,51350,9.2,2258992,55.0,"Action ,Adventure ,Drama",15.0,6.0,2014.0
13,Game of Thrones,5,1,TV Series,8.3,33572,9.2,2258992,55.0,"Action ,Adventure ,Drama",12.0,4.0,2015.0
13,Game of Thrones,3,5,TV Series,8.9,32070,9.2,2258992,55.0,"Action ,Adventure ,Drama",28.0,4.0,2013.0
13,Game of Thrones,3,4,TV Series,9.5,41908,9.2,2258992,55.0,"Action ,Adventure ,Drama",21.0,4.0,2013.0
13,Game of Thrones,3,3,TV Series,8.7,31128,9.2,2258992,55.0,"Action ,Adventure ,Drama",14.0,4.0,2013.0
13,Game of Thrones,3,2,TV Series,8.5,30773,9.2,2258992,55.0,"Action ,Adventure ,Drama",7.0,4.0,2013.0
13,Game of Thrones,3,1,TV Series,8.6,33349,9.2,2258992,55.0,"Action ,Adventure ,Drama",31.0,3.0,2013.0
13,Game of Thrones,2,10,TV Series,9.3,38077,9.2,2258992,55.0,"Action ,Adventure ,Drama",3.0,6.0,2012.0
13,Game of Thrones,2,9,TV Series,9.7,54064,9.2,2258992,55.0,"Action ,Adventure ,Drama",27.0,5.0,2012.0
13,Game of Thrones,2,8,TV Series,8.6,31261,9.2,2258992,55.0,"Action ,Adventure ,Drama",20.0,5.0,2012.0
13,Game of Thrones,2,7,TV Series,8.8,31658,9.2,2258992,55.0,"Action ,Adventure ,Drama",13.0,5.0,2012.0
13,Game of Thrones,2,6,TV Series,8.9,32540,9.2,2258992,55.0,"Action ,Adventure ,Drama",6.0,5.0,2012.0
13,Game of Thrones,2,5,TV Series,8.6,31205,9.2,2258992,55.0,"Action ,Adventure ,Drama",29.0,4.0,2012.0
13,Game of Thrones,2,4,TV Series,8.6,31046,9.2,2258992,55.0,"Action ,Adventure ,Drama",22.0,4.0,2012.0
13,Game of Thrones,2,3,TV Series,8.7,31976,9.2,2258992,55.0,"Action ,Adventure ,Drama",15.0,4.0,2012.0
13,Game of Thrones,2,2,TV Series,8.4,32346,9.2,2258992,55.0,"Action ,Adventure ,Drama",8.0,4.0,2012.0
13,Game of Thrones,2,1,TV Series,8.6,34128,9.2,2258992,55.0,"Action ,Adventure ,Drama",1.0,4.0,2012.0
13,Game of Thrones,1,10,TV Series,9.4,43979,9.2,2258992,55.0,"Action ,Adventure ,Drama",19.0,6.0,2011.0
13,Game of Thrones,1,0,TV Series,9.1,55,9.2,2258992,55.0,"Action ,Adventure ,Drama",35.0,15.0,2011.0
13,Game of Thrones,1,1,TV Series,8.9,54006,9.2,2258992,55.0,"Action ,Adventure ,Drama",17.0,4.0,2011.0
13,Game of Thrones,1,7,TV Series,9.1,38267,9.2,2258992,55.0,"Action ,Adventure ,Drama",29.0,5.0,2011.0
13,Game of Thrones,1,6,TV Series,9.1,37771,9.2,2258992,55.0,"Action ,Adventure ,Drama",22.0,5.0,2011.0
13,Game of Thrones,1,5,TV Series,9.0,38232,9.2,2258992,55.0,"Action ,Adventure ,Drama",15.0,5.0,2011.0
13,Game of Thrones,1,4,TV Series,8.6,36749,9.2,2258992,55.0,"Action ,Adventure ,Drama",8.0,5.0,2011.0
14,The World at War,1,1,TV Series,8.7,684,9.2,28241,1336.0,"Documentary ,History ,War",14.0,9.0,1973.0
14,The World at War,1,2,TV Series,8.3,548,9.2,28241,1336.0,"Documentary ,History ,War",7.0,11.0,1973.0
14,The World at War,1,3,TV Series,8.7,512,9.2,28241,1336.0,"Documentary ,History ,War",14.0,11.0,1973.0
14,The World at War,1,4,TV Series,8.6,485,9.2,28241,1336.0,"Documentary ,History ,War",21.0,11.0,1973.0
14,The World at War,1,5,TV Series,8.9,499,9.2,28241,1336.0,"Documentary ,History ,War",28.0,11.0,1973.0
14,The World at War,1,6,TV Series,8.5,449,9.2,28241,1336.0,"Documentary ,History ,War",5.0,12.0,1973.0
14,The World at War,1,26,TV Series,8.6,341,9.2,28241,1336.0,"Documentary ,History ,War",8.0,5.0,1974.0
14,The World at War,1,25,TV Series,8.6,326,9.2,28241,1336.0,"Documentary ,History ,War",1.0,5.0,1974.0
14,The World at War,1,24,TV Series,8.9,347,9.2,28241,1336.0,"Documentary ,History ,War",24.0,4.0,1974.0
14,The World at War,1,23,TV Series,8.7,345,9.2,28241,1336.0,"Documentary ,History ,War",17.0,4.0,1974.0
14,The World at War,1,22,TV Series,8.5,341,9.2,28241,1336.0,"Documentary ,History ,War",10.0,4.0,1974.0
14,The World at War,1,21,TV Series,8.9,360,9.2,28241,1336.0,"Documentary ,History ,War",3.0,4.0,1974.0
14,The World at War,1,20,TV Series,9.2,438,9.2,28241,1336.0,"Documentary ,History ,War",27.0,3.0,1974.0
14,The World at War,1,19,TV Series,8.5,344,9.2,28241,1336.0,"Documentary ,History ,War",20.0,3.0,1974.0
14,The World at War,1,18,TV Series,8.6,348,9.2,28241,1336.0,"Documentary ,History ,War",13.0,3.0,1974.0
14,The World at War,1,17,TV Series,9.0,363,9.2,28241,1336.0,"Documentary ,History ,War",27.0,2.0,1974.0
14,The World at War,1,16,TV Series,8.9,376,9.2,28241,1336.0,"Documentary ,History ,War",20.0,2.0,1974.0
14,The World at War,1,15,TV Series,8.1,353,9.2,28241,1336.0,"Documentary ,History ,War",13.0,2.0,1974.0
14,The World at War,1,14,TV Series,8.5,361,9.2,28241,1336.0,"Documentary ,History ,War",6.0,2.0,1974.0
14,The World at War,1,13,TV Series,8.4,364,9.2,28241,1336.0,"Documentary ,History ,War",30.0,1.0,1974.0
14,The World at War,1,12,TV Series,8.4,386,9.2,28241,1336.0,"Documentary ,History ,War",23.0,1.0,1974.0
14,The World at War,1,11,TV Series,8.7,415,9.2,28241,1336.0,"Documentary ,History ,War",16.0,1.0,1974.0
14,The World at War,1,10,TV Series,8.3,395,9.2,28241,1336.0,"Documentary ,History ,War",9.0,1.0,1974.0
14,The World at War,1,9,TV Series,9.0,454,9.2,28241,1336.0,"Documentary ,History ,War",2.0,1.0,1974.0
14,The World at War,1,8,TV Series,8.5,409,9.2,28241,1336.0,"Documentary ,History ,War",19.0,12.0,1973.0
14,The World at War,1,7,TV Series,8.4,427,9.2,28241,1336.0,"Documentary ,History ,War",12.0,12.0,1973.0
15,Bluey,2,27,TV Series,9.1,456,9.4,24186,7.0,"Animation ,Family",25.0,10.0,2020.0
15,Bluey,2,28,TV Series,8.5,272,9.4,24186,7.0,"Animation ,Family",26.0,10.0,2020.0
15,Bluey,2,29,TV Series,8.0,278,9.4,24186,7.0,"Animation ,Family",27.0,10.0,2020.0
15,Bluey,2,30,TV Series,7.6,244,9.4,24186,7.0,"Animation ,Family",28.0,10.0,2020.0
15,Bluey,2,31,TV Series,8.1,273,9.4,24186,7.0,"Animation ,Family",29.0,10.0,2020.0
15,Bluey,2,32,TV Series,7.7,216,9.4,24186,7.0,"Animation ,Family",30.0,10.0,2020.0
15,Bluey,2,1,TV Series,9.0,487,9.4,24186,7.0,"Animation ,Family",17.0,3.0,2020.0
15,Bluey,2,2,TV Series,8.8,371,9.4,24186,7.0,"Animation ,Family",18.0,3.0,2020.0
15,Bluey,2,3,TV Series,8.2,291,9.4,24186,7.0,"Animation ,Family",19.0,3.0,2020.0
15,Bluey,2,4,TV Series,8.4,295,9.4,24186,7.0,"Animation ,Family",20.0,3.0,2020.0
15,Bluey,2,5,TV Series,7.8,256,9.4,24186,7.0,"Animation ,Family",21.0,3.0,2020.0
15,Bluey,2,6,TV Series,8.6,330,9.4,24186,7.0,"Animation ,Family",22.0,3.0,2020.0
15,Bluey,2,7,TV Series,8.0,256,9.4,24186,7.0,"Animation ,Family",23.0,3.0,2020.0
15,Bluey,2,8,TV Series,8.6,323,9.4,24186,7.0,"Animation ,Family",25.0,3.0,2020.0
15,Bluey,2,9,TV Series,9.2,546,9.4,24186,7.0,"Animation ,Family",25.0,3.0,2020.0
15,Bluey,2,10,TV Series,8.9,389,9.4,24186,7.0,"Animation ,Family",26.0,3.0,2020.0
15,Bluey,3,9,TV Series,8.9,345,9.4,24186,7.0,"Animation ,Family",29.0,11.0,2021.0
15,Bluey,3,10,TV Series,7.4,257,9.4,24186,7.0,"Animation ,Family",30.0,11.0,2021.0
15,Bluey,3,11,TV Series,8.4,274,9.4,24186,7.0,"Animation ,Family",1.0,12.0,2021.0
15,Bluey,3,12,TV Series,8.3,259,9.4,24186,7.0,"Animation ,Family",2.0,12.0,2021.0
15,Bluey,3,13,TV Series,8.1,253,9.4,24186,7.0,"Animation ,Family",3.0,12.0,2021.0
15,Bluey,3,14,TV Series,9.2,423,9.4,24186,7.0,"Animation ,Family",4.0,12.0,2021.0
15,Bluey,2,33,TV Series,7.2,243,9.4,24186,7.0,"Animation ,Family",31.0,10.0,2020.0
15,Bluey,2,34,TV Series,7.8,246,9.4,24186,7.0,"Animation ,Family",1.0,11.0,2020.0
15,Bluey,2,35,TV Series,9.0,329,9.4,24186,7.0,"Animation ,Family",2.0,11.0,2020.0
15,Bluey,2,36,TV Series,7.9,224,9.4,24186,7.0,"Animation ,Family",3.0,11.0,2020.0
15,Bluey,2,37,TV Series,8.9,326,9.4,24186,7.0,"Animation ,Family",4.0,11.0,2020.0
15,Bluey,2,38,TV Series,8.3,245,9.4,24186,7.0,"Animation ,Family",5.0,11.0,2020.0
15,Bluey,2,39,TV Series,8.9,365,9.4,24186,7.0,"Animation ,Family",6.0,11.0,2020.0
15,Bluey,2,40,TV Series,7.8,243,9.4,24186,7.0,"Animation ,Family",7.0,11.0,2020.0
15,Bluey,2,41,TV Series,8.3,261,9.4,24186,7.0,"Animation ,Family",8.0,11.0,2020.0
15,Bluey,2,42,TV Series,8.6,319,9.4,24186,7.0,"Animation ,Family",9.0,11.0,2020.0
15,Bluey,3,25,TV Series,8.5,240,9.4,24186,7.0,"Animation ,Family",15.0,12.0,2021.0
15,Bluey,3,26,TV Series,9.4,544,9.4,24186,7.0,"Animation ,Family",16.0,12.0,2021.0
15,Bluey,3,27,TV Series,7.9,241,9.4,24186,7.0,"Animation ,Family",13.0,6.0,2022.0
15,Bluey,3,28,TV Series,7.9,244,9.4,24186,7.0,"Animation ,Family",12.0,7.0,2023.0
15,Bluey,3,29,TV Series,8.5,265,9.4,24186,7.0,"Animation ,Family",15.0,6.0,2022.0
15,Bluey,3,30,TV Series,9.0,377,9.4,24186,7.0,"Animation ,Family",16.0,6.0,2022.0
15,Bluey,2,49,TV Series,7.5,226,9.4,24186,7.0,"Animation ,Family",16.0,11.0,2020.0
15,Bluey,2,50,TV Series,9.6,1768,9.4,24186,7.0,"Animation ,Family",17.0,11.0,2020.0
15,Bluey,3,1,TV Series,8.8,324,9.4,24186,7.0,"Animation ,Family",5.0,9.0,2021.0
15,Bluey,3,2,TV Series,9.0,375,9.4,24186,7.0,"Animation ,Family",22.0,11.0,2021.0
15,Bluey,3,3,TV Series,8.3,293,9.4,24186,7.0,"Animation ,Family",23.0,11.0,2021.0
15,Bluey,3,4,TV Series,8.4,264,9.4,24186,7.0,"Animation ,Family",24.0,11.0,2021.0
15,Bluey,3,5,TV Series,8.4,290,9.4,24186,7.0,"Animation ,Family",25.0,11.0,2021.0
15,Bluey,3,6,TV Series,8.4,289,9.4,24186,7.0,"Animation ,Family",26.0,11.0,2021.0
15,Bluey,3,7,TV Series,8.9,363,9.4,24186,7.0,"Animation ,Family",27.0,11.0,2021.0
15,Bluey,3,8,TV Series,8.6,356,9.4,24186,7.0,"Animation ,Family",28.0,11.0,2021.0
15,Bluey,3,41,TV Series,9.1,262,9.4,24186,7.0,"Animation ,Family",12.0,1.0,2024.0
15,Bluey,3,42,TV Series,8.1,173,9.4,24186,7.0,"Animation ,Family",12.0,1.0,2024.0
15,Bluey,3,43,TV Series,9.5,392,9.4,24186,7.0,"Animation ,Family",12.0,1.0,2024.0
15,Bluey,3,44,TV Series,7.1,202,9.4,24186,7.0,"Animation ,Family",12.0,1.0,2024.0
15,Bluey,3,45,TV Series,8.6,213,9.4,24186,7.0,"Animation ,Family",12.0,1.0,2024.0
15,Bluey,3,46,TV Series,8.7,194,9.4,24186,7.0,"Animation ,Family",12.0,1.0,2024.0
15,Bluey,3,15,TV Series,8.4,240,9.4,24186,7.0,"Animation ,Family",5.0,12.0,2021.0
15,Bluey,3,16,TV Series,8.0,233,9.4,24186,7.0,"Animation ,Family",6.0,12.0,2021.0
15,Bluey,3,17,TV Series,8.6,283,9.4,24186,7.0,"Animation ,Family",7.0,12.0,2021.0
15,Bluey,3,18,TV Series,9.5,708,9.4,24186,7.0,"Animation ,Family",8.0,12.0,2021.0
15,Bluey,3,19,TV Series,8.1,238,9.4,24186,7.0,"Animation ,Family",9.0,12.0,2021.0
15,Bluey,3,20,TV Series,7.7,212,9.4,24186,7.0,"Animation ,Family",10.0,12.0,2021.0
15,Bluey,3,21,TV Series,7.2,256,9.4,24186,7.0,"Animation ,Family",11.0,12.0,2021.0
15,Bluey,3,22,TV Series,8.4,257,9.4,24186,7.0,"Animation ,Family",12.0,12.0,2021.0
15,Bluey,3,23,TV Series,8.0,246,9.4,24186,7.0,"Animation ,Family",13.0,12.0,2021.0
15,Bluey,3,24,TV Series,9.0,395,9.4,24186,7.0,"Animation ,Family",14.0,12.0,2021.0
15,Bluey,Unknown,Unknown,TV Series,7.7,88,9.4,24186,7.0,"Animation ,Family",25.0,3.0,2021.0
15,Bluey,Unknown,Unknown,TV Series,8.0,78,9.4,24186,7.0,"Animation ,Family",8.0,4.0,2021.0
15,Bluey,Unknown,Unknown,TV Series,7.6,85,9.4,24186,7.0,"Animation ,Family",21.0,4.0,2021.0
15,Bluey,Unknown,Unknown,TV Series,7.6,76,9.4,24186,7.0,"Animation ,Family",20.0,5.0,2021.0
15,Bluey,Unknown,Unknown,TV Series,8.2,78,9.4,24186,7.0,"Animation ,Family",1.0,6.0,2021.0
15,Bluey,Unknown,Unknown,TV Series,8.2,77,9.4,24186,7.0,"Animation ,Family",10.0,6.0,2021.0
15,Bluey,3,31,TV Series,9.5,623,9.4,24186,7.0,"Animation ,Family",12.0,7.0,2023.0
15,Bluey,3,32,TV Series,8.9,325,9.4,24186,7.0,"Animation ,Family",18.0,6.0,2022.0
15,Bluey,3,33,TV Series,9.2,402,9.4,24186,7.0,"Animation ,Family",12.0,7.0,2023.0
15,Bluey,3,34,TV Series,8.7,309,9.4,24186,7.0,"Animation ,Family",20.0,6.0,2022.0
15,Bluey,3,35,TV Series,8.3,243,9.4,24186,7.0,"Animation ,Family",21.0,6.0,2022.0
15,Bluey,3,36,TV Series,8.1,267,9.4,24186,7.0,"Animation ,Family",22.0,6.0,2022.0
15,Bluey,3,37,TV Series,8.6,305,9.4,24186,7.0,"Animation ,Family",23.0,6.0,2022.0
15,Bluey,3,38,TV Series,8.2,189,9.4,24186,7.0,"Animation ,Family",12.0,7.0,2023.0
15,Bluey,3,39,TV Series,8.0,200,9.4,24186,7.0,"Animation ,Family",12.0,1.0,2024.0
15,Bluey,3,40,TV Series,8.9,217,9.4,24186,7.0,"Animation ,Family",12.0,1.0,2024.0
15,Bluey,3,47,TV Series,9.7,985,9.4,24186,7.0,"Animation ,Family",12.0,1.0,2024.0
15,Bluey,3,50,TV Series,7.7,0,9.4,24186,7.0,"Animation ,Family",35.0,15.0,2024.0
15,Bluey,Unknown,Unknown,TV Series,7.2,78,9.4,24186,7.0,"Animation ,Family",12.0,3.0,2021.0
15,Bluey,Unknown,Unknown,TV Series,7.8,77,9.4,24186,7.0,"Animation ,Family",5.0,3.0,2021.0
15,Bluey,Unknown,Unknown,TV Series,7.7,83,9.4,24186,7.0,"Animation ,Family",11.0,1.0,2021.0
15,Bluey,Unknown,Unknown,TV Series,7.6,83,9.4,24186,7.0,"Animation ,Family",10.0,12.0,2020.0
15,Bluey,Unknown,Unknown,TV Series,8.0,78,9.4,24186,7.0,"Animation ,Family",21.0,12.0,2019.0
15,Bluey,Unknown,Unknown,TV Series,7.9,76,9.4,24186,7.0,"Animation ,Family",17.0,12.0,2019.0
15,Bluey,Unknown,Unknown,TV Series,7.9,80,9.4,24186,7.0,"Animation ,Family",17.0,3.0,2021.0
15,Bluey,Unknown,Unknown,TV Series,8.1,67,9.4,24186,7.0,"Animation ,Family",24.0,3.0,2021.0
15,Bluey,Unknown,Unknown,TV Series,7.6,97,9.4,24186,7.0,"Animation ,Family",31.0,5.0,2022.0
15,Bluey,Unknown,Unknown,TV Series,9.1,103,9.4,24186,7.0,"Animation ,Family",12.0,5.0,2023.0
15,Bluey,Unknown,Unknown,TV Series,8.1,84,9.4,24186,7.0,"Animation ,Family",24.0,9.0,2021.0
15,Bluey,Unknown,Unknown,TV Series,7.8,83,9.4,24186,7.0,"Animation ,Family",1.0,4.0,2022.0
15,Bluey,Unknown,Unknown,TV Series,7.4,87,9.4,24186,7.0,"Animation ,Family",2.0,7.0,2021.0
15,Bluey,Unknown,Unknown,TV Series,8.5,82,9.4,24186,7.0,"Animation ,Family",18.0,6.0,2021.0
15,Bluey,2,47,TV Series,8.0,249,9.4,24186,7.0,"Animation ,Family",14.0,11.0,2020.0
15,Bluey,2,48,TV Series,7.8,231,9.4,24186,7.0,"Animation ,Family",15.0,11.0,2020.0
15,Bluey,2,17,TV Series,8.4,260,9.4,24186,7.0,"Animation ,Family",2.0,4.0,2020.0
15,Bluey,2,18,TV Series,7.9,232,9.4,24186,7.0,"Animation ,Family",3.0,4.0,2020.0
15,Bluey,2,19,TV Series,9.1,392,9.4,24186,7.0,"Animation ,Family",4.0,4.0,2020.0
15,Bluey,2,20,TV Series,7.5,235,9.4,24186,7.0,"Animation ,Family",5.0,4.0,2020.0
15,Bluey,2,21,TV Series,8.9,345,9.4,24186,7.0,"Animation ,Family",6.0,4.0,2020.0
15,Bluey,2,22,TV Series,8.4,270,9.4,24186,7.0,"Animation ,Family",7.0,4.0,2020.0
15,Bluey,2,23,TV Series,7.5,228,9.4,24186,7.0,"Animation ,Family",8.0,4.0,2020.0
15,Bluey,2,24,TV Series,9.2,525,9.4,24186,7.0,"Animation ,Family",9.0,4.0,2020.0
15,Bluey,1,45,TV Series,7.8,262,9.4,24186,7.0,"Animation ,Family",19.0,4.0,2019.0
15,Bluey,1,46,TV Series,7.4,255,9.4,24186,7.0,"Animation ,Family",20.0,4.0,2019.0
15,Bluey,1,49,TV Series,8.1,278,9.4,24186,7.0,"Animation ,Family",23.0,4.0,2019.0
15,Bluey,1,50,TV Series,7.7,255,9.4,24186,7.0,"Animation ,Family",24.0,4.0,2019.0
15,Bluey,1,47,TV Series,7.8,243,9.4,24186,7.0,"Animation ,Family",21.0,4.0,2019.0
15,Bluey,1,48,TV Series,8.2,274,9.4,24186,7.0,"Animation ,Family",22.0,1.0,2020.0
15,Bluey,1,41,TV Series,7.5,262,9.4,24186,7.0,"Animation ,Family",15.0,4.0,2019.0
15,Bluey,1,42,TV Series,7.7,246,9.4,24186,7.0,"Animation ,Family",16.0,4.0,2019.0
15,Bluey,1,39,TV Series,8.5,342,9.4,24186,7.0,"Animation ,Family",13.0,4.0,2019.0
15,Bluey,1,40,TV Series,7.8,287,9.4,24186,7.0,"Animation ,Family",14.0,4.0,2019.0
15,Bluey,1,43,TV Series,9.6,1035,9.4,24186,7.0,"Animation ,Family",17.0,4.0,2019.0
15,Bluey,1,44,TV Series,8.1,264,9.4,24186,7.0,"Animation ,Family",18.0,4.0,2019.0
15,Bluey,1,38,TV Series,8.7,347,9.4,24186,7.0,"Animation ,Family",12.0,4.0,2019.0
15,Bluey,1,37,TV Series,7.6,257,9.4,24186,7.0,"Animation ,Family",11.0,4.0,2019.0
15,Bluey,1,36,TV Series,7.8,269,9.4,24186,7.0,"Animation ,Family",10.0,4.0,2019.0
15,Bluey,1,35,TV Series,7.8,271,9.4,24186,7.0,"Animation ,Family",9.0,4.0,2019.0
15,Bluey,1,34,TV Series,8.3,305,9.4,24186,7.0,"Animation ,Family",8.0,4.0,2019.0
15,Bluey,1,33,TV Series,7.9,279,9.4,24186,7.0,"Animation ,Family",7.0,4.0,2019.0
15,Bluey,1,32,TV Series,9.2,473,9.4,24186,7.0,"Animation ,Family",6.0,4.0,2019.0
15,Bluey,1,31,TV Series,7.7,278,9.4,24186,7.0,"Animation ,Family",5.0,4.0,2019.0
15,Bluey,1,30,TV Series,7.9,319,9.4,24186,7.0,"Animation ,Family",4.0,4.0,2019.0
15,Bluey,1,29,TV Series,9.0,450,9.4,24186,7.0,"Animation ,Family",3.0,4.0,2019.0
15,Bluey,2,15,TV Series,7.7,234,9.4,24186,7.0,"Animation ,Family",31.0,3.0,2020.0
15,Bluey,2,16,TV Series,8.6,384,9.4,24186,7.0,"Animation ,Family",1.0,4.0,2020.0
15,Bluey,2,25,TV Series,7.6,229,9.4,24186,7.0,"Animation ,Family",10.0,4.0,2020.0
15,Bluey,2,26,TV Series,9.8,8323,9.4,24186,7.0,"Animation ,Family",11.0,4.0,2020.0
15,Bluey,2,11,TV Series,7.7,252,9.4,24186,7.0,"Animation ,Family",27.0,3.0,2020.0
15,Bluey,2,12,TV Series,8.2,291,9.4,24186,7.0,"Animation ,Family",28.0,3.0,2020.0
15,Bluey,2,13,TV Series,8.8,298,9.4,24186,7.0,"Animation ,Family",29.0,3.0,2020.0
15,Bluey,2,14,TV Series,7.9,241,9.4,24186,7.0,"Animation ,Family",30.0,3.0,2020.0
15,Bluey,1,8,TV Series,8.0,443,9.4,24186,7.0,"Animation ,Family",8.0,10.0,2018.0
15,Bluey,1,7,TV Series,8.3,456,9.4,24186,7.0,"Animation ,Family",7.0,10.0,2018.0
15,Bluey,1,6,TV Series,8.0,440,9.4,24186,7.0,"Animation ,Family",6.0,10.0,2018.0
15,Bluey,1,5,TV Series,8.3,487,9.4,24186,7.0,"Animation ,Family",5.0,10.0,2018.0
15,Bluey,1,4,TV Series,7.9,452,9.4,24186,7.0,"Animation ,Family",4.0,10.0,2018.0
15,Bluey,1,3,TV Series,8.2,507,9.4,24186,7.0,"Animation ,Family",3.0,10.0,2018.0
15,Bluey,1,2,TV Series,7.9,521,9.4,24186,7.0,"Animation ,Family",2.0,10.0,2018.0
15,Bluey,1,1,TV Series,7.8,611,9.4,24186,7.0,"Animation ,Family",30.0,9.0,2018.0
15,Bluey,1,28,TV Series,8.6,459,9.4,24186,7.0,"Animation ,Family",2.0,4.0,2019.0
15,Bluey,1,27,TV Series,8.1,303,9.4,24186,7.0,"Animation ,Family",1.0,4.0,2019.0
15,Bluey,1,26,TV Series,8.7,405,9.4,24186,7.0,"Animation ,Family",26.0,10.0,2018.0
15,Bluey,1,25,TV Series,8.3,328,9.4,24186,7.0,"Animation ,Family",25.0,10.0,2018.0
15,Bluey,1,24,TV Series,8.4,319,9.4,24186,7.0,"Animation ,Family",24.0,10.0,2018.0
15,Bluey,1,23,TV Series,7.3,304,9.4,24186,7.0,"Animation ,Family",23.0,10.0,2018.0
15,Bluey,1,22,TV Series,8.6,406,9.4,24186,7.0,"Animation ,Family",22.0,10.0,2018.0
15,Bluey,1,21,TV Series,7.5,329,9.4,24186,7.0,"Animation ,Family",21.0,10.0,2018.0
15,Bluey,1,20,TV Series,7.8,325,9.4,24186,7.0,"Animation ,Family",20.0,10.0,2018.0
15,Bluey,1,19,TV Series,8.5,358,9.4,24186,7.0,"Animation ,Family",19.0,10.0,2018.0
15,Bluey,1,18,TV Series,7.9,312,9.4,24186,7.0,"Animation ,Family",18.0,10.0,2018.0
15,Bluey,1,17,TV Series,7.7,369,9.4,24186,7.0,"Animation ,Family",17.0,10.0,2018.0
15,Bluey,1,16,TV Series,8.2,350,9.4,24186,7.0,"Animation ,Family",16.0,10.0,2018.0
15,Bluey,1,15,TV Series,7.9,358,9.4,24186,7.0,"Animation ,Family",15.0,10.0,2018.0
15,Bluey,1,14,TV Series,8.8,527,9.4,24186,7.0,"Animation ,Family",14.0,10.0,2018.0
15,Bluey,1,13,TV Series,7.4,343,9.4,24186,7.0,"Animation ,Family",13.0,10.0,2018.0
15,Bluey,2,46,TV Series,8.2,237,9.4,24186,7.0,"Animation ,Family",13.0,11.0,2020.0
15,Bluey,2,45,TV Series,8.8,302,9.4,24186,7.0,"Animation ,Family",12.0,11.0,2020.0
15,Bluey,2,44,TV Series,8.8,311,9.4,24186,7.0,"Animation ,Family",11.0,11.0,2020.0
15,Bluey,2,43,TV Series,8.4,264,9.4,24186,7.0,"Animation ,Family",10.0,11.0,2020.0
15,Bluey,1,12,TV Series,8.2,378,9.4,24186,7.0,"Animation ,Family",12.0,10.0,2018.0
15,Bluey,1,11,TV Series,9.1,547,9.4,24186,7.0,"Animation ,Family",11.0,10.0,2018.0
15,Bluey,1,10,TV Series,7.7,363,9.4,24186,7.0,"Animation ,Family",10.0,10.0,2018.0
15,Bluey,1,9,TV Series,7.5,374,9.4,24186,7.0,"Animation ,Family",9.0,10.0,2018.0
16,Rick and Morty,2,1,TV Series,8.8,15449,9.1,593634,23.0,"Animation ,Adventure ,Comedy",26.0,7.0,2015.0
16,Rick and Morty,1,11,TV Series,8.4,13835,9.1,593634,23.0,"Animation ,Adventure ,Comedy",14.0,4.0,2014.0
16,Rick and Morty,5,1,TV Series,9.0,15134,9.1,593634,23.0,"Animation ,Adventure ,Comedy",20.0,6.0,2021.0
16,Rick and Morty,4,10,TV Series,9.0,11796,9.1,593634,23.0,"Animation ,Adventure ,Comedy",31.0,5.0,2020.0
16,Rick and Morty,4,9,TV Series,7.7,10113,9.1,593634,23.0,"Animation ,Adventure ,Comedy",24.0,5.0,2020.0
16,Rick and Morty,4,8,TV Series,9.5,16270,9.1,593634,23.0,"Animation ,Adventure ,Comedy",17.0,5.0,2020.0
16,Rick and Morty,4,7,TV Series,8.0,10521,9.1,593634,23.0,"Animation ,Adventure ,Comedy",10.0,5.0,2020.0
16,Rick and Morty,4,6,TV Series,8.0,12421,9.1,593634,23.0,"Animation ,Adventure ,Comedy",3.0,5.0,2020.0
16,Rick and Morty,1,4,TV Series,8.7,15634,9.1,593634,23.0,"Animation ,Adventure ,Comedy",13.0,1.0,2014.0
16,Rick and Morty,1,3,TV Series,8.3,15507,9.1,593634,23.0,"Animation ,Adventure ,Comedy",16.0,12.0,2013.0
16,Rick and Morty,1,2,TV Series,8.7,16986,9.1,593634,23.0,"Animation ,Adventure ,Comedy",9.0,12.0,2013.0
16,Rick and Morty,1,1,TV Series,7.9,17081,9.1,593634,23.0,"Animation ,Adventure ,Comedy",2.0,12.0,2013.0
16,Rick and Morty,3,3,TV Series,9.3,21757,9.1,593634,23.0,"Animation ,Adventure ,Comedy",6.0,8.0,2017.0
16,Rick and Morty,3,2,TV Series,8.1,14298,9.1,593634,23.0,"Animation ,Adventure ,Comedy",30.0,7.0,2017.0
16,Rick and Morty,3,5,TV Series,8.4,13361,9.1,593634,23.0,"Animation ,Adventure ,Comedy",20.0,8.0,2017.0
16,Rick and Morty,3,4,TV Series,8.1,14040,9.1,593634,23.0,"Animation ,Adventure ,Comedy",13.0,8.0,2017.0
16,Rick and Morty,3,1,TV Series,9.6,24162,9.1,593634,23.0,"Animation ,Adventure ,Comedy",1.0,4.0,2017.0
16,Rick and Morty,2,10,TV Series,9.3,16783,9.1,593634,23.0,"Animation ,Adventure ,Comedy",4.0,10.0,2015.0
16,Rick and Morty,1,9,TV Series,8.4,14222,9.1,593634,23.0,"Animation ,Adventure ,Comedy",24.0,3.0,2014.0
16,Rick and Morty,1,10,TV Series,9.3,17843,9.1,593634,23.0,"Animation ,Adventure ,Comedy",7.0,4.0,2014.0
16,Rick and Morty,1,6,TV Series,9.0,17140,9.1,593634,23.0,"Animation ,Adventure ,Comedy",27.0,1.0,2014.0
16,Rick and Morty,1,5,TV Series,9.0,17329,9.1,593634,23.0,"Animation ,Adventure ,Comedy",20.0,1.0,2014.0
16,Rick and Morty,1,7,TV Series,7.9,14379,9.1,593634,23.0,"Animation ,Adventure ,Comedy",10.0,3.0,2014.0
16,Rick and Morty,1,8,TV Series,8.7,15777,9.1,593634,23.0,"Animation ,Adventure ,Comedy",17.0,3.0,2014.0
16,Rick and Morty,2,9,TV Series,8.5,13789,9.1,593634,23.0,"Animation ,Adventure ,Comedy",27.0,9.0,2015.0
16,Rick and Morty,2,8,TV Series,7.6,13801,9.1,593634,23.0,"Animation ,Adventure ,Comedy",20.0,9.0,2015.0
16,Rick and Morty,2,7,TV Series,8.4,13286,9.1,593634,23.0,"Animation ,Adventure ,Comedy",13.0,9.0,2015.0
16,Rick and Morty,2,6,TV Series,9.3,16975,9.1,593634,23.0,"Animation ,Adventure ,Comedy",30.0,8.0,2015.0
16,Rick and Morty,2,5,TV Series,8.2,14262,9.1,593634,23.0,"Animation ,Adventure ,Comedy",23.0,8.0,2015.0
16,Rick and Morty,2,4,TV Series,9.5,20568,9.1,593634,23.0,"Animation ,Adventure ,Comedy",16.0,8.0,2015.0
16,Rick and Morty,2,3,TV Series,8.5,14286,9.1,593634,23.0,"Animation ,Adventure ,Comedy",9.0,8.0,2015.0
16,Rick and Morty,2,2,TV Series,8.8,14570,9.1,593634,23.0,"Animation ,Adventure ,Comedy",2.0,8.0,2015.0
16,Rick and Morty,7,6,TV Series,7.9,4957,9.1,593634,23.0,"Animation ,Adventure ,Comedy",19.0,11.0,2023.0
16,Rick and Morty,7,7,TV Series,6.5,4720,9.1,593634,23.0,"Animation ,Adventure ,Comedy",26.0,11.0,2023.0
16,Rick and Morty,7,2,TV Series,7.3,6261,9.1,593634,23.0,"Animation ,Adventure ,Comedy",22.0,10.0,2023.0
16,Rick and Morty,7,3,TV Series,6.8,5564,9.1,593634,23.0,"Animation ,Adventure ,Comedy",29.0,10.0,2023.0
16,Rick and Morty,7,4,TV Series,8.3,6822,9.1,593634,23.0,"Animation ,Adventure ,Comedy",5.0,11.0,2023.0
16,Rick and Morty,7,5,TV Series,9.2,8752,9.1,593634,23.0,"Animation ,Adventure ,Comedy",12.0,11.0,2023.0
16,Rick and Morty,6,8,TV Series,8.4,5981,9.1,593634,23.0,"Animation ,Adventure ,Comedy",27.0,11.0,2022.0
16,Rick and Morty,6,9,TV Series,7.5,5240,9.1,593634,23.0,"Animation ,Adventure ,Comedy",4.0,12.0,2022.0
16,Rick and Morty,6,10,TV Series,8.0,5142,9.1,593634,23.0,"Animation ,Adventure ,Comedy",11.0,12.0,2022.0
16,Rick and Morty,7,1,TV Series,6.1,7745,9.1,593634,23.0,"Animation ,Adventure ,Comedy",15.0,10.0,2023.0
16,Rick and Morty,7,10,TV Series,9.4,6669,9.1,593634,23.0,"Animation ,Adventure ,Comedy",17.0,12.0,2023.0
16,Rick and Morty,8,1,TV Series,7.3,0,9.1,593634,23.0,"Animation ,Adventure ,Comedy",35.0,15.0,2025.0
16,Rick and Morty,9,1,TV Series,7.3,0,9.1,593634,23.0,"Animation ,Adventure ,Comedy",35.0,15.0,2050.0
16,Rick and Morty,10,1,TV Series,7.3,0,9.1,593634,23.0,"Animation ,Adventure ,Comedy",35.0,15.0,2050.0
16,Rick and Morty,5,2,TV Series,8.7,13321,9.1,593634,23.0,"Animation ,Adventure ,Comedy",27.0,6.0,2021.0
16,Rick and Morty,5,3,TV Series,7.8,12411,9.1,593634,23.0,"Animation ,Adventure ,Comedy",4.0,7.0,2021.0
16,Rick and Morty,5,4,TV Series,5.7,14231,9.1,593634,23.0,"Animation ,Adventure ,Comedy",11.0,7.0,2021.0
16,Rick and Morty,5,5,TV Series,7.0,10096,9.1,593634,23.0,"Animation ,Adventure ,Comedy",18.0,7.0,2021.0
16,Rick and Morty,5,6,TV Series,7.1,9984,9.1,593634,23.0,"Animation ,Adventure ,Comedy",25.0,7.0,2021.0
16,Rick and Morty,5,7,TV Series,6.4,9791,9.1,593634,23.0,"Animation ,Adventure ,Comedy",1.0,8.0,2021.0
16,Rick and Morty,5,8,TV Series,8.2,9871,9.1,593634,23.0,"Animation ,Adventure ,Comedy",8.0,8.0,2021.0
16,Rick and Morty,5,9,TV Series,8.3,8644,9.1,593634,23.0,"Animation ,Adventure ,Comedy",5.0,9.0,2021.0
16,Rick and Morty,5,10,TV Series,9.3,13476,9.1,593634,23.0,"Animation ,Adventure ,Comedy",5.0,9.0,2021.0
16,Rick and Morty,6,1,TV Series,8.5,9567,9.1,593634,23.0,"Animation ,Adventure ,Comedy",4.0,9.0,2022.0
16,Rick and Morty,3,7,TV Series,9.8,35840,9.1,593634,23.0,"Animation ,Adventure ,Comedy",10.0,9.0,2017.0
16,Rick and Morty,3,6,TV Series,8.8,14511,9.1,593634,23.0,"Animation ,Adventure ,Comedy",27.0,8.0,2017.0
16,Rick and Morty,6,7,TV Series,7.9,6420,9.1,593634,23.0,"Animation ,Adventure ,Comedy",20.0,11.0,2022.0
16,Rick and Morty,6,6,TV Series,7.9,6636,9.1,593634,23.0,"Animation ,Adventure ,Comedy",9.0,10.0,2022.0
16,Rick and Morty,6,5,TV Series,8.2,7202,9.1,593634,23.0,"Animation ,Adventure ,Comedy",2.0,10.0,2022.0
16,Rick and Morty,6,4,TV Series,8.5,8189,9.1,593634,23.0,"Animation ,Adventure ,Comedy",25.0,9.0,2022.0
16,Rick and Morty,3,9,TV Series,7.9,12162,9.1,593634,23.0,"Animation ,Adventure ,Comedy",24.0,9.0,2017.0
16,Rick and Morty,3,8,TV Series,8.9,14103,9.1,593634,23.0,"Animation ,Adventure ,Comedy",17.0,9.0,2017.0
16,Rick and Morty,6,3,TV Series,7.7,8152,9.1,593634,23.0,"Animation ,Adventure ,Comedy",18.0,9.0,2022.0
16,Rick and Morty,6,2,TV Series,7.8,7864,9.1,593634,23.0,"Animation ,Adventure ,Comedy",11.0,9.0,2022.0
16,Rick and Morty,3,10,TV Series,8.2,12389,9.1,593634,23.0,"Animation ,Adventure ,Comedy",1.0,10.0,2017.0
16,Rick and Morty,4,1,TV Series,8.9,15737,9.1,593634,23.0,"Animation ,Adventure ,Comedy",10.0,11.0,2019.0
16,Rick and Morty,4,2,TV Series,8.2,13868,9.1,593634,23.0,"Animation ,Adventure ,Comedy",17.0,11.0,2019.0
16,Rick and Morty,4,3,TV Series,8.3,13438,9.1,593634,23.0,"Animation ,Adventure ,Comedy",24.0,11.0,2019.0
16,Rick and Morty,4,4,TV Series,7.3,13550,9.1,593634,23.0,"Animation ,Adventure ,Comedy",8.0,12.0,2019.0
16,Rick and Morty,4,5,TV Series,8.8,13091,9.1,593634,23.0,"Animation ,Adventure ,Comedy",15.0,12.0,2019.0
16,Rick and Morty,7,8,TV Series,4.5,6763,9.1,593634,23.0,"Animation ,Adventure ,Comedy",3.0,12.0,2023.0
16,Rick and Morty,7,9,TV Series,8.0,4402,9.1,593634,23.0,"Animation ,Adventure ,Comedy",10.0,12.0,2023.0
17,Fullmetal Alchemist: Brotherhood,1,28,TV Series,8.5,1789,9.1,194252,24.0,"Animation ,Action ,Adventure",18.0,10.0,2009.0
17,Fullmetal Alchemist: Brotherhood,1,43,TV Series,8.6,1731,9.1,194252,24.0,"Animation ,Action ,Adventure",7.0,2.0,2010.0
17,Fullmetal Alchemist: Brotherhood,1,44,TV Series,8.2,1652,9.1,194252,24.0,"Animation ,Action ,Adventure",14.0,2.0,2010.0
17,Fullmetal Alchemist: Brotherhood,1,45,TV Series,8.0,1658,9.1,194252,24.0,"Animation ,Action ,Adventure",21.0,2.0,2010.0
17,Fullmetal Alchemist: Brotherhood,1,42,TV Series,8.1,1642,9.1,194252,24.0,"Animation ,Action ,Adventure",31.0,1.0,2010.0
17,Fullmetal Alchemist: Brotherhood,1,39,TV Series,7.9,1639,9.1,194252,24.0,"Animation ,Action ,Adventure",10.0,1.0,2010.0
17,Fullmetal Alchemist: Brotherhood,1,40,TV Series,9.1,2328,9.1,194252,24.0,"Animation ,Action ,Adventure",17.0,1.0,2010.0
17,Fullmetal Alchemist: Brotherhood,1,41,TV Series,8.4,1732,9.1,194252,24.0,"Animation ,Action ,Adventure",24.0,1.0,2010.0
17,Fullmetal Alchemist: Brotherhood,1,37,TV Series,8.2,1682,9.1,194252,24.0,"Animation ,Action ,Adventure",20.0,12.0,2009.0
17,Fullmetal Alchemist: Brotherhood,1,36,TV Series,8.3,1683,9.1,194252,24.0,"Animation ,Action ,Adventure",13.0,12.0,2009.0
17,Fullmetal Alchemist: Brotherhood,1,26,TV Series,9.0,2387,9.1,194252,24.0,"Animation ,Action ,Adventure",4.0,10.0,2009.0
17,Fullmetal Alchemist: Brotherhood,1,27,TV Series,6.5,1854,9.1,194252,24.0,"Animation ,Action ,Adventure",11.0,10.0,2009.0
17,Fullmetal Alchemist: Brotherhood,1,24,TV Series,8.5,1843,9.1,194252,24.0,"Animation ,Action ,Adventure",20.0,9.0,2009.0
17,Fullmetal Alchemist: Brotherhood,1,23,TV Series,8.6,1859,9.1,194252,24.0,"Animation ,Action ,Adventure",13.0,9.0,2009.0
17,Fullmetal Alchemist: Brotherhood,1,22,TV Series,8.9,2119,9.1,194252,24.0,"Animation ,Action ,Adventure",6.0,9.0,2009.0
17,Fullmetal Alchemist: Brotherhood,1,25,TV Series,8.1,1755,9.1,194252,24.0,"Animation ,Action ,Adventure",27.0,9.0,2009.0
17,Fullmetal Alchemist: Brotherhood,1,4,TV Series,9.1,3649,9.1,194252,24.0,"Animation ,Action ,Adventure",26.0,4.0,2009.0
17,Fullmetal Alchemist: Brotherhood,1,1,TV Series,7.6,2834,9.1,194252,24.0,"Animation ,Action ,Adventure",9.0,4.0,2009.0
17,Fullmetal Alchemist: Brotherhood,1,2,TV Series,8.4,2679,9.1,194252,24.0,"Animation ,Action ,Adventure",12.0,4.0,2009.0
17,Fullmetal Alchemist: Brotherhood,1,3,TV Series,7.7,2386,9.1,194252,24.0,"Animation ,Action ,Adventure",19.0,4.0,2009.0
17,Fullmetal Alchemist: Brotherhood,1,6,TV Series,7.6,2119,9.1,194252,24.0,"Animation ,Action ,Adventure",10.0,5.0,2009.0
17,Fullmetal Alchemist: Brotherhood,1,5,TV Series,8.2,2226,9.1,194252,24.0,"Animation ,Action ,Adventure",3.0,5.0,2009.0
17,Fullmetal Alchemist: Brotherhood,1,7,TV Series,7.6,2066,9.1,194252,24.0,"Animation ,Action ,Adventure",17.0,5.0,2009.0
17,Fullmetal Alchemist: Brotherhood,1,8,TV Series,8.0,2038,9.1,194252,24.0,"Animation ,Action ,Adventure",24.0,5.0,2009.0
17,Fullmetal Alchemist: Brotherhood,1,15,TV Series,7.5,1871,9.1,194252,24.0,"Animation ,Action ,Adventure",12.0,7.0,2009.0
17,Fullmetal Alchemist: Brotherhood,1,14,TV Series,8.9,2258,9.1,194252,24.0,"Animation ,Action ,Adventure",5.0,7.0,2009.0
17,Fullmetal Alchemist: Brotherhood,1,13,TV Series,8.1,1933,9.1,194252,24.0,"Animation ,Action ,Adventure",35.0,5.0,2010.0
17,Fullmetal Alchemist: Brotherhood,1,12,TV Series,8.2,2020,9.1,194252,24.0,"Animation ,Action ,Adventure",21.0,6.0,2009.0
17,Fullmetal Alchemist: Brotherhood,1,11,TV Series,7.2,1983,9.1,194252,24.0,"Animation ,Action ,Adventure",14.0,6.0,2009.0
17,Fullmetal Alchemist: Brotherhood,1,10,TV Series,8.9,2504,9.1,194252,24.0,"Animation ,Action ,Adventure",7.0,6.0,2009.0
17,Fullmetal Alchemist: Brotherhood,1,9,TV Series,7.9,2053,9.1,194252,24.0,"Animation ,Action ,Adventure",31.0,5.0,2009.0
17,Fullmetal Alchemist: Brotherhood,1,16,TV Series,7.9,1835,9.1,194252,24.0,"Animation ,Action ,Adventure",19.0,7.0,2009.0
17,Fullmetal Alchemist: Brotherhood,1,17,TV Series,8.2,1846,9.1,194252,24.0,"Animation ,Action ,Adventure",26.0,7.0,2009.0
17,Fullmetal Alchemist: Brotherhood,1,48,TV Series,8.7,1708,9.1,194252,24.0,"Animation ,Action ,Adventure",14.0,3.0,2010.0
17,Fullmetal Alchemist: Brotherhood,1,47,TV Series,8.6,1697,9.1,194252,24.0,"Animation ,Action ,Adventure",7.0,3.0,2010.0
17,Fullmetal Alchemist: Brotherhood,1,46,TV Series,8.1,1651,9.1,194252,24.0,"Animation ,Action ,Adventure",28.0,2.0,2010.0
17,Fullmetal Alchemist: Brotherhood,1,21,TV Series,8.2,1795,9.1,194252,24.0,"Animation ,Action ,Adventure",30.0,8.0,2009.0
17,Fullmetal Alchemist: Brotherhood,1,20,TV Series,8.3,1851,9.1,194252,24.0,"Animation ,Action ,Adventure",16.0,8.0,2009.0
17,Fullmetal Alchemist: Brotherhood,1,19,TV Series,9.5,4147,9.1,194252,24.0,"Animation ,Action ,Adventure",9.0,8.0,2009.0
17,Fullmetal Alchemist: Brotherhood,1,18,TV Series,8.2,1832,9.1,194252,24.0,"Animation ,Action ,Adventure",2.0,8.0,2009.0
17,Fullmetal Alchemist: Brotherhood,1,32,TV Series,7.4,1683,9.1,194252,24.0,"Animation ,Action ,Adventure",15.0,11.0,2009.0
17,Fullmetal Alchemist: Brotherhood,1,31,TV Series,7.6,1673,9.1,194252,24.0,"Animation ,Action ,Adventure",8.0,11.0,2009.0
17,Fullmetal Alchemist: Brotherhood,1,35,TV Series,8.2,1671,9.1,194252,24.0,"Animation ,Action ,Adventure",6.0,12.0,2009.0
17,Fullmetal Alchemist: Brotherhood,1,34,TV Series,7.7,1643,9.1,194252,24.0,"Animation ,Action ,Adventure",29.0,11.0,2009.0
17,Fullmetal Alchemist: Brotherhood,1,38,TV Series,7.9,1631,9.1,194252,24.0,"Animation ,Action ,Adventure",27.0,12.0,2009.0
17,Fullmetal Alchemist: Brotherhood,1,50,TV Series,8.6,1717,9.1,194252,24.0,"Animation ,Action ,Adventure",28.0,3.0,2010.0
17,Fullmetal Alchemist: Brotherhood,Unknown,Unknown,TV Series,7.8,521,9.1,194252,24.0,"Animation ,Action ,Adventure",26.0,8.0,2009.0
17,Fullmetal Alchemist: Brotherhood,1,33,TV Series,7.7,1664,9.1,194252,24.0,"Animation ,Action ,Adventure",22.0,11.0,2009.0
17,Fullmetal Alchemist: Brotherhood,1,49,TV Series,8.3,1654,9.1,194252,24.0,"Animation ,Action ,Adventure",21.0,3.0,2010.0
17,Fullmetal Alchemist: Brotherhood,Unknown,Unknown,TV Series,8.5,507,9.1,194252,24.0,"Animation ,Action ,Adventure",25.0,8.0,2010.0
17,Fullmetal Alchemist: Brotherhood,1,30,TV Series,8.0,1720,9.1,194252,24.0,"Animation ,Action ,Adventure",1.0,11.0,2009.0
17,Fullmetal Alchemist: Brotherhood,1,29,TV Series,7.7,1703,9.1,194252,24.0,"Animation ,Action ,Adventure",25.0,10.0,2009.0
17,Fullmetal Alchemist: Brotherhood,Unknown,Unknown,TV Series,7.6,475,9.1,194252,24.0,"Animation ,Action ,Adventure",21.0,4.0,2010.0
17,Fullmetal Alchemist: Brotherhood,Unknown,Unknown,TV Series,7.5,488,9.1,194252,24.0,"Animation ,Action ,Adventure",23.0,12.0,2009.0
18,Life,1,11,TV Mini Series,7.8,71,9.1,42569,473.0,"Documentary ,Family",11.0,1.0,2009.0
18,Life,1,5,TV Mini Series,8.3,536,9.1,42569,473.0,"Documentary ,Family",9.0,11.0,2009.0
18,Life,1,10,TV Mini Series,8.5,494,9.1,42569,473.0,"Documentary ,Family",14.0,12.0,2009.0
18,Life,1,2,TV Mini Series,8.7,643,9.1,42569,473.0,"Documentary ,Family",19.0,10.0,2009.0
18,Life,1,4,TV Mini Series,8.5,559,9.1,42569,473.0,"Documentary ,Family",2.0,11.0,2009.0
18,Life,1,6,TV Mini Series,8.5,534,9.1,42569,473.0,"Documentary ,Family",16.0,11.0,2009.0
18,Life,1,3,TV Mini Series,8.5,591,9.1,42569,473.0,"Documentary ,Family",26.0,10.0,2009.0
18,Life,1,8,TV Mini Series,8.5,524,9.1,42569,473.0,"Documentary ,Family",30.0,11.0,2009.0
18,Life,1,9,TV Mini Series,8.7,541,9.1,42569,473.0,"Documentary ,Family",7.0,12.0,2009.0
18,Life,1,1,TV Mini Series,8.7,753,9.1,42569,473.0,"Documentary ,Family",12.0,10.0,2009.0
18,Life,1,7,TV Mini Series,8.3,517,9.1,42569,473.0,"Documentary ,Family",23.0,11.0,2009.0
19,The Last Dance,1,2,TV Mini Series,8.9,4137,9.1,149125,491.0,"Documentary ,Biography ,History",19.0,4.0,2020.0
19,The Last Dance,1,1,TV Mini Series,9.0,4561,9.1,149125,491.0,"Documentary ,Biography ,History",19.0,4.0,2020.0
19,The Last Dance,1,10,TV Mini Series,9.5,3405,9.1,149125,491.0,"Documentary ,Biography ,History",17.0,5.0,2020.0
19,The Last Dance,1,9,TV Mini Series,9.2,3097,9.1,149125,491.0,"Documentary ,Biography ,History",17.0,5.0,2020.0
19,The Last Dance,1,8,TV Mini Series,9.2,3264,9.1,149125,491.0,"Documentary ,Biography ,History",10.0,5.0,2020.0
19,The Last Dance,1,4,TV Mini Series,9.1,3654,9.1,149125,491.0,"Documentary ,Biography ,History",26.0,4.0,2020.0
19,The Last Dance,1,3,TV Mini Series,9.0,3796,9.1,149125,491.0,"Documentary ,Biography ,History",26.0,4.0,2020.0
19,The Last Dance,1,6,TV Mini Series,8.8,3288,9.1,149125,491.0,"Documentary ,Biography ,History",3.0,5.0,2020.0
19,The Last Dance,1,5,TV Mini Series,9.0,3409,9.1,149125,491.0,"Documentary ,Biography ,History",3.0,5.0,2020.0
19,The Last Dance,1,7,TV Mini Series,9.1,3352,9.1,149125,491.0,"Documentary ,Biography ,History",10.0,5.0,2020.0
20,The Twilight Zone,1,3,TV Series,7.1,5094,9.1,92165,51.0,"Drama ,Fantasy ,Horror",16.0,10.0,1959.0
20,The Twilight Zone,1,1,TV Series,7.9,7057,9.1,92165,51.0,"Drama ,Fantasy ,Horror",2.0,10.0,1959.0
20,The Twilight Zone,1,2,TV Series,7.6,5979,9.1,92165,51.0,"Drama ,Fantasy ,Horror",9.0,10.0,1959.0
20,The Twilight Zone,1,4,TV Series,6.8,4946,9.1,92165,51.0,"Drama ,Fantasy ,Horror",23.0,10.0,1959.0
20,The Twilight Zone,1,5,TV Series,8.2,5993,9.1,92165,51.0,"Drama ,Fantasy ,Horror",30.0,10.0,1959.0
20,The Twilight Zone,2,4,TV Series,6.4,2736,9.1,92165,51.0,"Drama ,Fantasy ,Horror",28.0,10.0,1960.0
20,The Twilight Zone,2,3,TV Series,6.6,2775,9.1,92165,51.0,"Drama ,Fantasy ,Horror",14.0,10.0,1960.0
20,The Twilight Zone,2,2,TV Series,7.4,3057,9.1,92165,51.0,"Drama ,Fantasy ,Horror",7.0,10.0,1960.0
20,The Twilight Zone,2,1,TV Series,6.6,2924,9.1,92165,51.0,"Drama ,Fantasy ,Horror",30.0,9.0,1960.0
20,The Twilight Zone,1,36,TV Series,8.1,3573,9.1,92165,51.0,"Drama ,Fantasy ,Horror",1.0,7.0,1960.0
20,The Twilight Zone,1,35,TV Series,6.1,2971,9.1,92165,51.0,"Drama ,Fantasy ,Horror",17.0,6.0,1960.0
20,The Twilight Zone,1,34,TV Series,8.4,4466,9.1,92165,51.0,"Drama ,Fantasy ,Horror",10.0,6.0,1960.0
20,The Twilight Zone,1,33,TV Series,6.7,2991,9.1,92165,51.0,"Drama ,Fantasy ,Horror",3.0,6.0,1960.0
20,The Twilight Zone,1,32,TV Series,7.2,3063,9.1,92165,51.0,"Drama ,Fantasy ,Horror",20.0,5.0,1960.0
20,The Twilight Zone,1,31,TV Series,6.9,3067,9.1,92165,51.0,"Drama ,Fantasy ,Horror",13.0,5.0,1960.0
20,The Twilight Zone,1,30,TV Series,8.5,4658,9.1,92165,51.0,"Drama ,Fantasy ,Horror",6.0,5.0,1960.0
20,The Twilight Zone,1,13,TV Series,7.1,3798,9.1,92165,51.0,"Drama ,Fantasy ,Horror",1.0,1.0,1960.0
20,The Twilight Zone,1,12,TV Series,8.0,4299,9.1,92165,51.0,"Drama ,Fantasy ,Horror",25.0,12.0,1959.0
20,The Twilight Zone,1,11,TV Series,8.3,4975,9.1,92165,51.0,"Drama ,Fantasy ,Horror",11.0,12.0,1959.0
20,The Twilight Zone,1,10,TV Series,7.3,4071,9.1,92165,51.0,"Drama ,Fantasy ,Horror",4.0,12.0,1959.0
20,The Twilight Zone,1,9,TV Series,7.5,4447,9.1,92165,51.0,"Drama ,Fantasy ,Horror",27.0,11.0,1959.0
20,The Twilight Zone,2,20,TV Series,6.7,2464,9.1,92165,51.0,"Drama ,Fantasy ,Horror",10.0,3.0,1961.0
20,The Twilight Zone,2,19,TV Series,6.6,2628,9.1,92165,51.0,"Drama ,Fantasy ,Horror",3.0,3.0,1961.0
20,The Twilight Zone,2,18,TV Series,7.8,3274,9.1,92165,51.0,"Drama ,Fantasy ,Horror",24.0,2.0,1961.0
20,The Twilight Zone,2,17,TV Series,7.8,3115,9.1,92165,51.0,"Drama ,Fantasy ,Horror",10.0,2.0,1961.0
20,The Twilight Zone,2,16,TV Series,8.0,3123,9.1,92165,51.0,"Drama ,Fantasy ,Horror",3.0,2.0,1961.0
20,The Twilight Zone,2,15,TV Series,8.1,3976,9.1,92165,51.0,"Drama ,Fantasy ,Horror",27.0,1.0,1961.0
20,The Twilight Zone,2,14,TV Series,6.4,2523,9.1,92165,51.0,"Drama ,Fantasy ,Horror",20.0,1.0,1961.0
20,The Twilight Zone,2,13,TV Series,7.5,2794,9.1,92165,51.0,"Drama ,Fantasy ,Horror",13.0,1.0,1961.0
20,The Twilight Zone,2,12,TV Series,6.9,2614,9.1,92165,51.0,"Drama ,Fantasy ,Horror",6.0,1.0,1961.0
20,The Twilight Zone,2,11,TV Series,7.9,3566,9.1,92165,51.0,"Drama ,Fantasy ,Horror",23.0,12.0,1960.0
20,The Twilight Zone,2,10,TV Series,7.5,3063,9.1,92165,51.0,"Drama ,Fantasy ,Horror",16.0,12.0,1960.0
20,The Twilight Zone,2,9,TV Series,7.1,2647,9.1,92165,51.0,"Drama ,Fantasy ,Horror",9.0,12.0,1960.0
20,The Twilight Zone,2,8,TV Series,7.1,2791,9.1,92165,51.0,"Drama ,Fantasy ,Horror",2.0,12.0,1960.0
20,The Twilight Zone,2,7,TV Series,8.3,4031,9.1,92165,51.0,"Drama ,Fantasy ,Horror",18.0,11.0,1960.0
20,The Twilight Zone,2,6,TV Series,9.1,6164,9.1,92165,51.0,"Drama ,Fantasy ,Horror",11.0,11.0,1960.0
20,The Twilight Zone,2,5,TV Series,8.2,4020,9.1,92165,51.0,"Drama ,Fantasy ,Horror",4.0,11.0,1960.0
20,The Twilight Zone,3,7,TV Series,7.4,2666,9.1,92165,51.0,"Drama ,Fantasy ,Horror",27.0,10.0,1961.0
20,The Twilight Zone,3,6,TV Series,6.5,2395,9.1,92165,51.0,"Drama ,Fantasy ,Horror",20.0,10.0,1961.0
20,The Twilight Zone,3,5,TV Series,7.8,3002,9.1,92165,51.0,"Drama ,Fantasy ,Horror",13.0,10.0,1961.0
20,The Twilight Zone,3,4,TV Series,7.4,2599,9.1,92165,51.0,"Drama ,Fantasy ,Horror",6.0,10.0,1961.0
20,The Twilight Zone,3,3,TV Series,8.6,3489,9.1,92165,51.0,"Drama ,Fantasy ,Horror",29.0,9.0,1961.0
20,The Twilight Zone,3,2,TV Series,7.2,2615,9.1,92165,51.0,"Drama ,Fantasy ,Horror",22.0,9.0,1961.0
20,The Twilight Zone,3,1,TV Series,7.5,3219,9.1,92165,51.0,"Drama ,Fantasy ,Horror",15.0,9.0,1961.0
20,The Twilight Zone,2,29,TV Series,8.6,4041,9.1,92165,51.0,"Drama ,Fantasy ,Horror",2.0,6.0,1961.0
20,The Twilight Zone,2,28,TV Series,8.7,4274,9.1,92165,51.0,"Drama ,Fantasy ,Horror",26.0,5.0,1961.0
20,The Twilight Zone,2,27,TV Series,6.5,2307,9.1,92165,51.0,"Drama ,Fantasy ,Horror",12.0,5.0,1961.0
20,The Twilight Zone,2,26,TV Series,8.2,2959,9.1,92165,51.0,"Drama ,Fantasy ,Horror",5.0,5.0,1961.0
20,The Twilight Zone,1,29,TV Series,7.3,3385,9.1,92165,51.0,"Drama ,Fantasy ,Horror",29.0,4.0,1960.0
20,The Twilight Zone,1,28,TV Series,7.8,3792,9.1,92165,51.0,"Drama ,Fantasy ,Horror",15.0,4.0,1960.0
20,The Twilight Zone,1,27,TV Series,6.6,3185,9.1,92165,51.0,"Drama ,Fantasy ,Horror",8.0,4.0,1960.0
20,The Twilight Zone,1,26,TV Series,7.2,3219,9.1,92165,51.0,"Drama ,Fantasy ,Horror",1.0,4.0,1960.0
20,The Twilight Zone,1,25,TV Series,8.1,3915,9.1,92165,51.0,"Drama ,Fantasy ,Horror",25.0,3.0,1960.0
20,The Twilight Zone,5,1,TV Series,7.5,2206,9.1,92165,51.0,"Drama ,Fantasy ,Horror",27.0,9.0,1963.0
20,The Twilight Zone,5,2,TV Series,7.0,2054,9.1,92165,51.0,"Drama ,Fantasy ,Horror",4.0,10.0,1963.0
20,The Twilight Zone,5,3,TV Series,9.1,5446,9.1,92165,51.0,"Drama ,Fantasy ,Horror",11.0,10.0,1963.0
20,The Twilight Zone,5,4,TV Series,7.5,2243,9.1,92165,51.0,"Drama ,Fantasy ,Horror",18.0,10.0,1963.0
20,The Twilight Zone,5,5,TV Series,6.4,1829,9.1,92165,51.0,"Drama ,Fantasy ,Horror",25.0,10.0,1963.0
20,The Twilight Zone,5,6,TV Series,8.7,3696,9.1,92165,51.0,"Drama ,Fantasy ,Horror",1.0,11.0,1963.0
20,The Twilight Zone,5,7,TV Series,7.6,2232,9.1,92165,51.0,"Drama ,Fantasy ,Horror",8.0,11.0,1963.0
20,The Twilight Zone,5,8,TV Series,6.9,1905,9.1,92165,51.0,"Drama ,Fantasy ,Horror",15.0,11.0,1963.0
20,The Twilight Zone,5,9,TV Series,7.3,2021,9.1,92165,51.0,"Drama ,Fantasy ,Horror",29.0,11.0,1963.0
20,The Twilight Zone,5,10,TV Series,7.0,1968,9.1,92165,51.0,"Drama ,Fantasy ,Horror",6.0,12.0,1963.0
20,The Twilight Zone,5,11,TV Series,7.0,1737,9.1,92165,51.0,"Drama ,Fantasy ,Horror",13.0,12.0,1963.0
20,The Twilight Zone,5,12,TV Series,6.9,1802,9.1,92165,51.0,"Drama ,Fantasy ,Horror",20.0,12.0,1963.0
20,The Twilight Zone,5,13,TV Series,7.7,2156,9.1,92165,51.0,"Drama ,Fantasy ,Horror",27.0,12.0,1963.0
20,The Twilight Zone,5,14,TV Series,7.5,2002,9.1,92165,51.0,"Drama ,Fantasy ,Horror",3.0,1.0,1964.0
20,The Twilight Zone,5,15,TV Series,7.5,2064,9.1,92165,51.0,"Drama ,Fantasy ,Horror",10.0,1.0,1964.0
20,The Twilight Zone,5,16,TV Series,7.5,1881,9.1,92165,51.0,"Drama ,Fantasy ,Horror",17.0,1.0,1964.0
20,The Twilight Zone,4,3,TV Series,7.8,2076,9.1,92165,51.0,"Drama ,Fantasy ,Horror",17.0,1.0,1963.0
20,The Twilight Zone,4,4,TV Series,7.5,2147,9.1,92165,51.0,"Drama ,Fantasy ,Horror",24.0,1.0,1963.0
20,The Twilight Zone,4,5,TV Series,6.5,1699,9.1,92165,51.0,"Drama ,Fantasy ,Horror",31.0,1.0,1963.0
20,The Twilight Zone,4,6,TV Series,7.6,1959,9.1,92165,51.0,"Drama ,Fantasy ,Horror",7.0,2.0,1963.0
20,The Twilight Zone,4,7,TV Series,6.9,1894,9.1,92165,51.0,"Drama ,Fantasy ,Horror",14.0,2.0,1963.0
20,The Twilight Zone,4,8,TV Series,7.6,1991,9.1,92165,51.0,"Drama ,Fantasy ,Horror",21.0,2.0,1963.0
20,The Twilight Zone,4,9,TV Series,8.0,2085,9.1,92165,51.0,"Drama ,Fantasy ,Horror",28.0,2.0,1963.0
20,The Twilight Zone,4,10,TV Series,7.3,1765,9.1,92165,51.0,"Drama ,Fantasy ,Horror",7.0,3.0,1963.0
20,The Twilight Zone,4,11,TV Series,7.6,1808,9.1,92165,51.0,"Drama ,Fantasy ,Horror",14.0,3.0,1963.0
20,The Twilight Zone,4,12,TV Series,6.2,1561,9.1,92165,51.0,"Drama ,Fantasy ,Horror",21.0,3.0,1963.0
20,The Twilight Zone,4,13,TV Series,7.9,1979,9.1,92165,51.0,"Drama ,Fantasy ,Horror",4.0,4.0,1963.0
20,The Twilight Zone,4,14,TV Series,7.2,1738,9.1,92165,51.0,"Drama ,Fantasy ,Horror",11.0,4.0,1963.0
20,The Twilight Zone,4,15,TV Series,6.1,1598,9.1,92165,51.0,"Drama ,Fantasy ,Horror",18.0,4.0,1963.0
20,The Twilight Zone,4,16,TV Series,8.1,2086,9.1,92165,51.0,"Drama ,Fantasy ,Horror",2.0,5.0,1963.0
20,The Twilight Zone,4,17,TV Series,7.3,1692,9.1,92165,51.0,"Drama ,Fantasy ,Horror",9.0,5.0,1963.0
20,The Twilight Zone,4,18,TV Series,5.6,1564,9.1,92165,51.0,"Drama ,Fantasy ,Horror",23.0,5.0,1963.0
20,The Twilight Zone,3,24,TV Series,9.0,5159,9.1,92165,51.0,"Drama ,Fantasy ,Horror",2.0,3.0,1962.0
20,The Twilight Zone,3,25,TV Series,7.5,2416,9.1,92165,51.0,"Drama ,Fantasy ,Horror",9.0,3.0,1962.0
20,The Twilight Zone,3,26,TV Series,8.0,2919,9.1,92165,51.0,"Drama ,Fantasy ,Horror",16.0,3.0,1962.0
20,The Twilight Zone,3,27,TV Series,7.8,2427,9.1,92165,51.0,"Drama ,Fantasy ,Horror",23.0,3.0,1962.0
20,The Twilight Zone,3,28,TV Series,7.9,2629,9.1,92165,51.0,"Drama ,Fantasy ,Horror",30.0,3.0,1962.0
20,The Twilight Zone,3,29,TV Series,6.4,2137,9.1,92165,51.0,"Drama ,Fantasy ,Horror",6.0,4.0,1962.0
20,The Twilight Zone,3,30,TV Series,7.3,2336,9.1,92165,51.0,"Drama ,Fantasy ,Horror",13.0,4.0,1962.0
20,The Twilight Zone,3,31,TV Series,7.6,2337,9.1,92165,51.0,"Drama ,Fantasy ,Horror",20.0,4.0,1962.0
20,The Twilight Zone,3,32,TV Series,6.7,2031,9.1,92165,51.0,"Drama ,Fantasy ,Horror",27.0,4.0,1962.0
20,The Twilight Zone,3,33,TV Series,7.7,2596,9.1,92165,51.0,"Drama ,Fantasy ,Horror",4.0,5.0,1962.0
20,The Twilight Zone,3,34,TV Series,6.5,1953,9.1,92165,51.0,"Drama ,Fantasy ,Horror",11.0,5.0,1962.0
20,The Twilight Zone,3,35,TV Series,7.1,2422,9.1,92165,51.0,"Drama ,Fantasy ,Horror",18.0,5.0,1962.0
20,The Twilight Zone,3,36,TV Series,5.9,2141,9.1,92165,51.0,"Drama ,Fantasy ,Horror",25.0,5.0,1962.0
20,The Twilight Zone,3,37,TV Series,8.2,2738,9.1,92165,51.0,"Drama ,Fantasy ,Horror",1.0,6.0,1962.0
20,The Twilight Zone,4,1,TV Series,7.4,1810,9.1,92165,51.0,"Drama ,Fantasy ,Horror",3.0,1.0,1963.0
20,The Twilight Zone,4,2,TV Series,7.2,1923,9.1,92165,51.0,"Drama ,Fantasy ,Horror",10.0,1.0,1963.0
20,The Twilight Zone,3,8,TV Series,8.6,4494,9.1,92165,51.0,"Drama ,Fantasy ,Horror",3.0,11.0,1961.0
20,The Twilight Zone,3,9,TV Series,8.1,3075,9.1,92165,51.0,"Drama ,Fantasy ,Horror",10.0,11.0,1961.0
20,The Twilight Zone,3,10,TV Series,8.4,3747,9.1,92165,51.0,"Drama ,Fantasy ,Horror",17.0,11.0,1961.0
20,The Twilight Zone,3,11,TV Series,6.5,2139,9.1,92165,51.0,"Drama ,Fantasy ,Horror",24.0,11.0,1961.0
20,The Twilight Zone,3,12,TV Series,6.8,2284,9.1,92165,51.0,"Drama ,Fantasy ,Horror",1.0,12.0,1961.0
20,The Twilight Zone,3,13,TV Series,7.2,2582,9.1,92165,51.0,"Drama ,Fantasy ,Horror",15.0,12.0,1961.0
20,The Twilight Zone,3,14,TV Series,8.5,3816,9.1,92165,51.0,"Drama ,Fantasy ,Horror",22.0,12.0,1961.0
20,The Twilight Zone,3,15,TV Series,7.2,2329,9.1,92165,51.0,"Drama ,Fantasy ,Horror",29.0,12.0,1961.0
20,The Twilight Zone,3,16,TV Series,8.3,3338,9.1,92165,51.0,"Drama ,Fantasy ,Horror",5.0,1.0,1962.0
20,The Twilight Zone,3,17,TV Series,7.3,2316,9.1,92165,51.0,"Drama ,Fantasy ,Horror",12.0,1.0,1962.0
20,The Twilight Zone,3,18,TV Series,7.4,2294,9.1,92165,51.0,"Drama ,Fantasy ,Horror",19.0,1.0,1962.0
20,The Twilight Zone,3,19,TV Series,7.9,2883,9.1,92165,51.0,"Drama ,Fantasy ,Horror",26.0,1.0,1962.0
20,The Twilight Zone,3,20,TV Series,6.3,2147,9.1,92165,51.0,"Drama ,Fantasy ,Horror",2.0,2.0,1962.0
20,The Twilight Zone,3,21,TV Series,7.5,2646,9.1,92165,51.0,"Drama ,Fantasy ,Horror",9.0,2.0,1962.0
20,The Twilight Zone,3,22,TV Series,7.5,2396,9.1,92165,51.0,"Drama ,Fantasy ,Horror",16.0,2.0,1962.0
20,The Twilight Zone,3,23,TV Series,7.1,2302,9.1,92165,51.0,"Drama ,Fantasy ,Horror",23.0,2.0,1962.0
20,The Twilight Zone,2,21,TV Series,7.0,2418,9.1,92165,51.0,"Drama ,Fantasy ,Horror",24.0,3.0,1961.0
20,The Twilight Zone,2,22,TV Series,7.5,2903,9.1,92165,51.0,"Drama ,Fantasy ,Horror",31.0,3.0,1961.0
20,The Twilight Zone,2,23,TV Series,8.1,3149,9.1,92165,51.0,"Drama ,Fantasy ,Horror",7.0,4.0,1961.0
20,The Twilight Zone,2,24,TV Series,7.6,2714,9.1,92165,51.0,"Drama ,Fantasy ,Horror",21.0,4.0,1961.0
20,The Twilight Zone,2,25,TV Series,8.4,3304,9.1,92165,51.0,"Drama ,Fantasy ,Horror",28.0,4.0,1961.0
20,The Twilight Zone,5,21,TV Series,6.9,1834,9.1,92165,51.0,"Drama ,Fantasy ,Horror",21.0,2.0,1964.0
20,The Twilight Zone,5,23,TV Series,7.5,1977,9.1,92165,51.0,"Drama ,Fantasy ,Horror",6.0,3.0,1964.0
20,The Twilight Zone,5,22,TV Series,8.3,2673,9.1,92165,51.0,"Drama ,Fantasy ,Horror",28.0,2.0,1964.0
20,The Twilight Zone,5,36,TV Series,6.5,2285,9.1,92165,51.0,"Drama ,Fantasy ,Horror",19.0,6.0,1964.0
20,The Twilight Zone,5,35,TV Series,7.1,1855,9.1,92165,51.0,"Drama ,Fantasy ,Horror",29.0,5.0,1964.0
20,The Twilight Zone,5,34,TV Series,6.2,1812,9.1,92165,51.0,"Drama ,Fantasy ,Horror",22.0,5.0,1964.0
20,The Twilight Zone,5,33,TV Series,6.5,1663,9.1,92165,51.0,"Drama ,Fantasy ,Horror",15.0,5.0,1964.0
20,The Twilight Zone,5,29,TV Series,7.5,1826,9.1,92165,51.0,"Drama ,Fantasy ,Horror",17.0,4.0,1964.0
20,The Twilight Zone,5,32,TV Series,7.5,1788,9.1,92165,51.0,"Drama ,Fantasy ,Horror",8.0,5.0,1964.0
20,The Twilight Zone,5,30,TV Series,8.1,2536,9.1,92165,51.0,"Drama ,Fantasy ,Horror",24.0,4.0,1964.0
20,The Twilight Zone,5,31,TV Series,7.1,1777,9.1,92165,51.0,"Drama ,Fantasy ,Horror",1.0,5.0,1964.0
20,The Twilight Zone,5,17,TV Series,8.1,2670,9.1,92165,51.0,"Drama ,Fantasy ,Horror",24.0,1.0,1964.0
20,The Twilight Zone,5,18,TV Series,6.4,1937,9.1,92165,51.0,"Drama ,Fantasy ,Horror",31.0,1.0,1964.0
20,The Twilight Zone,5,19,TV Series,8.1,2488,9.1,92165,51.0,"Drama ,Fantasy ,Horror",7.0,2.0,1964.0
20,The Twilight Zone,5,20,TV Series,6.3,1819,9.1,92165,51.0,"Drama ,Fantasy ,Horror",14.0,2.0,1964.0
20,The Twilight Zone,1,7,TV Series,8.1,5298,9.1,92165,51.0,"Drama ,Fantasy ,Horror",13.0,11.0,1959.0
20,The Twilight Zone,1,8,TV Series,8.9,7690,9.1,92165,51.0,"Drama ,Fantasy ,Horror",20.0,11.0,1959.0
20,The Twilight Zone,1,6,TV Series,7.3,4586,9.1,92165,51.0,"Drama ,Fantasy ,Horror",6.0,11.0,1959.0
20,The Twilight Zone,5,24,TV Series,7.0,1911,9.1,92165,51.0,"Drama ,Fantasy ,Horror",13.0,3.0,1964.0
20,The Twilight Zone,5,25,TV Series,8.6,3235,9.1,92165,51.0,"Drama ,Fantasy ,Horror",20.0,3.0,1964.0
20,The Twilight Zone,5,26,TV Series,7.4,2030,9.1,92165,51.0,"Drama ,Fantasy ,Horror",27.0,3.0,1964.0
20,The Twilight Zone,5,27,TV Series,5.7,1644,9.1,92165,51.0,"Drama ,Fantasy ,Horror",3.0,4.0,1964.0
20,The Twilight Zone,5,28,TV Series,6.5,1799,9.1,92165,51.0,"Drama ,Fantasy ,Horror",10.0,4.0,1964.0
20,The Twilight Zone,1,21,TV Series,7.9,4278,9.1,92165,51.0,"Drama ,Fantasy ,Horror",26.0,2.0,1960.0
20,The Twilight Zone,1,22,TV Series,8.9,6080,9.1,92165,51.0,"Drama ,Fantasy ,Horror",4.0,3.0,1960.0
20,The Twilight Zone,1,23,TV Series,7.6,3583,9.1,92165,51.0,"Drama ,Fantasy ,Horror",11.0,3.0,1960.0
20,The Twilight Zone,1,24,TV Series,8.1,3805,9.1,92165,51.0,"Drama ,Fantasy ,Horror",18.0,3.0,1960.0
20,The Twilight Zone,1,17,TV Series,6.6,3782,9.1,92165,51.0,"Drama ,Fantasy ,Horror",29.0,1.0,1960.0
20,The Twilight Zone,1,20,TV Series,7.5,3595,9.1,92165,51.0,"Drama ,Fantasy ,Horror",19.0,2.0,1960.0
20,The Twilight Zone,1,18,TV Series,8.0,4017,9.1,92165,51.0,"Drama ,Fantasy ,Horror",5.0,2.0,1960.0
20,The Twilight Zone,1,19,TV Series,7.3,3433,9.1,92165,51.0,"Drama ,Fantasy ,Horror",12.0,2.0,1960.0
20,The Twilight Zone,1,15,TV Series,7.6,3968,9.1,92165,51.0,"Drama ,Fantasy ,Horror",15.0,1.0,1960.0
20,The Twilight Zone,1,16,TV Series,8.2,5175,9.1,92165,51.0,"Drama ,Fantasy ,Horror",22.0,1.0,1960.0
20,The Twilight Zone,1,14,TV Series,8.1,4439,9.1,92165,51.0,"Drama ,Fantasy ,Horror",8.0,1.0,1960.0
21,Sherlock,3,0,TV Series,8.4,12268,9.1,988220,88.0,"Crime ,Drama ,Mystery",19.0,1.0,2014.0
21,Sherlock,3,2,TV Series,8.9,28568,9.1,988220,88.0,"Crime ,Drama ,Mystery",26.0,1.0,2014.0
21,Sherlock,3,3,TV Series,9.2,31692,9.1,988220,88.0,"Crime ,Drama ,Mystery",2.0,2.0,2014.0
21,Sherlock,4,0,TV Series,8.0,35722,9.1,988220,88.0,"Crime ,Drama ,Mystery",1.0,1.0,2016.0
21,Sherlock,3,1,TV Series,8.8,31578,9.1,988220,88.0,"Crime ,Drama ,Mystery",19.0,1.0,2014.0
21,Sherlock,1,2,TV Series,7.9,28597,9.1,988220,88.0,"Crime ,Drama ,Mystery",31.0,10.0,2010.0
21,Sherlock,1,1,TV Series,8.9,33088,9.1,988220,88.0,"Crime ,Drama ,Mystery",24.0,10.0,2010.0
21,Sherlock,1,0,TV Series,8.7,12126,9.1,988220,88.0,"Crime ,Drama ,Mystery",5.0,6.0,2011.0
21,Sherlock,1,3,TV Series,9.0,29183,9.1,988220,88.0,"Crime ,Drama ,Mystery",7.0,11.0,2010.0
21,Sherlock,2,3,TV Series,9.6,40345,9.1,988220,88.0,"Crime ,Drama ,Mystery",20.0,5.0,2012.0
21,Sherlock,2,2,TV Series,8.3,27602,9.1,988220,88.0,"Crime ,Drama ,Mystery",13.0,5.0,2012.0
21,Sherlock,2,1,TV Series,9.4,41281,9.1,988220,88.0,"Crime ,Drama ,Mystery",6.0,5.0,2012.0
21,Sherlock,4,3,TV Series,8.2,28944,9.1,988220,88.0,"Crime ,Drama ,Mystery",15.0,1.0,2017.0
21,Sherlock,4,1,TV Series,7.6,25639,9.1,988220,88.0,"Crime ,Drama ,Mystery",1.0,1.0,2017.0
21,Sherlock,4,2,TV Series,9.1,28654,9.1,988220,88.0,"Crime ,Drama ,Mystery",8.0,1.0,2017.0
22,The Vietnam War,1,5,TV Mini Series,8.6,716,9.1,27613,990.0,"Documentary ,History ,War",21.0,9.0,2017.0
22,The Vietnam War,1,2,TV Mini Series,8.6,875,9.1,27613,990.0,"Documentary ,History ,War",18.0,9.0,2017.0
22,The Vietnam War,1,3,TV Mini Series,8.7,823,9.1,27613,990.0,"Documentary ,History ,War",19.0,9.0,2017.0
22,The Vietnam War,1,4,TV Mini Series,8.6,749,9.1,27613,990.0,"Documentary ,History ,War",20.0,9.0,2017.0
22,The Vietnam War,1,6,TV Mini Series,8.8,751,9.1,27613,990.0,"Documentary ,History ,War",24.0,9.0,2017.0
22,The Vietnam War,1,10,TV Mini Series,8.8,667,9.1,27613,990.0,"Documentary ,History ,War",28.0,9.0,2017.0
22,The Vietnam War,1,7,TV Mini Series,8.5,676,9.1,27613,990.0,"Documentary ,History ,War",25.0,9.0,2017.0
22,The Vietnam War,1,8,TV Mini Series,8.7,668,9.1,27613,990.0,"Documentary ,History ,War",26.0,9.0,2017.0
22,The Vietnam War,1,1,TV Mini Series,8.5,1080,9.1,27613,990.0,"Documentary ,History ,War",17.0,9.0,2017.0
22,The Vietnam War,1,9,TV Mini Series,8.7,645,9.1,27613,990.0,"Documentary ,History ,War",27.0,9.0,2017.0
23,Batman: The Animated Series,1,41,TV Series,8.3,1894,9.0,115320,23.0,"Animation ,Action ,Adventure",18.0,11.0,1992.0
23,Batman: The Animated Series,1,43,TV Series,8.1,1651,9.0,115320,23.0,"Animation ,Action ,Adventure",20.0,11.0,1992.0
23,Batman: The Animated Series,1,42,TV Series,8.2,1800,9.0,115320,23.0,"Animation ,Action ,Adventure",19.0,11.0,1992.0
23,Batman: The Animated Series,1,45,TV Series,7.8,1642,9.0,115320,23.0,"Animation ,Action ,Adventure",24.0,11.0,1992.0
23,Batman: The Animated Series,1,46,TV Series,8.6,1952,9.0,115320,23.0,"Animation ,Action ,Adventure",10.0,1.0,1993.0
23,Batman: The Animated Series,1,47,TV Series,8.6,1870,9.0,115320,23.0,"Animation ,Action ,Adventure",18.0,1.0,1993.0
23,Batman: The Animated Series,1,44,TV Series,7.6,1585,9.0,115320,23.0,"Animation ,Action ,Adventure",23.0,11.0,1992.0
23,Batman: The Animated Series,2,2,TV Series,8.3,1623,9.0,115320,23.0,"Animation ,Action ,Adventure",14.0,9.0,1993.0
23,Batman: The Animated Series,2,3,TV Series,8.2,1611,9.0,115320,23.0,"Animation ,Action ,Adventure",15.0,9.0,1993.0
23,Batman: The Animated Series,2,4,TV Series,7.2,1426,9.0,115320,23.0,"Animation ,Action ,Adventure",16.0,9.0,1993.0
23,Batman: The Animated Series,2,5,TV Series,7.6,1475,9.0,115320,23.0,"Animation ,Action ,Adventure",17.0,9.0,1993.0
23,Batman: The Animated Series,2,6,TV Series,8.3,1532,9.0,115320,23.0,"Animation ,Action ,Adventure",2.0,5.0,1994.0
23,Batman: The Animated Series,1,25,TV Series,7.6,1899,9.0,115320,23.0,"Animation ,Action ,Adventure",14.0,10.0,1992.0
23,Batman: The Animated Series,1,26,TV Series,9.0,2470,9.0,115320,23.0,"Animation ,Action ,Adventure",19.0,10.0,1992.0
23,Batman: The Animated Series,1,48,TV Series,7.5,1534,9.0,115320,23.0,"Animation ,Action ,Adventure",24.0,1.0,1993.0
23,Batman: The Animated Series,1,49,TV Series,8.8,1966,9.0,115320,23.0,"Animation ,Action ,Adventure",1.0,2.0,1993.0
23,Batman: The Animated Series,1,50,TV Series,7.8,1621,9.0,115320,23.0,"Animation ,Action ,Adventure",2.0,2.0,1993.0
23,Batman: The Animated Series,2,1,TV Series,8.3,1657,9.0,115320,23.0,"Animation ,Action ,Adventure",13.0,9.0,1993.0
23,Batman: The Animated Series,1,20,TV Series,6.5,2194,9.0,115320,23.0,"Animation ,Action ,Adventure",30.0,9.0,1992.0
23,Batman: The Animated Series,1,21,TV Series,7.6,1957,9.0,115320,23.0,"Animation ,Action ,Adventure",5.0,10.0,1992.0
23,Batman: The Animated Series,1,22,TV Series,6.7,1924,9.0,115320,23.0,"Animation ,Action ,Adventure",6.0,10.0,1992.0
23,Batman: The Animated Series,1,23,TV Series,7.3,2232,9.0,115320,23.0,"Animation ,Action ,Adventure",8.0,10.0,1992.0
23,Batman: The Animated Series,1,24,TV Series,8.0,2091,9.0,115320,23.0,"Animation ,Action ,Adventure",12.0,10.0,1992.0
23,Batman: The Animated Series,2,7,TV Series,7.9,1448,9.0,115320,23.0,"Animation ,Action ,Adventure",3.0,5.0,1994.0
23,Batman: The Animated Series,2,8,TV Series,7.5,1391,9.0,115320,23.0,"Animation ,Action ,Adventure",9.0,5.0,1994.0
23,Batman: The Animated Series,2,9,TV Series,9.1,2039,9.0,115320,23.0,"Animation ,Action ,Adventure",16.0,5.0,1994.0
23,Batman: The Animated Series,2,10,TV Series,8.6,1627,9.0,115320,23.0,"Animation ,Action ,Adventure",23.0,5.0,1994.0
23,Batman: The Animated Series,3,1,TV Series,8.1,1543,9.0,115320,23.0,"Animation ,Action ,Adventure",10.0,9.0,1994.0
23,Batman: The Animated Series,3,2,TV Series,8.5,1802,9.0,115320,23.0,"Animation ,Action ,Adventure",17.0,9.0,1994.0
23,Batman: The Animated Series,3,3,TV Series,8.0,1453,9.0,115320,23.0,"Animation ,Action ,Adventure",24.0,9.0,1994.0
23,Batman: The Animated Series,3,4,TV Series,7.8,1552,9.0,115320,23.0,"Animation ,Action ,Adventure",1.0,10.0,1994.0
23,Batman: The Animated Series,3,5,TV Series,7.5,1355,9.0,115320,23.0,"Animation ,Action ,Adventure",8.0,10.0,1994.0
23,Batman: The Animated Series,3,6,TV Series,8.6,1576,9.0,115320,23.0,"Animation ,Action ,Adventure",15.0,10.0,1994.0
23,Batman: The Animated Series,3,7,TV Series,7.5,1357,9.0,115320,23.0,"Animation ,Action ,Adventure",5.0,11.0,1994.0
23,Batman: The Animated Series,1,36,TV Series,6.8,1641,9.0,115320,23.0,"Animation ,Action ,Adventure",11.0,11.0,1992.0
23,Batman: The Animated Series,1,37,TV Series,7.3,1648,9.0,115320,23.0,"Animation ,Action ,Adventure",12.0,11.0,1992.0
23,Batman: The Animated Series,1,38,TV Series,7.9,2792,9.0,115320,23.0,"Animation ,Action ,Adventure",13.0,11.0,1992.0
23,Batman: The Animated Series,1,39,TV Series,7.8,1715,9.0,115320,23.0,"Animation ,Action ,Adventure",16.0,11.0,1992.0
23,Batman: The Animated Series,1,40,TV Series,7.9,1714,9.0,115320,23.0,"Animation ,Action ,Adventure",17.0,11.0,1992.0
23,Batman: The Animated Series,1,11,TV Series,7.6,2462,9.0,115320,23.0,"Animation ,Action ,Adventure",16.0,9.0,1992.0
23,Batman: The Animated Series,1,10,TV Series,8.0,2942,9.0,115320,23.0,"Animation ,Action ,Adventure",15.0,9.0,1992.0
23,Batman: The Animated Series,1,9,TV Series,7.9,2836,9.0,115320,23.0,"Animation ,Action ,Adventure",14.0,9.0,1992.0
23,Batman: The Animated Series,4,5,TV Series,7.2,1296,9.0,115320,23.0,"Animation ,Action ,Adventure",15.0,9.0,1995.0
23,Batman: The Animated Series,4,4,TV Series,8.1,1481,9.0,115320,23.0,"Animation ,Action ,Adventure",14.0,9.0,1995.0
23,Batman: The Animated Series,4,3,TV Series,7.7,1365,9.0,115320,23.0,"Animation ,Action ,Adventure",13.0,9.0,1995.0
23,Batman: The Animated Series,4,2,TV Series,7.5,1406,9.0,115320,23.0,"Animation ,Action ,Adventure",12.0,9.0,1995.0
23,Batman: The Animated Series,4,1,TV Series,6.8,1373,9.0,115320,23.0,"Animation ,Action ,Adventure",11.0,9.0,1995.0
23,Batman: The Animated Series,3,10,TV Series,8.1,1454,9.0,115320,23.0,"Animation ,Action ,Adventure",26.0,11.0,1994.0
23,Batman: The Animated Series,3,9,TV Series,7.5,1379,9.0,115320,23.0,"Animation ,Action ,Adventure",19.0,11.0,1994.0
23,Batman: The Animated Series,3,8,TV Series,7.7,1353,9.0,115320,23.0,"Animation ,Action ,Adventure",12.0,11.0,1994.0
23,Batman: The Animated Series,1,8,TV Series,7.6,2517,9.0,115320,23.0,"Animation ,Action ,Adventure",12.0,9.0,1992.0
23,Batman: The Animated Series,1,7,TV Series,8.5,2816,9.0,115320,23.0,"Animation ,Action ,Adventure",11.0,9.0,1992.0
23,Batman: The Animated Series,1,6,TV Series,7.6,2564,9.0,115320,23.0,"Animation ,Action ,Adventure",10.0,9.0,1992.0
23,Batman: The Animated Series,1,5,TV Series,8.7,2789,9.0,115320,23.0,"Animation ,Action ,Adventure",9.0,9.0,1992.0
23,Batman: The Animated Series,1,4,TV Series,8.3,2795,9.0,115320,23.0,"Animation ,Action ,Adventure",8.0,9.0,1992.0
23,Batman: The Animated Series,1,35,TV Series,9.2,2836,9.0,115320,23.0,"Animation ,Action ,Adventure",10.0,11.0,1992.0
23,Batman: The Animated Series,1,34,TV Series,8.5,1949,9.0,115320,23.0,"Animation ,Action ,Adventure",9.0,11.0,1992.0
23,Batman: The Animated Series,1,33,TV Series,7.3,1704,9.0,115320,23.0,"Animation ,Action ,Adventure",5.0,11.0,1992.0
23,Batman: The Animated Series,1,32,TV Series,8.9,2640,9.0,115320,23.0,"Animation ,Action ,Adventure",4.0,11.0,1992.0
23,Batman: The Animated Series,1,31,TV Series,8.3,1985,9.0,115320,23.0,"Animation ,Action ,Adventure",3.0,11.0,1992.0
23,Batman: The Animated Series,1,30,TV Series,7.0,1736,9.0,115320,23.0,"Animation ,Action ,Adventure",30.0,10.0,1992.0
23,Batman: The Animated Series,1,29,TV Series,8.2,1948,9.0,115320,23.0,"Animation ,Action ,Adventure",29.0,10.0,1992.0
23,Batman: The Animated Series,1,28,TV Series,7.5,1802,9.0,115320,23.0,"Animation ,Action ,Adventure",26.0,10.0,1992.0
23,Batman: The Animated Series,1,27,TV Series,6.7,2191,9.0,115320,23.0,"Animation ,Action ,Adventure",21.0,10.0,1992.0
23,Batman: The Animated Series,1,13,TV Series,7.6,2470,9.0,115320,23.0,"Animation ,Action ,Adventure",18.0,9.0,1992.0
23,Batman: The Animated Series,1,14,TV Series,7.7,2137,9.0,115320,23.0,"Animation ,Action ,Adventure",21.0,9.0,1992.0
23,Batman: The Animated Series,1,15,TV Series,7.8,2607,9.0,115320,23.0,"Animation ,Action ,Adventure",22.0,9.0,1992.0
23,Batman: The Animated Series,1,12,TV Series,7.6,2180,9.0,115320,23.0,"Animation ,Action ,Adventure",17.0,9.0,1992.0
23,Batman: The Animated Series,1,17,TV Series,9.1,3811,9.0,115320,23.0,"Animation ,Action ,Adventure",25.0,9.0,1992.0
23,Batman: The Animated Series,1,18,TV Series,9.0,3617,9.0,115320,23.0,"Animation ,Action ,Adventure",28.0,9.0,1992.0
23,Batman: The Animated Series,1,19,TV Series,7.7,1998,9.0,115320,23.0,"Animation ,Action ,Adventure",29.0,9.0,1992.0
23,Batman: The Animated Series,1,2,TV Series,7.6,3710,9.0,115320,23.0,"Animation ,Action ,Adventure",6.0,9.0,1992.0
23,Batman: The Animated Series,1,1,TV Series,7.7,3120,9.0,115320,23.0,"Animation ,Action ,Adventure",5.0,9.0,1992.0
23,Batman: The Animated Series,1,3,TV Series,9.0,3916,9.0,115320,23.0,"Animation ,Action ,Adventure",7.0,9.0,1992.0
23,Batman: The Animated Series,1,16,TV Series,7.3,1981,9.0,115320,23.0,"Animation ,Action ,Adventure",23.0,9.0,1992.0
24,Attack on Titan,4,11,TV Series,8.8,27971,9.1,497554,24.0,"Animation ,Action ,Adventure",21.0,2.0,2021.0
24,Attack on Titan,4,12,TV Series,8.9,28313,9.1,497554,24.0,"Animation ,Action ,Adventure",28.0,2.0,2021.0
24,Attack on Titan,4,13,TV Series,9.5,35309,9.1,497554,24.0,"Animation ,Action ,Adventure",7.0,3.0,2021.0
24,Attack on Titan,3,4,TV Series,8.5,18833,9.1,497554,24.0,"Animation ,Action ,Adventure",13.0,8.0,2018.0
24,Attack on Titan,3,5,TV Series,9.0,19130,9.1,497554,24.0,"Animation ,Action ,Adventure",20.0,8.0,2018.0
24,Attack on Titan,3,6,TV Series,9.2,20746,9.1,497554,24.0,"Animation ,Action ,Adventure",27.0,8.0,2018.0
24,Attack on Titan,3,7,TV Series,9.5,24032,9.1,497554,24.0,"Animation ,Action ,Adventure",3.0,9.0,2018.0
24,Attack on Titan,3,8,TV Series,8.9,18477,9.1,497554,24.0,"Animation ,Action ,Adventure",10.0,9.0,2018.0
24,Attack on Titan,4,3,TV Series,9.2,36736,9.1,497554,24.0,"Animation ,Action ,Adventure",20.0,12.0,2020.0
24,Attack on Titan,4,4,TV Series,8.9,35506,9.1,497554,24.0,"Animation ,Action ,Adventure",27.0,12.0,2020.0
24,Attack on Titan,4,5,TV Series,9.7,76938,9.1,497554,24.0,"Animation ,Action ,Adventure",10.0,1.0,2021.0
24,Attack on Titan,4,6,TV Series,9.7,75102,9.1,497554,24.0,"Animation ,Action ,Adventure",17.0,1.0,2021.0
24,Attack on Titan,4,7,TV Series,9.7,98696,9.1,497554,24.0,"Animation ,Action ,Adventure",24.0,1.0,2021.0
24,Attack on Titan,4,8,TV Series,9.4,42712,9.1,497554,24.0,"Animation ,Action ,Adventure",31.0,1.0,2021.0
24,Attack on Titan,4,9,TV Series,8.9,32897,9.1,497554,24.0,"Animation ,Action ,Adventure",7.0,2.0,2021.0
24,Attack on Titan,4,10,TV Series,8.5,29723,9.1,497554,24.0,"Animation ,Action ,Adventure",14.0,2.0,2021.0
24,Attack on Titan,4,14,TV Series,9.6,38058,9.1,497554,24.0,"Animation ,Action ,Adventure",21.0,3.0,2021.0
24,Attack on Titan,4,17,TV Series,9.0,43540,9.1,497554,24.0,"Animation ,Action ,Adventure",9.0,1.0,2022.0
24,Attack on Titan,4,16,TV Series,9.4,33314,9.1,497554,24.0,"Animation ,Action ,Adventure",2.0,5.0,2021.0
24,Attack on Titan,4,15,TV Series,9.5,33432,9.1,497554,24.0,"Animation ,Action ,Adventure",21.0,3.0,2021.0
24,Attack on Titan,4,18,TV Series,9.3,38387,9.1,497554,24.0,"Animation ,Action ,Adventure",16.0,1.0,2022.0
24,Attack on Titan,4,21,TV Series,9.7,69965,9.1,497554,24.0,"Animation ,Action ,Adventure",6.0,2.0,2022.0
24,Attack on Titan,4,20,TV Series,9.7,72168,9.1,497554,24.0,"Animation ,Action ,Adventure",30.0,1.0,2022.0
24,Attack on Titan,4,19,TV Series,9.7,74676,9.1,497554,24.0,"Animation ,Action ,Adventure",23.0,1.0,2022.0
24,Attack on Titan,4,23,TV Series,8.5,20913,9.1,497554,24.0,"Animation ,Action ,Adventure",20.0,2.0,2022.0
24,Attack on Titan,4,24,TV Series,8.4,21247,9.1,497554,24.0,"Animation ,Action ,Adventure",27.0,2.0,2022.0
24,Attack on Titan,4,25,TV Series,8.6,20886,9.1,497554,24.0,"Animation ,Action ,Adventure",6.0,3.0,2022.0
24,Attack on Titan,4,22,TV Series,9.0,26976,9.1,497554,24.0,"Animation ,Action ,Adventure",13.0,2.0,2022.0
24,Attack on Titan,4,26,TV Series,9.1,22988,9.1,497554,24.0,"Animation ,Action ,Adventure",13.0,3.0,2022.0
24,Attack on Titan,Unknown,Unknown,TV Series,8.5,6625,9.1,497554,24.0,"Animation ,Action ,Adventure",9.0,12.0,2013.0
24,Attack on Titan,Unknown,Unknown,TV Series,8.4,4838,9.1,497554,24.0,"Animation ,Action ,Adventure",7.0,7.0,2013.0
24,Attack on Titan,4,30,TV Series,8.7,61537,9.1,497554,24.0,"Animation ,Action ,Adventure",4.0,11.0,2023.0
24,Attack on Titan,1,12,TV Series,8.3,18835,9.1,497554,24.0,"Animation ,Action ,Adventure",26.0,7.0,2014.0
24,Attack on Titan,1,13,TV Series,8.9,19574,9.1,497554,24.0,"Animation ,Action ,Adventure",2.0,8.0,2014.0
24,Attack on Titan,1,14,TV Series,8.4,18729,9.1,497554,24.0,"Animation ,Action ,Adventure",9.0,8.0,2014.0
24,Attack on Titan,Unknown,Unknown,TV Series,7.5,6013,9.1,497554,24.0,"Animation ,Action ,Adventure",9.0,4.0,2014.0
24,Attack on Titan,Unknown,Unknown,TV Series,8.0,6287,9.1,497554,24.0,"Animation ,Action ,Adventure",8.0,8.0,2014.0
24,Attack on Titan,2,8,TV Series,8.4,17600,9.1,497554,24.0,"Animation ,Action ,Adventure",20.0,5.0,2017.0
24,Attack on Titan,2,9,TV Series,8.5,17612,9.1,497554,24.0,"Animation ,Action ,Adventure",27.0,5.0,2017.0
24,Attack on Titan,2,10,TV Series,9.0,18342,9.1,497554,24.0,"Animation ,Action ,Adventure",3.0,6.0,2017.0
24,Attack on Titan,2,11,TV Series,9.5,22446,9.1,497554,24.0,"Animation ,Action ,Adventure",10.0,6.0,2017.0
24,Attack on Titan,2,12,TV Series,9.7,34537,9.1,497554,24.0,"Animation ,Action ,Adventure",17.0,6.0,2017.0
24,Attack on Titan,3,1,TV Series,8.8,20593,9.1,497554,24.0,"Animation ,Action ,Adventure",23.0,7.0,2018.0
24,Attack on Titan,3,2,TV Series,9.2,22404,9.1,497554,24.0,"Animation ,Action ,Adventure",30.0,7.0,2018.0
24,Attack on Titan,3,3,TV Series,8.7,18707,9.1,497554,24.0,"Animation ,Action ,Adventure",6.0,8.0,2018.0
24,Attack on Titan,1,9,TV Series,8.8,19805,9.1,497554,24.0,"Animation ,Action ,Adventure",28.0,6.0,2014.0
24,Attack on Titan,1,10,TV Series,8.3,19345,9.1,497554,24.0,"Animation ,Action ,Adventure",12.0,7.0,2014.0
24,Attack on Titan,1,11,TV Series,8.3,19058,9.1,497554,24.0,"Animation ,Action ,Adventure",19.0,7.0,2014.0
24,Attack on Titan,Unknown,Unknown,TV Series,8.4,5347,9.1,497554,24.0,"Animation ,Action ,Adventure",9.0,4.0,2018.0
24,Attack on Titan,Unknown,Unknown,TV Series,8.5,5733,9.1,497554,24.0,"Animation ,Action ,Adventure",9.0,8.0,2018.0
24,Attack on Titan,Unknown,Unknown,TV Series,9.5,9585,9.1,497554,24.0,"Animation ,Action ,Adventure",9.0,4.0,2015.0
24,Attack on Titan,1,15,TV Series,8.1,18520,9.1,497554,24.0,"Animation ,Action ,Adventure",16.0,8.0,2014.0
24,Attack on Titan,1,16,TV Series,8.2,18501,9.1,497554,24.0,"Animation ,Action ,Adventure",27.0,7.0,2013.0
24,Attack on Titan,Unknown,Unknown,TV Series,8.9,7309,9.1,497554,24.0,"Animation ,Action ,Adventure",9.0,12.0,2014.0
24,Attack on Titan,Unknown,Unknown,TV Series,8.3,5401,9.1,497554,24.0,"Animation ,Action ,Adventure",8.0,12.0,2017.0
24,Attack on Titan,3,9,TV Series,9.3,20178,9.1,497554,24.0,"Animation ,Action ,Adventure",17.0,9.0,2018.0
24,Attack on Titan,2,4,TV Series,9.1,18993,9.1,497554,24.0,"Animation ,Action ,Adventure",22.0,4.0,2017.0
24,Attack on Titan,2,3,TV Series,8.6,17683,9.1,497554,24.0,"Animation ,Action ,Adventure",15.0,4.0,2017.0
24,Attack on Titan,2,1,TV Series,9.2,20700,9.1,497554,24.0,"Animation ,Action ,Adventure",1.0,4.0,2017.0
24,Attack on Titan,2,2,TV Series,8.5,17940,9.1,497554,24.0,"Animation ,Action ,Adventure",8.0,4.0,2017.0
24,Attack on Titan,1,25,TV Series,9.3,22655,9.1,497554,24.0,"Animation ,Action ,Adventure",29.0,9.0,2013.0
24,Attack on Titan,3,19,TV Series,9.2,25318,9.1,497554,24.0,"Animation ,Action ,Adventure",10.0,6.0,2019.0
24,Attack on Titan,3,18,TV Series,9.7,62232,9.1,497554,24.0,"Animation ,Action ,Adventure",3.0,6.0,2019.0
24,Attack on Titan,3,17,TV Series,9.7,125245,9.1,497554,24.0,"Animation ,Action ,Adventure",27.0,5.0,2019.0
24,Attack on Titan,1,5,TV Series,9.2,23116,9.1,497554,24.0,"Animation ,Action ,Adventure",31.0,5.0,2014.0
24,Attack on Titan,1,22,TV Series,9.0,19527,9.1,497554,24.0,"Animation ,Action ,Adventure",8.0,9.0,2013.0
24,Attack on Titan,1,23,TV Series,9.0,19355,9.1,497554,24.0,"Animation ,Action ,Adventure",15.0,9.0,2013.0
24,Attack on Titan,1,24,TV Series,9.1,19633,9.1,497554,24.0,"Animation ,Action ,Adventure",22.0,9.0,2013.0
24,Attack on Titan,1,1,TV Series,9.1,32229,9.1,497554,24.0,"Animation ,Action ,Adventure",28.0,9.0,2013.0
24,Attack on Titan,1,2,TV Series,8.5,23671,9.1,497554,24.0,"Animation ,Action ,Adventure",10.0,5.0,2014.0
24,Attack on Titan,1,3,TV Series,8.1,22460,9.1,497554,24.0,"Animation ,Action ,Adventure",17.0,5.0,2014.0
24,Attack on Titan,1,4,TV Series,8.5,21476,9.1,497554,24.0,"Animation ,Action ,Adventure",24.0,5.0,2014.0
24,Attack on Titan,1,7,TV Series,8.9,20582,9.1,497554,24.0,"Animation ,Action ,Adventure",14.0,6.0,2014.0
24,Attack on Titan,2,5,TV Series,9.1,19386,9.1,497554,24.0,"Animation ,Action ,Adventure",29.0,4.0,2017.0
24,Attack on Titan,2,6,TV Series,9.7,46567,9.1,497554,24.0,"Animation ,Action ,Adventure",6.0,5.0,2017.0
24,Attack on Titan,2,7,TV Series,9.5,23374,9.1,497554,24.0,"Animation ,Action ,Adventure",13.0,5.0,2017.0
24,Attack on Titan,3,11,TV Series,9.1,20378,9.1,497554,24.0,"Animation ,Action ,Adventure",8.0,10.0,2018.0
24,Attack on Titan,3,10,TV Series,9.2,19989,9.1,497554,24.0,"Animation ,Action ,Adventure",24.0,9.0,2018.0
24,Attack on Titan,3,12,TV Series,8.9,19788,9.1,497554,24.0,"Animation ,Action ,Adventure",15.0,10.0,2018.0
24,Attack on Titan,3,13,TV Series,9.5,27324,9.1,497554,24.0,"Animation ,Action ,Adventure",29.0,4.0,2019.0
24,Attack on Titan,3,21,TV Series,9.6,31788,9.1,497554,24.0,"Animation ,Action ,Adventure",24.0,6.0,2019.0
24,Attack on Titan,3,14,TV Series,9.5,26428,9.1,497554,24.0,"Animation ,Action ,Adventure",6.0,5.0,2019.0
24,Attack on Titan,3,15,TV Series,9.5,27439,9.1,497554,24.0,"Animation ,Action ,Adventure",13.0,5.0,2019.0
24,Attack on Titan,3,16,TV Series,9.7,72654,9.1,497554,24.0,"Animation ,Action ,Adventure",20.0,5.0,2019.0
24,Attack on Titan,4,27,TV Series,9.5,26827,9.1,497554,24.0,"Animation ,Action ,Adventure",20.0,3.0,2022.0
24,Attack on Titan,4,28,TV Series,9.6,34755,9.1,497554,24.0,"Animation ,Action ,Adventure",3.0,4.0,2022.0
24,Attack on Titan,4,29,TV Series,9.3,50976,9.1,497554,24.0,"Animation ,Action ,Adventure",10.0,9.0,2023.0
24,Attack on Titan,3,20,TV Series,9.7,52430,9.1,497554,24.0,"Animation ,Action ,Adventure",17.0,6.0,2019.0
24,Attack on Titan,1,17,TV Series,9.1,19887,9.1,497554,24.0,"Animation ,Action ,Adventure",4.0,8.0,2013.0
24,Attack on Titan,3,22,TV Series,9.5,27512,9.1,497554,24.0,"Animation ,Action ,Adventure",1.0,7.0,2019.0
24,Attack on Titan,4,1,TV Series,9.2,40998,9.1,497554,24.0,"Animation ,Action ,Adventure",6.0,12.0,2020.0
24,Attack on Titan,4,2,TV Series,8.6,36241,9.1,497554,24.0,"Animation ,Action ,Adventure",13.0,12.0,2020.0
24,Attack on Titan,1,19,TV Series,8.9,18940,9.1,497554,24.0,"Animation ,Action ,Adventure",18.0,8.0,2013.0
24,Attack on Titan,1,18,TV Series,8.8,18695,9.1,497554,24.0,"Animation ,Action ,Adventure",11.0,8.0,2013.0
24,Attack on Titan,1,20,TV Series,9.1,19428,9.1,497554,24.0,"Animation ,Action ,Adventure",25.0,8.0,2013.0
24,Attack on Titan,1,21,TV Series,9.5,24299,9.1,497554,24.0,"Animation ,Action ,Adventure",1.0,9.0,2013.0
24,Attack on Titan,1,8,TV Series,9.1,21114,9.1,497554,24.0,"Animation ,Action ,Adventure",21.0,6.0,2014.0
24,Attack on Titan,1,6,TV Series,8.9,21213,9.1,497554,24.0,"Animation ,Action ,Adventure",7.0,6.0,2014.0
25,Scam 1992: The Harshad Mehta Story,1,9,TV Mini Series,9.2,2008,9.3,155404,54.0,"Biography ,Crime ,Drama",9.0,10.0,2020.0
25,Scam 1992: The Harshad Mehta Story,1,3,TV Mini Series,8.9,2148,9.3,155404,54.0,"Biography ,Crime ,Drama",9.0,10.0,2020.0
25,Scam 1992: The Harshad Mehta Story,1,2,TV Mini Series,8.8,2100,9.3,155404,54.0,"Biography ,Crime ,Drama",9.0,10.0,2020.0
25,Scam 1992: The Harshad Mehta Story,1,1,TV Mini Series,8.8,2724,9.3,155404,54.0,"Biography ,Crime ,Drama",9.0,10.0,2020.0
25,Scam 1992: The Harshad Mehta Story,1,6,TV Mini Series,8.9,1739,9.3,155404,54.0,"Biography ,Crime ,Drama",9.0,10.0,2020.0
25,Scam 1992: The Harshad Mehta Story,1,4,TV Mini Series,8.9,1930,9.3,155404,54.0,"Biography ,Crime ,Drama",9.0,10.0,2020.0
25,Scam 1992: The Harshad Mehta Story,1,5,TV Mini Series,8.9,1773,9.3,155404,54.0,"Biography ,Crime ,Drama",9.0,10.0,2020.0
25,Scam 1992: The Harshad Mehta Story,1,8,TV Mini Series,9.1,1811,9.3,155404,54.0,"Biography ,Crime ,Drama",9.0,10.0,2020.0
25,Scam 1992: The Harshad Mehta Story,1,7,TV Mini Series,8.7,1722,9.3,155404,54.0,"Biography ,Crime ,Drama",9.0,10.0,2020.0
25,Scam 1992: The Harshad Mehta Story,1,10,TV Mini Series,9.3,2245,9.3,155404,54.0,"Biography ,Crime ,Drama",9.0,10.0,2020.0
26,The Office,3,21,TV Series,8.7,6393,9.0,698370,22.0,Comedy,3.0,5.0,2007.0
26,The Office,3,20,TV Series,8.5,6281,9.0,698370,22.0,Comedy,26.0,4.0,2007.0
26,The Office,3,19,TV Series,8.6,6397,9.0,698370,22.0,Comedy,12.0,4.0,2007.0
26,The Office,3,18,TV Series,8.9,6892,9.0,698370,22.0,Comedy,5.0,4.0,2007.0
26,The Office,3,17,TV Series,8.3,6063,9.0,698370,22.0,Comedy,22.0,2.0,2007.0
26,The Office,5,11,TV Series,8.6,5601,9.0,698370,22.0,Comedy,15.0,1.0,2009.0
26,The Office,5,10,TV Series,8.2,5414,9.0,698370,22.0,Comedy,11.0,12.0,2008.0
26,The Office,5,9,TV Series,8.6,5718,9.0,698370,22.0,Comedy,4.0,12.0,2008.0
26,The Office,3,13,TV Series,8.7,6539,9.0,698370,22.0,Comedy,18.0,1.0,2007.0
26,The Office,3,12,TV Series,8.5,6253,9.0,698370,22.0,Comedy,11.0,1.0,2007.0
26,The Office,3,11,TV Series,8.5,6218,9.0,698370,22.0,Comedy,4.0,1.0,2007.0
26,The Office,3,10,TV Series,8.6,6882,9.0,698370,22.0,Comedy,14.0,12.0,2006.0
26,The Office,3,9,TV Series,8.2,6539,9.0,698370,22.0,Comedy,30.0,11.0,2006.0
26,The Office,3,8,TV Series,8.6,6520,9.0,698370,22.0,Comedy,16.0,11.0,2006.0
26,The Office,3,7,TV Series,8.5,6298,9.0,698370,22.0,Comedy,9.0,11.0,2006.0
26,The Office,3,6,TV Series,7.7,6363,9.0,698370,22.0,Comedy,2.0,11.0,2006.0
26,The Office,4,14,TV Series,9.2,7831,9.0,698370,22.0,Comedy,15.0,5.0,2008.0
26,The Office,4,13,TV Series,7.6,5388,9.0,698370,22.0,Comedy,8.0,5.0,2008.0
26,The Office,4,12,TV Series,8.1,5594,9.0,698370,22.0,Comedy,1.0,5.0,2008.0
26,The Office,4,11,TV Series,8.5,5844,9.0,698370,22.0,Comedy,24.0,4.0,2008.0
26,The Office,4,10,TV Series,7.8,5606,9.0,698370,22.0,Comedy,17.0,4.0,2008.0
26,The Office,6,1,TV Series,8.7,6057,9.0,698370,22.0,Comedy,17.0,9.0,2009.0
26,The Office,5,26,TV Series,8.9,6090,9.0,698370,22.0,Comedy,14.0,5.0,2009.0
26,The Office,5,25,TV Series,8.7,6086,9.0,698370,22.0,Comedy,7.0,5.0,2009.0
26,The Office,4,6,TV Series,8.3,5909,9.0,698370,22.0,Comedy,1.0,11.0,2007.0
26,The Office,4,5,TV Series,8.6,6306,9.0,698370,22.0,Comedy,25.0,10.0,2007.0
26,The Office,4,4,TV Series,8.5,6167,9.0,698370,22.0,Comedy,18.0,10.0,2007.0
26,The Office,4,3,TV Series,8.2,5828,9.0,698370,22.0,Comedy,11.0,10.0,2007.0
26,The Office,4,2,TV Series,8.1,5944,9.0,698370,22.0,Comedy,4.0,10.0,2007.0
26,The Office,4,1,TV Series,8.7,7094,9.0,698370,22.0,Comedy,27.0,9.0,2007.0
26,The Office,3,23,TV Series,9.2,7724,9.0,698370,22.0,Comedy,17.0,5.0,2007.0
26,The Office,3,22,TV Series,9.0,7340,9.0,698370,22.0,Comedy,10.0,5.0,2007.0
26,The Office,5,16,TV Series,7.8,5096,9.0,698370,22.0,Comedy,5.0,3.0,2009.0
26,The Office,5,15,TV Series,8.0,5170,9.0,698370,22.0,Comedy,12.0,2.0,2009.0
26,The Office,5,14,TV Series,8.0,5241,9.0,698370,22.0,Comedy,5.0,2.0,2009.0
26,The Office,5,13,TV Series,9.7,16463,9.0,698370,22.0,Comedy,1.0,2.0,2009.0
26,The Office,5,12,TV Series,7.8,5412,9.0,698370,22.0,Comedy,22.0,1.0,2009.0
26,The Office,6,17,TV Series,8.3,5013,9.0,698370,22.0,Comedy,4.0,3.0,2010.0
26,The Office,6,16,TV Series,7.9,4675,9.0,698370,22.0,Comedy,11.0,2.0,2010.0
26,The Office,6,15,TV Series,7.5,4741,9.0,698370,22.0,Comedy,4.0,2.0,2010.0
26,The Office,5,8,TV Series,8.5,5835,9.0,698370,22.0,Comedy,20.0,11.0,2008.0
26,The Office,5,7,TV Series,8.0,5246,9.0,698370,22.0,Comedy,13.0,11.0,2008.0
26,The Office,5,6,TV Series,8.4,5584,9.0,698370,22.0,Comedy,6.0,11.0,2008.0
26,The Office,5,5,TV Series,7.9,5351,9.0,698370,22.0,Comedy,30.0,10.0,2008.0
26,The Office,5,4,TV Series,7.9,5232,9.0,698370,22.0,Comedy,23.0,10.0,2008.0
26,The Office,5,3,TV Series,7.8,5430,9.0,698370,22.0,Comedy,16.0,10.0,2008.0
26,The Office,5,2,TV Series,8.1,5425,9.0,698370,22.0,Comedy,9.0,10.0,2008.0
26,The Office,5,1,TV Series,8.7,6454,9.0,698370,22.0,Comedy,25.0,9.0,2008.0
26,The Office,6,6,TV Series,7.5,5223,9.0,698370,22.0,Comedy,15.0,10.0,2009.0
26,The Office,6,5,TV Series,9.4,7818,9.0,698370,22.0,Comedy,8.0,10.0,2009.0
26,The Office,6,4,TV Series,9.2,8469,9.0,698370,22.0,Comedy,8.0,10.0,2009.0
26,The Office,6,3,TV Series,7.8,4927,9.0,698370,22.0,Comedy,1.0,10.0,2009.0
26,The Office,6,2,TV Series,7.9,4957,9.0,698370,22.0,Comedy,24.0,9.0,2009.0
26,The Office,7,7,TV Series,7.2,4742,9.0,698370,22.0,Comedy,4.0,11.0,2010.0
26,The Office,7,6,TV Series,8.0,4774,9.0,698370,22.0,Comedy,28.0,10.0,2010.0
26,The Office,7,5,TV Series,7.6,4620,9.0,698370,22.0,Comedy,21.0,10.0,2010.0
26,The Office,5,24,TV Series,8.1,5126,9.0,698370,22.0,Comedy,30.0,4.0,2009.0
26,The Office,5,23,TV Series,9.2,7203,9.0,698370,22.0,Comedy,23.0,4.0,2009.0
26,The Office,5,22,TV Series,8.5,5349,9.0,698370,22.0,Comedy,16.0,4.0,2009.0
26,The Office,5,21,TV Series,8.5,5627,9.0,698370,22.0,Comedy,9.0,4.0,2009.0
26,The Office,5,20,TV Series,8.1,5170,9.0,698370,22.0,Comedy,9.0,4.0,2009.0
26,The Office,5,19,TV Series,8.2,5165,9.0,698370,22.0,Comedy,26.0,3.0,2009.0
26,The Office,5,18,TV Series,8.1,5217,9.0,698370,22.0,Comedy,19.0,3.0,2009.0
26,The Office,5,17,TV Series,8.5,5574,9.0,698370,22.0,Comedy,12.0,3.0,2009.0
26,The Office,6,22,TV Series,7.6,4637,9.0,698370,22.0,Comedy,22.0,4.0,2010.0
26,The Office,6,21,TV Series,8.4,5217,9.0,698370,22.0,Comedy,25.0,3.0,2010.0
26,The Office,6,20,TV Series,7.6,4637,9.0,698370,22.0,Comedy,18.0,3.0,2010.0
26,The Office,6,19,TV Series,7.5,4611,9.0,698370,22.0,Comedy,11.0,3.0,2010.0
26,The Office,6,18,TV Series,8.4,4993,9.0,698370,22.0,Comedy,4.0,3.0,2010.0
26,The Office,7,23,TV Series,8.5,5049,9.0,698370,22.0,Comedy,12.0,5.0,2011.0
26,The Office,7,22,TV Series,7.4,4687,9.0,698370,22.0,Comedy,5.0,5.0,2011.0
26,The Office,7,21,TV Series,9.8,18057,9.0,698370,22.0,Comedy,28.0,4.0,2011.0
26,The Office,6,14,TV Series,6.7,6241,9.0,698370,22.0,Comedy,21.0,1.0,2010.0
26,The Office,6,13,TV Series,8.4,5211,9.0,698370,22.0,Comedy,10.0,12.0,2009.0
26,The Office,6,12,TV Series,8.2,5662,9.0,698370,22.0,Comedy,3.0,12.0,2009.0
26,The Office,6,11,TV Series,8.0,4942,9.0,698370,22.0,Comedy,19.0,11.0,2009.0
26,The Office,6,10,TV Series,8.6,5885,9.0,698370,22.0,Comedy,12.0,11.0,2009.0
26,The Office,6,9,TV Series,7.9,4918,9.0,698370,22.0,Comedy,5.0,11.0,2009.0
26,The Office,6,8,TV Series,8.0,4966,9.0,698370,22.0,Comedy,29.0,10.0,2009.0
26,The Office,6,7,TV Series,8.5,5454,9.0,698370,22.0,Comedy,22.0,10.0,2009.0
26,The Office,7,12,TV Series,8.1,4857,9.0,698370,22.0,Comedy,20.0,1.0,2011.0
26,The Office,7,11,TV Series,8.8,6008,9.0,698370,22.0,Comedy,9.0,12.0,2010.0
26,The Office,7,10,TV Series,8.0,4820,9.0,698370,22.0,Comedy,2.0,12.0,2010.0
26,The Office,7,9,TV Series,7.5,4556,9.0,698370,22.0,Comedy,18.0,11.0,2010.0
26,The Office,7,8,TV Series,7.7,4706,9.0,698370,22.0,Comedy,11.0,11.0,2010.0
26,The Office,8,15,TV Series,7.6,4298,9.0,698370,22.0,Comedy,16.0,2.0,2012.0
26,The Office,8,14,TV Series,7.5,4077,9.0,698370,22.0,Comedy,9.0,2.0,2012.0
26,The Office,8,13,TV Series,7.3,4165,9.0,698370,22.0,Comedy,2.0,2.0,2012.0
26,The Office,7,4,TV Series,7.7,4724,9.0,698370,22.0,Comedy,14.0,10.0,2010.0
26,The Office,7,3,TV Series,8.1,5125,9.0,698370,22.0,Comedy,7.0,10.0,2010.0
26,The Office,7,2,TV Series,8.1,4789,9.0,698370,22.0,Comedy,30.0,9.0,2010.0
26,The Office,7,1,TV Series,8.2,5213,9.0,698370,22.0,Comedy,23.0,9.0,2010.0
26,The Office,6,26,TV Series,7.8,4595,9.0,698370,22.0,Comedy,20.0,5.0,2010.0
26,The Office,6,25,TV Series,7.6,4468,9.0,698370,22.0,Comedy,13.0,5.0,2010.0
26,The Office,6,24,TV Series,8.0,4699,9.0,698370,22.0,Comedy,6.0,5.0,2010.0
26,The Office,6,23,TV Series,7.7,4620,9.0,698370,22.0,Comedy,29.0,4.0,2010.0
26,The Office,8,4,TV Series,8.0,4874,9.0,698370,22.0,Comedy,13.0,10.0,2011.0
26,The Office,8,3,TV Series,7.1,4422,9.0,698370,22.0,Comedy,6.0,10.0,2011.0
26,The Office,8,2,TV Series,8.0,4633,9.0,698370,22.0,Comedy,29.0,9.0,2011.0
26,The Office,8,1,TV Series,7.9,4861,9.0,698370,22.0,Comedy,22.0,9.0,2011.0
26,The Office,7,24,TV Series,8.5,5254,9.0,698370,22.0,Comedy,19.0,5.0,2011.0
26,The Office,9,7,TV Series,7.4,4110,9.0,698370,22.0,Comedy,15.0,11.0,2012.0
26,The Office,9,6,TV Series,7.5,4304,9.0,698370,22.0,Comedy,8.0,11.0,2012.0
26,The Office,9,5,TV Series,6.7,4353,9.0,698370,22.0,Comedy,25.0,10.0,2012.0
26,The Office,7,20,TV Series,8.9,6596,9.0,698370,22.0,Comedy,21.0,4.0,2011.0
26,The Office,7,19,TV Series,7.5,4687,9.0,698370,22.0,Comedy,14.0,4.0,2011.0
26,The Office,7,18,TV Series,9.3,8016,9.0,698370,22.0,Comedy,24.0,3.0,2011.0
26,The Office,7,17,TV Series,7.3,4543,9.0,698370,22.0,Comedy,24.0,2.0,2011.0
26,The Office,7,16,TV Series,9.3,10074,9.0,698370,22.0,Comedy,17.0,2.0,2011.0
26,The Office,7,15,TV Series,8.3,4947,9.0,698370,22.0,Comedy,10.0,2.0,2011.0
26,The Office,7,14,TV Series,8.4,5074,9.0,698370,22.0,Comedy,3.0,2.0,2011.0
26,The Office,7,13,TV Series,7.5,4616,9.0,698370,22.0,Comedy,27.0,1.0,2011.0
26,The Office,8,20,TV Series,6.8,4260,9.0,698370,22.0,Comedy,12.0,4.0,2012.0
26,The Office,8,19,TV Series,6.4,4801,9.0,698370,22.0,Comedy,15.0,3.0,2012.0
26,The Office,8,18,TV Series,7.6,4158,9.0,698370,22.0,Comedy,8.0,3.0,2012.0
26,The Office,8,17,TV Series,7.6,4259,9.0,698370,22.0,Comedy,1.0,3.0,2012.0
26,The Office,8,16,TV Series,7.9,4457,9.0,698370,22.0,Comedy,23.0,2.0,2012.0
26,The Office,9,23,TV Series,9.8,21366,9.0,698370,22.0,Comedy,16.0,5.0,2013.0
26,The Office,9,22,TV Series,9.4,8408,9.0,698370,22.0,Comedy,9.0,5.0,2013.0
26,The Office,9,21,TV Series,9.0,6439,9.0,698370,22.0,Comedy,2.0,5.0,2013.0
26,The Office,8,12,TV Series,7.9,4643,9.0,698370,22.0,Comedy,19.0,1.0,2012.0
26,The Office,8,11,TV Series,7.7,4282,9.0,698370,22.0,Comedy,12.0,1.0,2012.0
26,The Office,8,10,TV Series,7.7,4312,9.0,698370,22.0,Comedy,8.0,12.0,2011.0
26,The Office,8,9,TV Series,7.5,4412,9.0,698370,22.0,Comedy,1.0,12.0,2011.0
26,The Office,8,8,TV Series,6.6,4492,9.0,698370,22.0,Comedy,17.0,11.0,2011.0
26,The Office,8,7,TV Series,7.5,4499,9.0,698370,22.0,Comedy,10.0,11.0,2011.0
26,The Office,8,6,TV Series,7.4,4226,9.0,698370,22.0,Comedy,3.0,11.0,2011.0
26,The Office,8,5,TV Series,7.3,4369,9.0,698370,22.0,Comedy,27.0,10.0,2011.0
26,The Office,9,15,TV Series,7.0,4167,9.0,698370,22.0,Comedy,7.0,2.0,2013.0
26,The Office,9,14,TV Series,7.2,4092,9.0,698370,22.0,Comedy,31.0,1.0,2013.0
26,The Office,9,13,TV Series,7.3,4056,9.0,698370,22.0,Comedy,31.0,1.0,2013.0
26,The Office,9,12,TV Series,7.6,4275,9.0,698370,22.0,Comedy,24.0,1.0,2013.0
26,The Office,9,11,TV Series,7.6,4185,9.0,698370,22.0,Comedy,17.0,1.0,2013.0
26,The Office,9,10,TV Series,7.4,4246,9.0,698370,22.0,Comedy,10.0,1.0,2013.0
26,The Office,9,9,TV Series,8.2,4773,9.0,698370,22.0,Comedy,6.0,12.0,2012.0
26,The Office,9,8,TV Series,7.7,4297,9.0,698370,22.0,Comedy,29.0,11.0,2012.0
26,The Office,9,4,TV Series,7.6,4490,9.0,698370,22.0,Comedy,18.0,10.0,2012.0
26,The Office,9,3,TV Series,7.1,4229,9.0,698370,22.0,Comedy,4.0,10.0,2012.0
26,The Office,9,2,TV Series,6.9,4277,9.0,698370,22.0,Comedy,27.0,9.0,2012.0
26,The Office,9,1,TV Series,7.3,4455,9.0,698370,22.0,Comedy,20.0,9.0,2012.0
26,The Office,8,24,TV Series,7.5,4193,9.0,698370,22.0,Comedy,10.0,5.0,2012.0
26,The Office,8,23,TV Series,7.4,4021,9.0,698370,22.0,Comedy,3.0,5.0,2012.0
26,The Office,8,22,TV Series,6.8,4097,9.0,698370,22.0,Comedy,26.0,4.0,2012.0
26,The Office,8,21,TV Series,6.7,4640,9.0,698370,22.0,Comedy,19.0,4.0,2012.0
26,The Office,3,5,TV Series,7.9,6085,9.0,698370,22.0,Comedy,19.0,10.0,2006.0
26,The Office,3,4,TV Series,7.8,6266,9.0,698370,22.0,Comedy,12.0,10.0,2006.0
26,The Office,3,3,TV Series,8.4,6542,9.0,698370,22.0,Comedy,5.0,10.0,2006.0
26,The Office,3,2,TV Series,8.0,6266,9.0,698370,22.0,Comedy,28.0,9.0,2006.0
26,The Office,3,1,TV Series,8.9,8530,9.0,698370,22.0,Comedy,21.0,9.0,2006.0
26,The Office,4,9,TV Series,9.4,11891,9.0,698370,22.0,Comedy,10.0,4.0,2008.0
26,The Office,4,8,TV Series,8.6,6052,9.0,698370,22.0,Comedy,15.0,11.0,2007.0
26,The Office,4,7,TV Series,8.0,5709,9.0,698370,22.0,Comedy,8.0,11.0,2007.0
26,The Office,2,19,TV Series,8.0,6385,9.0,698370,22.0,Comedy,30.0,3.0,2006.0
26,The Office,2,18,TV Series,8.2,6632,9.0,698370,22.0,Comedy,16.0,3.0,2006.0
26,The Office,2,17,TV Series,8.3,6769,9.0,698370,22.0,Comedy,2.0,3.0,2006.0
26,The Office,2,16,TV Series,8.2,6408,9.0,698370,22.0,Comedy,9.0,2.0,2006.0
26,The Office,2,15,TV Series,8.0,6409,9.0,698370,22.0,Comedy,2.0,2.0,2006.0
26,The Office,2,14,TV Series,7.6,6418,9.0,698370,22.0,Comedy,26.0,1.0,2006.0
26,The Office,2,13,TV Series,8.1,6493,9.0,698370,22.0,Comedy,19.0,1.0,2006.0
26,The Office,2,12,TV Series,9.0,8657,9.0,698370,22.0,Comedy,12.0,1.0,2006.0
26,The Office,9,20,TV Series,7.8,4399,9.0,698370,22.0,Comedy,25.0,4.0,2013.0
26,The Office,9,19,TV Series,7.8,4315,9.0,698370,22.0,Comedy,11.0,4.0,2013.0
26,The Office,9,18,TV Series,7.7,4155,9.0,698370,22.0,Comedy,4.0,4.0,2013.0
26,The Office,9,17,TV Series,7.3,4670,9.0,698370,22.0,Comedy,14.0,3.0,2013.0
26,The Office,9,16,TV Series,7.8,4458,9.0,698370,22.0,Comedy,14.0,2.0,2013.0
26,The Office,2,11,TV Series,8.5,7316,9.0,698370,22.0,Comedy,5.0,1.0,2006.0
26,The Office,2,10,TV Series,8.7,7544,9.0,698370,22.0,Comedy,6.0,12.0,2005.0
26,The Office,2,9,TV Series,8.2,6847,9.0,698370,22.0,Comedy,22.0,11.0,2005.0
26,The Office,2,8,TV Series,8.0,6669,9.0,698370,22.0,Comedy,15.0,11.0,2005.0
26,The Office,2,7,TV Series,8.5,7400,9.0,698370,22.0,Comedy,8.0,11.0,2005.0
26,The Office,3,16,TV Series,8.8,7074,9.0,698370,22.0,Comedy,15.0,2.0,2007.0
26,The Office,3,15,TV Series,8.0,6156,9.0,698370,22.0,Comedy,8.0,2.0,2007.0
26,The Office,3,14,TV Series,7.9,6060,9.0,698370,22.0,Comedy,1.0,2.0,2007.0
26,The Office,2,3,TV Series,8.2,7540,9.0,698370,22.0,Comedy,4.0,10.0,2005.0
26,The Office,2,2,TV Series,8.1,7652,9.0,698370,22.0,Comedy,27.0,9.0,2005.0
26,The Office,2,1,TV Series,8.6,8889,9.0,698370,22.0,Comedy,20.0,9.0,2005.0
26,The Office,1,6,TV Series,7.6,7888,9.0,698370,22.0,Comedy,26.0,4.0,2005.0
26,The Office,1,5,TV Series,8.2,8868,9.0,698370,22.0,Comedy,19.0,4.0,2005.0
26,The Office,1,4,TV Series,7.8,8000,9.0,698370,22.0,Comedy,12.0,4.0,2005.0
26,The Office,1,3,TV Series,7.6,8294,9.0,698370,22.0,Comedy,5.0,4.0,2005.0
26,The Office,1,2,TV Series,8.1,9978,9.0,698370,22.0,Comedy,16.0,3.0,2005.0
26,The Office,1,1,TV Series,7.3,10117,9.0,698370,22.0,Comedy,24.0,3.0,2005.0
26,The Office,2,22,TV Series,9.3,9407,9.0,698370,22.0,Comedy,11.0,5.0,2006.0
26,The Office,2,21,TV Series,8.6,6648,9.0,698370,22.0,Comedy,4.0,5.0,2006.0
26,The Office,2,20,TV Series,8.2,6486,9.0,698370,22.0,Comedy,27.0,4.0,2006.0
26,The Office,2,6,TV Series,7.9,7036,9.0,698370,22.0,Comedy,1.0,11.0,2005.0
26,The Office,2,5,TV Series,7.9,7025,9.0,698370,22.0,Comedy,18.0,10.0,2005.0
26,The Office,2,4,TV Series,8.1,7414,9.0,698370,22.0,Comedy,11.0,10.0,2005.0
27,The Blue Planet,1,7,TV Mini Series,8.1,669,9.0,42393,389.0,Documentary,24.0,10.0,2001.0
27,The Blue Planet,1,5,TV Mini Series,8.0,673,9.0,42393,389.0,Documentary,10.0,10.0,2001.0
27,The Blue Planet,1,6,TV Mini Series,8.1,687,9.0,42393,389.0,Documentary,17.0,10.0,2001.0
27,The Blue Planet,1,4,TV Mini Series,8.3,743,9.0,42393,389.0,Documentary,4.0,10.0,2001.0
27,The Blue Planet,1,8,TV Mini Series,8.2,676,9.0,42393,389.0,Documentary,31.0,10.0,2001.0
27,The Blue Planet,1,1,TV Mini Series,8.3,869,9.0,42393,389.0,Documentary,27.0,1.0,2002.0
27,The Blue Planet,1,2,TV Mini Series,8.7,896,9.0,42393,389.0,Documentary,19.0,9.0,2001.0
27,The Blue Planet,1,3,TV Mini Series,8.0,736,9.0,42393,389.0,Documentary,26.0,9.0,2001.0
28,Arcane,1,7,TV Series,9.2,12972,9.0,262102,41.0,"Animation ,Action ,Adventure",20.0,11.0,2021.0
28,Arcane,1,5,TV Series,8.9,12830,9.0,262102,41.0,"Animation ,Action ,Adventure",13.0,11.0,2021.0
28,Arcane,2,1,TV Series,7.7,0,9.0,262102,41.0,"Animation ,Action ,Adventure",35.0,11.0,2024.0
28,Arcane,1,2,TV Series,8.5,14311,9.0,262102,41.0,"Animation ,Action ,Adventure",6.0,11.0,2021.0
28,Arcane,1,8,TV Series,9.2,12528,9.0,262102,41.0,"Animation ,Action ,Adventure",20.0,11.0,2021.0
28,Arcane,1,9,TV Series,9.6,18445,9.0,262102,41.0,"Animation ,Action ,Adventure",20.0,11.0,2021.0
28,Arcane,1,1,TV Series,8.5,15819,9.0,262102,41.0,"Animation ,Action ,Adventure",6.0,11.0,2021.0
28,Arcane,1,4,TV Series,8.7,12980,9.0,262102,41.0,"Animation ,Action ,Adventure",13.0,11.0,2021.0
28,Arcane,1,6,TV Series,9.2,13522,9.0,262102,41.0,"Animation ,Action ,Adventure",13.0,11.0,2021.0
28,Arcane,1,3,TV Series,9.6,20325,9.0,262102,41.0,"Animation ,Action ,Adventure",6.0,11.0,2021.0
29,Better Call Saul,2,4,TV Series,8.9,13623,9.0,635337,3154.0,"Crime ,Drama",7.0,3.0,2016.0
29,Better Call Saul,2,3,TV Series,8.2,12582,9.0,635337,3154.0,"Crime ,Drama",29.0,2.0,2016.0
29,Better Call Saul,1,10,TV Series,8.6,16130,9.0,635337,3154.0,"Crime ,Drama",6.0,4.0,2015.0
29,Better Call Saul,2,1,TV Series,8.2,14015,9.0,635337,3154.0,"Crime ,Drama",15.0,2.0,2016.0
29,Better Call Saul,2,2,TV Series,8.5,13109,9.0,635337,3154.0,"Crime ,Drama",22.0,2.0,2016.0
29,Better Call Saul,5,7,TV Series,9.0,14607,9.0,635337,3154.0,"Crime ,Drama",30.0,3.0,2020.0
29,Better Call Saul,5,8,TV Series,9.7,26708,9.0,635337,3154.0,"Crime ,Drama",6.0,4.0,2020.0
29,Better Call Saul,5,9,TV Series,9.7,26172,9.0,635337,3154.0,"Crime ,Drama",13.0,4.0,2020.0
29,Better Call Saul,1,9,TV Series,9.4,20371,9.0,635337,3154.0,"Crime ,Drama",30.0,3.0,2015.0
29,Better Call Saul,1,2,TV Series,8.9,21510,9.0,635337,3154.0,"Crime ,Drama",9.0,2.0,2015.0
29,Better Call Saul,1,6,TV Series,9.4,24940,9.0,635337,3154.0,"Crime ,Drama",9.0,3.0,2015.0
29,Better Call Saul,1,7,TV Series,8.6,15543,9.0,635337,3154.0,"Crime ,Drama",16.0,3.0,2015.0
29,Better Call Saul,1,8,TV Series,8.6,15212,9.0,635337,3154.0,"Crime ,Drama",23.0,3.0,2015.0
29,Better Call Saul,6,12,TV Series,9.5,27923,9.0,635337,3154.0,"Crime ,Drama",8.0,8.0,2022.0
29,Better Call Saul,2,8,TV Series,8.3,11986,9.0,635337,3154.0,"Crime ,Drama",4.0,4.0,2016.0
29,Better Call Saul,2,9,TV Series,9.3,14854,9.0,635337,3154.0,"Crime ,Drama",11.0,4.0,2016.0
29,Better Call Saul,2,10,TV Series,9.0,13653,9.0,635337,3154.0,"Crime ,Drama",18.0,4.0,2016.0
29,Better Call Saul,3,1,TV Series,8.1,12953,9.0,635337,3154.0,"Crime ,Drama",10.0,4.0,2017.0
29,Better Call Saul,3,2,TV Series,9.0,13674,9.0,635337,3154.0,"Crime ,Drama",17.0,4.0,2017.0
29,Better Call Saul,3,3,TV Series,8.4,12018,9.0,635337,3154.0,"Crime ,Drama",24.0,4.0,2017.0
29,Better Call Saul,3,4,TV Series,8.9,12988,9.0,635337,3154.0,"Crime ,Drama",1.0,5.0,2017.0
29,Better Call Saul,3,5,TV Series,9.7,27301,9.0,635337,3154.0,"Crime ,Drama",8.0,5.0,2017.0
29,Better Call Saul,3,6,TV Series,8.4,11830,9.0,635337,3154.0,"Crime ,Drama",15.0,5.0,2017.0
29,Better Call Saul,3,7,TV Series,8.2,11564,9.0,635337,3154.0,"Crime ,Drama",22.0,5.0,2017.0
29,Better Call Saul,3,8,TV Series,8.5,11508,9.0,635337,3154.0,"Crime ,Drama",5.0,6.0,2017.0
29,Better Call Saul,3,9,TV Series,8.8,12012,9.0,635337,3154.0,"Crime ,Drama",12.0,6.0,2017.0
29,Better Call Saul,3,10,TV Series,9.2,14820,9.0,635337,3154.0,"Crime ,Drama",19.0,6.0,2017.0
29,Better Call Saul,2,5,TV Series,8.0,12518,9.0,635337,3154.0,"Crime ,Drama",14.0,3.0,2016.0
29,Better Call Saul,2,6,TV Series,8.4,12281,9.0,635337,3154.0,"Crime ,Drama",21.0,3.0,2016.0
29,Better Call Saul,2,7,TV Series,8.3,12151,9.0,635337,3154.0,"Crime ,Drama",28.0,3.0,2016.0
29,Better Call Saul,1,1,TV Series,8.4,22562,9.0,635337,3154.0,"Crime ,Drama",8.0,2.0,2015.0
29,Better Call Saul,6,3,TV Series,9.7,32788,9.0,635337,3154.0,"Crime ,Drama",25.0,4.0,2022.0
29,Better Call Saul,5,10,TV Series,9.4,19045,9.0,635337,3154.0,"Crime ,Drama",20.0,4.0,2020.0
29,Better Call Saul,6,1,TV Series,8.7,19692,9.0,635337,3154.0,"Crime ,Drama",18.0,4.0,2022.0
29,Better Call Saul,6,2,TV Series,9.1,20031,9.0,635337,3154.0,"Crime ,Drama",18.0,4.0,2022.0
29,Better Call Saul,6,5,TV Series,8.1,17063,9.0,635337,3154.0,"Crime ,Drama",9.0,5.0,2022.0
29,Better Call Saul,6,4,TV Series,8.6,17617,9.0,635337,3154.0,"Crime ,Drama",2.0,5.0,2022.0
29,Better Call Saul,5,1,TV Series,8.7,13905,9.0,635337,3154.0,"Crime ,Drama",23.0,2.0,2020.0
29,Better Call Saul,4,10,TV Series,9.5,18235,9.0,635337,3154.0,"Crime ,Drama",8.0,10.0,2018.0
29,Better Call Saul,4,9,TV Series,9.1,12538,9.0,635337,3154.0,"Crime ,Drama",1.0,10.0,2018.0
29,Better Call Saul,4,8,TV Series,8.8,12089,9.0,635337,3154.0,"Crime ,Drama",24.0,9.0,2018.0
29,Better Call Saul,4,7,TV Series,8.3,11247,9.0,635337,3154.0,"Crime ,Drama",17.0,9.0,2018.0
29,Better Call Saul,4,6,TV Series,8.5,11270,9.0,635337,3154.0,"Crime ,Drama",10.0,9.0,2018.0
29,Better Call Saul,1,3,TV Series,8.7,18344,9.0,635337,3154.0,"Crime ,Drama",16.0,2.0,2015.0
29,Better Call Saul,1,4,TV Series,8.4,16727,9.0,635337,3154.0,"Crime ,Drama",23.0,2.0,2015.0
29,Better Call Saul,1,5,TV Series,8.0,16236,9.0,635337,3154.0,"Crime ,Drama",2.0,3.0,2015.0
29,Better Call Saul,6,7,TV Series,9.9,55591,9.0,635337,3154.0,"Crime ,Drama",23.0,5.0,2022.0
29,Better Call Saul,6,8,TV Series,9.7,38676,9.0,635337,3154.0,"Crime ,Drama",11.0,7.0,2022.0
29,Better Call Saul,6,9,TV Series,9.4,25590,9.0,635337,3154.0,"Crime ,Drama",18.0,7.0,2022.0
29,Better Call Saul,6,10,TV Series,8.5,24242,9.0,635337,3154.0,"Crime ,Drama",25.0,7.0,2022.0
29,Better Call Saul,6,11,TV Series,9.0,26169,9.0,635337,3154.0,"Crime ,Drama",1.0,8.0,2022.0
29,Better Call Saul,6,13,TV Series,9.8,55552,9.0,635337,3154.0,"Crime ,Drama",15.0,8.0,2022.0
29,Better Call Saul,6,6,TV Series,8.2,16655,9.0,635337,3154.0,"Crime ,Drama",16.0,5.0,2022.0
29,Better Call Saul,4,1,TV Series,8.2,12310,9.0,635337,3154.0,"Crime ,Drama",6.0,8.0,2018.0
29,Better Call Saul,5,5,TV Series,8.5,12681,9.0,635337,3154.0,"Crime ,Drama",16.0,3.0,2020.0
29,Better Call Saul,5,2,TV Series,8.7,13221,9.0,635337,3154.0,"Crime ,Drama",24.0,2.0,2020.0
29,Better Call Saul,5,3,TV Series,9.0,13959,9.0,635337,3154.0,"Crime ,Drama",2.0,3.0,2020.0
29,Better Call Saul,5,4,TV Series,8.5,12491,9.0,635337,3154.0,"Crime ,Drama",9.0,3.0,2020.0
29,Better Call Saul,5,6,TV Series,9.3,15994,9.0,635337,3154.0,"Crime ,Drama",23.0,3.0,2020.0
29,Better Call Saul,4,2,TV Series,8.8,12401,9.0,635337,3154.0,"Crime ,Drama",13.0,8.0,2018.0
29,Better Call Saul,4,4,TV Series,8.2,11317,9.0,635337,3154.0,"Crime ,Drama",27.0,8.0,2018.0
29,Better Call Saul,4,3,TV Series,8.4,11431,9.0,635337,3154.0,"Crime ,Drama",20.0,8.0,2018.0
29,Better Call Saul,4,5,TV Series,8.5,11374,9.0,635337,3154.0,"Crime ,Drama",3.0,9.0,2018.0
30,Human Planet,1,6,TV Mini Series,8.4,363,9.0,27661,50.0,Documentary,17.0,2.0,2011.0
30,Human Planet,1,4,TV Mini Series,8.8,433,9.0,27661,50.0,Documentary,3.0,2.0,2011.0
30,Human Planet,1,5,TV Mini Series,8.6,378,9.0,27661,50.0,Documentary,10.0,2.0,2011.0
30,Human Planet,1,1,TV Mini Series,8.6,516,9.0,27661,50.0,Documentary,13.0,1.0,2011.0
30,Human Planet,1,3,TV Mini Series,8.7,433,9.0,27661,50.0,Documentary,27.0,1.0,2011.0
30,Human Planet,1,2,TV Mini Series,8.5,436,9.0,27661,50.0,Documentary,20.0,1.0,2011.0
30,Human Planet,1,8,TV Mini Series,8.1,356,9.0,27661,50.0,Documentary,3.0,3.0,2011.0
30,Human Planet,1,7,TV Mini Series,8.5,361,9.0,27661,50.0,Documentary,24.0,2.0,2011.0
31,Firefly,1,8,TV Series,9.0,4961,9.0,279809,616.0,"Adventure ,Drama ,Sci-Fi",15.0,11.0,2002.0
31,Firefly,1,12,TV Series,8.3,4461,9.0,279809,616.0,"Adventure ,Drama ,Sci-Fi",4.0,8.0,2003.0
31,Firefly,1,11,TV Series,8.8,5587,9.0,279809,616.0,"Adventure ,Drama ,Sci-Fi",20.0,12.0,2002.0
31,Firefly,1,9,TV Series,8.8,4763,9.0,279809,616.0,"Adventure ,Drama ,Sci-Fi",6.0,12.0,2002.0
31,Firefly,1,13,TV Series,8.8,4703,9.0,279809,616.0,"Adventure ,Drama ,Sci-Fi",21.0,7.0,2003.0
31,Firefly,1,14,TV Series,8.4,4543,9.0,279809,616.0,"Adventure ,Drama ,Sci-Fi",28.0,7.0,2003.0
31,Firefly,1,6,TV Series,8.4,4811,9.0,279809,616.0,"Adventure ,Drama ,Sci-Fi",1.0,11.0,2002.0
31,Firefly,1,4,TV Series,8.7,5191,9.0,279809,616.0,"Adventure ,Drama ,Sci-Fi",18.0,10.0,2002.0
31,Firefly,1,3,TV Series,9.0,5535,9.0,279809,616.0,"Adventure ,Drama ,Sci-Fi",4.0,10.0,2002.0
31,Firefly,1,2,TV Series,8.4,5044,9.0,279809,616.0,"Adventure ,Drama ,Sci-Fi",27.0,9.0,2002.0
31,Firefly,1,5,TV Series,9.3,6303,9.0,279809,616.0,"Adventure ,Drama ,Sci-Fi",25.0,10.0,2002.0
31,Firefly,1,7,TV Series,8.1,4637,9.0,279809,616.0,"Adventure ,Drama ,Sci-Fi",8.0,11.0,2002.0
31,Firefly,1,10,TV Series,9.2,5452,9.0,279809,616.0,"Adventure ,Drama ,Sci-Fi",13.0,12.0,2002.0
31,Firefly,1,1,TV Series,8.3,5454,9.0,279809,616.0,"Adventure ,Drama ,Sci-Fi",20.0,9.0,2002.0
32,Frozen Planet,1,2,TV Mini Series,8.5,781,9.0,32759,333.0,Documentary,18.0,3.0,2012.0
32,Frozen Planet,1,6,TV Mini Series,8.2,657,9.0,32759,333.0,Documentary,15.0,4.0,2012.0
32,Frozen Planet,1,7,TV Mini Series,8.1,630,9.0,32759,333.0,Documentary,22.0,4.0,2012.0
32,Frozen Planet,1,4,TV Mini Series,8.3,690,9.0,32759,333.0,Documentary,8.0,4.0,2012.0
32,Frozen Planet,1,5,TV Mini Series,8.6,698,9.0,32759,333.0,Documentary,1.0,4.0,2012.0
32,Frozen Planet,1,8,TV Mini Series,8.0,482,9.0,32759,333.0,Documentary,22.0,4.0,2012.0
32,Frozen Planet,1,3,TV Mini Series,8.3,711,9.0,32759,333.0,Documentary,25.0,3.0,2012.0
32,Frozen Planet,1,10,TV Mini Series,7.7,70,9.0,32759,333.0,Documentary,8.0,4.0,2012.0
32,Frozen Planet,1,1,TV Mini Series,8.7,884,9.0,32759,333.0,Documentary,18.0,3.0,2012.0
32,Frozen Planet,1,9,TV Mini Series,7.7,441,9.0,32759,333.0,Documentary,8.0,4.0,2012.0
33,Clarkson's Farm,2,5,TV Series,9.2,977,9.0,54231,45.0,"Documentary ,Comedy ,Reality-TV",10.0,2.0,2023.0
33,Clarkson's Farm,3,1,TV Series,7.7,0,9.0,54231,45.0,"Documentary ,Comedy ,Reality-TV",3.0,5.0,2024.0
33,Clarkson's Farm,2,6,TV Series,9.0,951,9.0,54231,45.0,"Documentary ,Comedy ,Reality-TV",10.0,2.0,2023.0
33,Clarkson's Farm,2,3,TV Series,8.8,996,9.0,54231,45.0,"Documentary ,Comedy ,Reality-TV",10.0,2.0,2023.0
33,Clarkson's Farm,2,7,TV Series,9.1,961,9.0,54231,45.0,"Documentary ,Comedy ,Reality-TV",10.0,2.0,2023.0
33,Clarkson's Farm,2,1,TV Series,8.6,1129,9.0,54231,45.0,"Documentary ,Comedy ,Reality-TV",10.0,2.0,2023.0
33,Clarkson's Farm,2,4,TV Series,8.8,971,9.0,54231,45.0,"Documentary ,Comedy ,Reality-TV",10.0,2.0,2023.0
33,Clarkson's Farm,1,8,TV Series,9.2,1425,9.0,54231,45.0,"Documentary ,Comedy ,Reality-TV",11.0,6.0,2021.0
33,Clarkson's Farm,1,7,TV Series,8.7,1174,9.0,54231,45.0,"Documentary ,Comedy ,Reality-TV",11.0,6.0,2021.0
33,Clarkson's Farm,1,5,TV Series,8.8,1291,9.0,54231,45.0,"Documentary ,Comedy ,Reality-TV",11.0,6.0,2021.0
33,Clarkson's Farm,1,6,TV Series,8.5,1176,9.0,54231,45.0,"Documentary ,Comedy ,Reality-TV",11.0,6.0,2021.0
33,Clarkson's Farm,1,4,TV Series,8.6,1249,9.0,54231,45.0,"Documentary ,Comedy ,Reality-TV",11.0,6.0,2021.0
33,Clarkson's Farm,2,2,TV Series,8.8,1054,9.0,54231,45.0,"Documentary ,Comedy ,Reality-TV",10.0,2.0,2023.0
33,Clarkson's Farm,4,1,TV Series,7.3,0,9.0,54231,45.0,"Documentary ,Comedy ,Reality-TV",35.0,15.0,2050.0
33,Clarkson's Farm,2,8,TV Series,9.5,1315,9.0,54231,45.0,"Documentary ,Comedy ,Reality-TV",10.0,2.0,2023.0
33,Clarkson's Farm,1,1,TV Series,8.4,1508,9.0,54231,45.0,"Documentary ,Comedy ,Reality-TV",10.0,6.0,2021.0
33,Clarkson's Farm,1,2,TV Series,8.6,1398,9.0,54231,45.0,"Documentary ,Comedy ,Reality-TV",11.0,6.0,2021.0
33,Clarkson's Farm,1,3,TV Series,8.7,1288,9.0,54231,45.0,"Documentary ,Comedy ,Reality-TV",11.0,6.0,2021.0
34,Hunter x Hunter,1,45,TV Series,8.5,1382,9.0,130361,24.0,"Animation ,Action ,Adventure",2.0,4.0,2017.0
34,Hunter x Hunter,1,14,TV Series,7.4,1383,9.0,130361,24.0,"Animation ,Action ,Adventure",31.0,7.0,2016.0
34,Hunter x Hunter,1,15,TV Series,7.8,1384,9.0,130361,24.0,"Animation ,Action ,Adventure",7.0,8.0,2016.0
34,Hunter x Hunter,1,16,TV Series,8.7,1631,9.0,130361,24.0,"Animation ,Action ,Adventure",14.0,8.0,2016.0
34,Hunter x Hunter,1,17,TV Series,7.8,1372,9.0,130361,24.0,"Animation ,Action ,Adventure",21.0,8.0,2016.0
34,Hunter x Hunter,1,18,TV Series,7.8,1367,9.0,130361,24.0,"Animation ,Action ,Adventure",28.0,8.0,2016.0
34,Hunter x Hunter,1,19,TV Series,8.6,1672,9.0,130361,24.0,"Animation ,Action ,Adventure",11.0,9.0,2016.0
34,Hunter x Hunter,1,20,TV Series,8.8,1840,9.0,130361,24.0,"Animation ,Action ,Adventure",18.0,9.0,2016.0
34,Hunter x Hunter,1,21,TV Series,7.7,1352,9.0,130361,24.0,"Animation ,Action ,Adventure",25.0,9.0,2016.0
34,Hunter x Hunter,1,22,TV Series,7.4,1334,9.0,130361,24.0,"Animation ,Action ,Adventure",2.0,10.0,2016.0
34,Hunter x Hunter,1,23,TV Series,7.8,1368,9.0,130361,24.0,"Animation ,Action ,Adventure",9.0,10.0,2016.0
34,Hunter x Hunter,1,24,TV Series,8.1,1423,9.0,130361,24.0,"Animation ,Action ,Adventure",16.0,10.0,2016.0
34,Hunter x Hunter,1,40,TV Series,7.6,1250,9.0,130361,24.0,"Animation ,Action ,Adventure",26.0,2.0,2017.0
34,Hunter x Hunter,1,44,TV Series,9.0,1823,9.0,130361,24.0,"Animation ,Action ,Adventure",26.0,3.0,2017.0
34,Hunter x Hunter,1,13,TV Series,4.1,1364,9.0,130361,24.0,"Animation ,Action ,Adventure",24.0,7.0,2016.0
34,Hunter x Hunter,1,12,TV Series,7.7,1416,9.0,130361,24.0,"Animation ,Action ,Adventure",17.0,7.0,2016.0
34,Hunter x Hunter,1,28,TV Series,7.8,1309,9.0,130361,24.0,"Animation ,Action ,Adventure",20.0,11.0,2016.0
34,Hunter x Hunter,1,27,TV Series,8.0,1311,9.0,130361,24.0,"Animation ,Action ,Adventure",13.0,11.0,2016.0
34,Hunter x Hunter,1,26,TV Series,4.1,1212,9.0,130361,24.0,"Animation ,Action ,Adventure",6.0,11.0,2016.0
34,Hunter x Hunter,1,25,TV Series,7.7,1327,9.0,130361,24.0,"Animation ,Action ,Adventure",23.0,10.0,2016.0
34,Hunter x Hunter,1,11,TV Series,8.4,1638,9.0,130361,24.0,"Animation ,Action ,Adventure",10.0,7.0,2016.0
34,Hunter x Hunter,1,10,TV Series,7.7,1446,9.0,130361,24.0,"Animation ,Action ,Adventure",26.0,6.0,2016.0
34,Hunter x Hunter,1,9,TV Series,8.1,1493,9.0,130361,24.0,"Animation ,Action ,Adventure",19.0,6.0,2016.0
34,Hunter x Hunter,1,8,TV Series,7.6,1426,9.0,130361,24.0,"Animation ,Action ,Adventure",12.0,6.0,2016.0
34,Hunter x Hunter,1,7,TV Series,8.1,1556,9.0,130361,24.0,"Animation ,Action ,Adventure",5.0,6.0,2016.0
34,Hunter x Hunter,1,6,TV Series,7.2,1497,9.0,130361,24.0,"Animation ,Action ,Adventure",22.0,5.0,2016.0
34,Hunter x Hunter,1,5,TV Series,8.0,1573,9.0,130361,24.0,"Animation ,Action ,Adventure",15.0,5.0,2016.0
34,Hunter x Hunter,1,4,TV Series,7.8,1554,9.0,130361,24.0,"Animation ,Action ,Adventure",8.0,5.0,2016.0
34,Hunter x Hunter,1,3,TV Series,7.5,1594,9.0,130361,24.0,"Animation ,Action ,Adventure",1.0,5.0,2016.0
34,Hunter x Hunter,1,2,TV Series,7.6,1708,9.0,130361,24.0,"Animation ,Action ,Adventure",24.0,4.0,2016.0
34,Hunter x Hunter,1,1,TV Series,7.5,2022,9.0,130361,24.0,"Animation ,Action ,Adventure",17.0,4.0,2016.0
34,Hunter x Hunter,1,29,TV Series,7.7,1294,9.0,130361,24.0,"Animation ,Action ,Adventure",27.0,11.0,2016.0
34,Hunter x Hunter,1,30,TV Series,7.8,1299,9.0,130361,24.0,"Animation ,Action ,Adventure",4.0,12.0,2016.0
34,Hunter x Hunter,1,31,TV Series,8.1,1352,9.0,130361,24.0,"Animation ,Action ,Adventure",11.0,12.0,2016.0
34,Hunter x Hunter,1,32,TV Series,8.7,1620,9.0,130361,24.0,"Animation ,Action ,Adventure",18.0,12.0,2016.0
34,Hunter x Hunter,1,33,TV Series,8.0,1318,9.0,130361,24.0,"Animation ,Action ,Adventure",8.0,1.0,2017.0
34,Hunter x Hunter,1,35,TV Series,9.2,2123,9.0,130361,24.0,"Animation ,Action ,Adventure",22.0,1.0,2017.0
34,Hunter x Hunter,1,34,TV Series,8.4,1342,9.0,130361,24.0,"Animation ,Action ,Adventure",15.0,1.0,2017.0
34,Hunter x Hunter,1,36,TV Series,9.0,1884,9.0,130361,24.0,"Animation ,Action ,Adventure",29.0,1.0,2017.0
34,Hunter x Hunter,1,37,TV Series,7.9,1318,9.0,130361,24.0,"Animation ,Action ,Adventure",5.0,2.0,2017.0
34,Hunter x Hunter,1,41,TV Series,7.8,1285,9.0,130361,24.0,"Animation ,Action ,Adventure",5.0,3.0,2017.0
34,Hunter x Hunter,1,38,TV Series,7.5,1247,9.0,130361,24.0,"Animation ,Action ,Adventure",12.0,2.0,2017.0
34,Hunter x Hunter,1,39,TV Series,7.5,1243,9.0,130361,24.0,"Animation ,Action ,Adventure",19.0,2.0,2017.0
34,Hunter x Hunter,1,50,TV Series,8.4,1334,9.0,130361,24.0,"Animation ,Action ,Adventure",7.0,5.0,2017.0
34,Hunter x Hunter,1,49,TV Series,8.5,1397,9.0,130361,24.0,"Animation ,Action ,Adventure",30.0,4.0,2017.0
34,Hunter x Hunter,1,48,TV Series,7.2,1262,9.0,130361,24.0,"Animation ,Action ,Adventure",23.0,4.0,2017.0
34,Hunter x Hunter,1,42,TV Series,7.7,1287,9.0,130361,24.0,"Animation ,Action ,Adventure",12.0,3.0,2017.0
34,Hunter x Hunter,1,43,TV Series,8.5,1441,9.0,130361,24.0,"Animation ,Action ,Adventure",19.0,3.0,2017.0
34,Hunter x Hunter,1,47,TV Series,9.6,3682,9.0,130361,24.0,"Animation ,Action ,Adventure",16.0,4.0,2017.0
34,Hunter x Hunter,1,46,TV Series,8.0,1276,9.0,130361,24.0,"Animation ,Action ,Adventure",9.0,4.0,2017.0
35,Only Fools and Horses,8,1,TV Series,9.3,854,9.0,56202,95.0,Comedy,25.0,12.0,1996.0
35,Only Fools and Horses,4,5,TV Series,8.3,542,9.0,56202,95.0,Comedy,21.0,3.0,1985.0
35,Only Fools and Horses,4,8,TV Series,9.0,890,9.0,56202,95.0,Comedy,25.0,12.0,1985.0
35,Only Fools and Horses,5,1,TV Series,8.2,552,9.0,56202,95.0,Comedy,31.0,8.0,1986.0
35,Only Fools and Horses,4,6,TV Series,7.8,519,9.0,56202,95.0,Comedy,28.0,3.0,1985.0
35,Only Fools and Horses,4,7,TV Series,8.2,522,9.0,56202,95.0,Comedy,4.0,4.0,1985.0
35,Only Fools and Horses,5,4,TV Series,8.8,628,9.0,56202,95.0,Comedy,21.0,9.0,1986.0
35,Only Fools and Horses,5,5,TV Series,7.7,523,9.0,56202,95.0,Comedy,28.0,9.0,1986.0
35,Only Fools and Horses,5,6,TV Series,8.0,539,9.0,56202,95.0,Comedy,5.0,10.0,1986.0
35,Only Fools and Horses,5,7,TV Series,7.1,666,9.0,56202,95.0,Comedy,25.0,12.0,1986.0
35,Only Fools and Horses,5,8,TV Series,8.4,589,9.0,56202,95.0,Comedy,25.0,12.0,1987.0
35,Only Fools and Horses,5,9,TV Series,8.8,673,9.0,56202,95.0,Comedy,25.0,12.0,1988.0
35,Only Fools and Horses,5,2,TV Series,8.1,521,9.0,56202,95.0,Comedy,7.0,9.0,1986.0
35,Only Fools and Horses,5,3,TV Series,8.5,606,9.0,56202,95.0,Comedy,14.0,9.0,1986.0
35,Only Fools and Horses,9,3,TV Series,7.9,610,9.0,56202,95.0,Comedy,25.0,12.0,2003.0
35,Only Fools and Horses,8,3,TV Series,9.6,1111,9.0,56202,95.0,Comedy,29.0,12.0,1996.0
35,Only Fools and Horses,4,4,TV Series,7.9,582,9.0,56202,95.0,Comedy,14.0,3.0,1985.0
35,Only Fools and Horses,1,7,TV Series,7.6,601,9.0,56202,95.0,Comedy,28.0,12.0,1981.0
35,Only Fools and Horses,2,3,TV Series,8.8,715,9.0,56202,95.0,Comedy,4.0,11.0,1982.0
35,Only Fools and Horses,2,2,TV Series,8.1,591,9.0,56202,95.0,Comedy,28.0,10.0,1982.0
35,Only Fools and Horses,2,1,TV Series,8.0,627,9.0,56202,95.0,Comedy,21.0,10.0,1982.0
35,Only Fools and Horses,1,3,TV Series,8.0,709,9.0,56202,95.0,Comedy,22.0,9.0,1981.0
35,Only Fools and Horses,1,2,TV Series,8.1,749,9.0,56202,95.0,Comedy,15.0,9.0,1981.0
35,Only Fools and Horses,1,1,TV Series,7.7,859,9.0,56202,95.0,Comedy,8.0,9.0,1981.0
35,Only Fools and Horses,1,4,TV Series,7.6,665,9.0,56202,95.0,Comedy,29.0,9.0,1981.0
35,Only Fools and Horses,2,4,TV Series,7.9,589,9.0,56202,95.0,Comedy,11.0,11.0,1982.0
35,Only Fools and Horses,1,6,TV Series,7.8,670,9.0,56202,95.0,Comedy,13.0,10.0,1981.0
35,Only Fools and Horses,1,5,TV Series,7.5,641,9.0,56202,95.0,Comedy,6.0,10.0,1981.0
35,Only Fools and Horses,6,1,TV Series,9.2,760,9.0,56202,95.0,Comedy,8.0,1.0,1989.0
35,Only Fools and Horses,6,2,TV Series,9.1,704,9.0,56202,95.0,Comedy,15.0,1.0,1989.0
35,Only Fools and Horses,6,4,TV Series,9.1,737,9.0,56202,95.0,Comedy,29.0,1.0,1989.0
35,Only Fools and Horses,6,5,TV Series,8.2,577,9.0,56202,95.0,Comedy,5.0,2.0,1989.0
35,Only Fools and Horses,6,6,TV Series,8.9,637,9.0,56202,95.0,Comedy,12.0,2.0,1989.0
35,Only Fools and Horses,6,7,TV Series,9.6,1435,9.0,56202,95.0,Comedy,25.0,12.0,1989.0
35,Only Fools and Horses,7,1,TV Series,8.3,524,9.0,56202,95.0,Comedy,30.0,12.0,1990.0
35,Only Fools and Horses,7,0,TV Series,8.1,553,9.0,56202,95.0,Comedy,25.0,12.0,1990.0
35,Only Fools and Horses,7,2,TV Series,8.0,488,9.0,56202,95.0,Comedy,6.0,1.0,1991.0
35,Only Fools and Horses,7,3,TV Series,8.9,635,9.0,56202,95.0,Comedy,13.0,1.0,1991.0
35,Only Fools and Horses,7,7,TV Series,8.2,616,9.0,56202,95.0,Comedy,24.0,12.0,1991.0
35,Only Fools and Horses,7,4,TV Series,8.7,559,9.0,56202,95.0,Comedy,20.0,1.0,1991.0
35,Only Fools and Horses,7,5,TV Series,8.2,500,9.0,56202,95.0,Comedy,27.0,1.0,1991.0
35,Only Fools and Horses,7,6,TV Series,8.8,554,9.0,56202,95.0,Comedy,3.0,2.0,1991.0
35,Only Fools and Horses,7,9,TV Series,8.5,582,9.0,56202,95.0,Comedy,25.0,12.0,1992.0
35,Only Fools and Horses,7,8,TV Series,8.3,764,9.0,56202,95.0,Comedy,25.0,12.0,1991.0
35,Only Fools and Horses,7,10,TV Series,8.2,545,9.0,56202,95.0,Comedy,25.0,12.0,1993.0
35,Only Fools and Horses,8,2,TV Series,8.6,606,9.0,56202,95.0,Comedy,27.0,12.0,1996.0
35,Only Fools and Horses,6,3,TV Series,9.2,731,9.0,56202,95.0,Comedy,22.0,1.0,1989.0
35,Only Fools and Horses,4,3,TV Series,8.2,544,9.0,56202,95.0,Comedy,7.0,3.0,1985.0
35,Only Fools and Horses,9,1,TV Series,7.3,549,9.0,56202,95.0,Comedy,25.0,12.0,2001.0
35,Only Fools and Horses,9,2,TV Series,8.0,580,9.0,56202,95.0,Comedy,25.0,12.0,2002.0
35,Only Fools and Horses,3,8,TV Series,8.1,550,9.0,56202,95.0,Comedy,25.0,12.0,1983.0
35,Only Fools and Horses,3,7,TV Series,8.4,591,9.0,56202,95.0,Comedy,22.0,12.0,1983.0
35,Only Fools and Horses,3,6,TV Series,7.9,555,9.0,56202,95.0,Comedy,15.0,12.0,1983.0
35,Only Fools and Horses,3,5,TV Series,8.6,616,9.0,56202,95.0,Comedy,8.0,12.0,1983.0
35,Only Fools and Horses,3,4,TV Series,7.8,559,9.0,56202,95.0,Comedy,1.0,12.0,1983.0
35,Only Fools and Horses,3,3,TV Series,8.7,728,9.0,56202,95.0,Comedy,24.0,11.0,1983.0
35,Only Fools and Horses,3,2,TV Series,8.3,572,9.0,56202,95.0,Comedy,17.0,11.0,1983.0
35,Only Fools and Horses,3,1,TV Series,8.1,587,9.0,56202,95.0,Comedy,10.0,11.0,1983.0
35,Only Fools and Horses,2,8,TV Series,7.6,553,9.0,56202,95.0,Comedy,30.0,12.0,1982.0
35,Only Fools and Horses,2,7,TV Series,8.9,741,9.0,56202,95.0,Comedy,2.0,12.0,1982.0
35,Only Fools and Horses,2,6,TV Series,8.0,593,9.0,56202,95.0,Comedy,25.0,11.0,1982.0
35,Only Fools and Horses,2,5,TV Series,8.4,603,9.0,56202,95.0,Comedy,18.0,11.0,1982.0
35,Only Fools and Horses,4,2,TV Series,8.5,610,9.0,56202,95.0,Comedy,28.0,2.0,1985.0
35,Only Fools and Horses,4,1,TV Series,8.2,577,9.0,56202,95.0,Comedy,21.0,2.0,1985.0
36,Death Note,1,28,TV Series,7.3,3795,8.9,371946,24.0,"Animation ,Crime ,Drama",24.0,4.0,2007.0
36,Death Note,1,26,TV Series,6.9,4192,8.9,371946,24.0,"Animation ,Crime ,Drama",10.0,4.0,2007.0
36,Death Note,1,11,TV Series,8.6,4437,8.9,371946,24.0,"Animation ,Crime ,Drama",12.0,12.0,2006.0
36,Death Note,1,27,TV Series,7.2,3893,8.9,371946,24.0,"Animation ,Crime ,Drama",17.0,4.0,2007.0
36,Death Note,1,1,TV Series,8.4,6275,8.9,371946,24.0,"Animation ,Crime ,Drama",21.0,10.0,2007.0
36,Death Note,1,2,TV Series,8.9,6437,8.9,371946,24.0,"Animation ,Crime ,Drama",28.0,10.0,2007.0
36,Death Note,1,3,TV Series,8.4,5050,8.9,371946,24.0,"Animation ,Crime ,Drama",4.0,11.0,2007.0
36,Death Note,1,4,TV Series,8.7,5117,8.9,371946,24.0,"Animation ,Crime ,Drama",11.0,11.0,2007.0
36,Death Note,1,5,TV Series,8.4,4841,8.9,371946,24.0,"Animation ,Crime ,Drama",18.0,11.0,2007.0
36,Death Note,1,6,TV Series,8.2,4662,8.9,371946,24.0,"Animation ,Crime ,Drama",25.0,11.0,2007.0
36,Death Note,1,7,TV Series,9.0,5984,8.9,371946,24.0,"Animation ,Crime ,Drama",2.0,12.0,2007.0
36,Death Note,1,8,TV Series,8.4,4511,8.9,371946,24.0,"Animation ,Crime ,Drama",9.0,12.0,2007.0
36,Death Note,1,9,TV Series,8.5,4549,8.9,371946,24.0,"Animation ,Crime ,Drama",16.0,12.0,2007.0
36,Death Note,1,10,TV Series,8.1,4375,8.9,371946,24.0,"Animation ,Crime ,Drama",23.0,12.0,2007.0
36,Death Note,1,12,TV Series,8.2,4258,8.9,371946,24.0,"Animation ,Crime ,Drama",26.0,12.0,2006.0
36,Death Note,1,13,TV Series,8.3,4202,8.9,371946,24.0,"Animation ,Crime ,Drama",9.0,1.0,2007.0
36,Death Note,1,14,TV Series,8.2,4135,8.9,371946,24.0,"Animation ,Crime ,Drama",16.0,1.0,2007.0
36,Death Note,1,15,TV Series,8.8,4540,8.9,371946,24.0,"Animation ,Crime ,Drama",23.0,1.0,2007.0
36,Death Note,1,17,TV Series,8.0,4111,8.9,371946,24.0,"Animation ,Crime ,Drama",6.0,2.0,2007.0
36,Death Note,1,16,TV Series,8.2,4083,8.9,371946,24.0,"Animation ,Crime ,Drama",30.0,1.0,2007.0
36,Death Note,1,18,TV Series,7.3,4012,8.9,371946,24.0,"Animation ,Crime ,Drama",13.0,2.0,2007.0
36,Death Note,1,36,TV Series,8.8,4861,8.9,371946,24.0,"Animation ,Crime ,Drama",19.0,6.0,2007.0
36,Death Note,1,35,TV Series,7.9,3863,8.9,371946,24.0,"Animation ,Crime ,Drama",12.0,6.0,2007.0
36,Death Note,1,34,TV Series,7.2,3689,8.9,371946,24.0,"Animation ,Crime ,Drama",5.0,6.0,2007.0
36,Death Note,1,32,TV Series,7.7,3815,8.9,371946,24.0,"Animation ,Crime ,Drama",22.0,5.0,2007.0
36,Death Note,1,33,TV Series,7.1,3757,8.9,371946,24.0,"Animation ,Crime ,Drama",29.0,5.0,2007.0
36,Death Note,1,31,TV Series,7.6,3749,8.9,371946,24.0,"Animation ,Crime ,Drama",15.0,5.0,2007.0
36,Death Note,1,30,TV Series,7.5,3745,8.9,371946,24.0,"Animation ,Crime ,Drama",8.0,5.0,2007.0
36,Death Note,1,29,TV Series,7.9,3918,8.9,371946,24.0,"Animation ,Crime ,Drama",1.0,5.0,2007.0
36,Death Note,1,37,TV Series,8.6,6111,8.9,371946,24.0,"Animation ,Crime ,Drama",26.0,6.0,2007.0
36,Death Note,1,23,TV Series,8.8,4341,8.9,371946,24.0,"Animation ,Crime ,Drama",20.0,3.0,2007.0
36,Death Note,1,20,TV Series,7.3,3920,8.9,371946,24.0,"Animation ,Crime ,Drama",27.0,2.0,2007.0
36,Death Note,1,21,TV Series,7.7,3874,8.9,371946,24.0,"Animation ,Crime ,Drama",6.0,3.0,2007.0
36,Death Note,1,22,TV Series,8.1,3928,8.9,371946,24.0,"Animation ,Crime ,Drama",13.0,3.0,2007.0
36,Death Note,1,25,TV Series,9.5,8574,8.9,371946,24.0,"Animation ,Crime ,Drama",3.0,4.0,2007.0
36,Death Note,1,24,TV Series,9.2,6055,8.9,371946,24.0,"Animation ,Crime ,Drama",27.0,3.0,2007.0
36,Death Note,1,19,TV Series,7.6,3969,8.9,371946,24.0,"Animation ,Crime ,Drama",20.0,2.0,2007.0
37,The Civil War,1,6,TV Mini Series,8.6,341,9.0,18238,680.0,"Documentary ,History ,War",26.0,9.0,1990.0
37,The Civil War,1,7,TV Mini Series,8.5,340,9.0,18238,680.0,"Documentary ,History ,War",26.0,9.0,1990.0
37,The Civil War,1,5,TV Mini Series,8.8,368,9.0,18238,680.0,"Documentary ,History ,War",25.0,9.0,1990.0
37,The Civil War,1,3,TV Mini Series,8.4,387,9.0,18238,680.0,"Documentary ,History ,War",24.0,9.0,1990.0
37,The Civil War,1,4,TV Mini Series,8.5,375,9.0,18238,680.0,"Documentary ,History ,War",25.0,9.0,1990.0
37,The Civil War,1,1,TV Mini Series,8.6,478,9.0,18238,680.0,"Documentary ,History ,War",23.0,9.0,1990.0
37,The Civil War,1,2,TV Mini Series,8.4,416,9.0,18238,680.0,"Documentary ,History ,War",24.0,9.0,1990.0
37,The Civil War,1,9,TV Mini Series,8.8,343,9.0,18238,680.0,"Documentary ,History ,War",27.0,9.0,1990.0
37,The Civil War,1,8,TV Mini Series,8.7,335,9.0,18238,680.0,"Documentary ,History ,War",27.0,9.0,1990.0
38,True Detective,4,6,TV Series,5.5,7881,8.9,640893,55.0,"Crime ,Drama ,Mystery",18.0,2.0,2024.0
38,True Detective,2,6,TV Series,8.2,9727,8.9,640893,55.0,"Crime ,Drama ,Mystery",26.0,7.0,2015.0
38,True Detective,2,8,TV Series,8.0,12654,8.9,640893,55.0,"Crime ,Drama ,Mystery",9.0,8.0,2015.0
38,True Detective,2,7,TV Series,8.6,11024,8.9,640893,55.0,"Crime ,Drama ,Mystery",2.0,8.0,2015.0
38,True Detective,3,2,TV Series,8.1,8180,8.9,640893,55.0,"Crime ,Drama ,Mystery",13.0,1.0,2019.0
38,True Detective,3,3,TV Series,7.8,7251,8.9,640893,55.0,"Crime ,Drama ,Mystery",20.0,1.0,2019.0
38,True Detective,3,4,TV Series,8.0,7022,8.9,640893,55.0,"Crime ,Drama ,Mystery",27.0,1.0,2019.0
38,True Detective,3,1,TV Series,8.5,10376,8.9,640893,55.0,"Crime ,Drama ,Mystery",13.0,1.0,2019.0
38,True Detective,3,5,TV Series,8.4,7121,8.9,640893,55.0,"Crime ,Drama ,Mystery",1.0,2.0,2019.0
38,True Detective,3,6,TV Series,8.4,6853,8.9,640893,55.0,"Crime ,Drama ,Mystery",10.0,2.0,2019.0
38,True Detective,3,8,TV Series,8.0,8978,8.9,640893,55.0,"Crime ,Drama ,Mystery",24.0,2.0,2019.0
38,True Detective,3,7,TV Series,8.5,7052,8.9,640893,55.0,"Crime ,Drama ,Mystery",17.0,2.0,2019.0
38,True Detective,4,1,TV Series,7.2,13477,8.9,640893,55.0,"Crime ,Drama ,Mystery",14.0,1.0,2024.0
38,True Detective,4,2,TV Series,7.0,9157,8.9,640893,55.0,"Crime ,Drama ,Mystery",21.0,1.0,2024.0
38,True Detective,4,3,TV Series,6.5,7925,8.9,640893,55.0,"Crime ,Drama ,Mystery",28.0,1.0,2024.0
38,True Detective,4,4,TV Series,6.3,7155,8.9,640893,55.0,"Crime ,Drama ,Mystery",4.0,2.0,2024.0
38,True Detective,1,5,TV Series,9.5,25639,8.9,640893,55.0,"Crime ,Drama ,Mystery",16.0,2.0,2014.0
38,True Detective,1,6,TV Series,9.2,21606,8.9,640893,55.0,"Crime ,Drama ,Mystery",23.0,2.0,2014.0
38,True Detective,2,5,TV Series,7.6,9086,8.9,640893,55.0,"Crime ,Drama ,Mystery",19.0,7.0,2015.0
38,True Detective,4,5,TV Series,7.2,6450,8.9,640893,55.0,"Crime ,Drama ,Mystery",9.0,2.0,2024.0
38,True Detective,1,1,TV Series,8.9,27725,8.9,640893,55.0,"Crime ,Drama ,Mystery",12.0,1.0,2014.0
38,True Detective,1,2,TV Series,8.8,23764,8.9,640893,55.0,"Crime ,Drama ,Mystery",19.0,1.0,2014.0
38,True Detective,1,3,TV Series,9.1,23140,8.9,640893,55.0,"Crime ,Drama ,Mystery",26.0,1.0,2014.0
38,True Detective,1,4,TV Series,9.6,33876,8.9,640893,55.0,"Crime ,Drama ,Mystery",9.0,2.0,2014.0
38,True Detective,2,1,TV Series,7.6,15770,8.9,640893,55.0,"Crime ,Drama ,Mystery",21.0,6.0,2015.0
38,True Detective,2,2,TV Series,7.7,11277,8.9,640893,55.0,"Crime ,Drama ,Mystery",28.0,6.0,2015.0
38,True Detective,1,7,TV Series,9.2,21242,8.9,640893,55.0,"Crime ,Drama ,Mystery",2.0,3.0,2014.0
38,True Detective,1,8,TV Series,9.5,29701,8.9,640893,55.0,"Crime ,Drama ,Mystery",9.0,3.0,2014.0
38,True Detective,2,3,TV Series,7.3,10042,8.9,640893,55.0,"Crime ,Drama ,Mystery",5.0,7.0,2015.0
38,True Detective,2,4,TV Series,8.2,10746,8.9,640893,55.0,"Crime ,Drama ,Mystery",12.0,7.0,2015.0
39,Seinfeld,5,11,TV Series,8.1,3626,8.9,347633,22.0,Comedy,16.0,12.0,1993.0
39,Seinfeld,5,12,TV Series,8.6,4044,8.9,347633,22.0,Comedy,6.0,1.0,1994.0
39,Seinfeld,5,13,TV Series,8.2,3761,8.9,347633,22.0,Comedy,3.0,2.0,1994.0
39,Seinfeld,5,14,TV Series,9.2,5840,8.9,347633,22.0,Comedy,10.0,2.0,1994.0
39,Seinfeld,5,15,TV Series,8.5,3788,8.9,347633,22.0,Comedy,17.0,2.0,1994.0
39,Seinfeld,5,16,TV Series,7.6,3518,8.9,347633,22.0,Comedy,24.0,2.0,1994.0
39,Seinfeld,6,11,TV Series,8.9,4593,8.9,347633,22.0,Comedy,5.0,1.0,1995.0
39,Seinfeld,5,2,TV Series,8.9,4838,8.9,347633,22.0,Comedy,23.0,9.0,1993.0
39,Seinfeld,5,3,TV Series,8.3,3863,8.9,347633,22.0,Comedy,30.0,9.0,1993.0
39,Seinfeld,5,4,TV Series,8.1,3740,8.9,347633,22.0,Comedy,7.0,10.0,1993.0
39,Seinfeld,5,5,TV Series,8.0,3955,8.9,347633,22.0,Comedy,14.0,10.0,1993.0
39,Seinfeld,5,6,TV Series,8.4,3818,8.9,347633,22.0,Comedy,28.0,10.0,1993.0
39,Seinfeld,5,7,TV Series,8.4,4066,8.9,347633,22.0,Comedy,4.0,11.0,1993.0
39,Seinfeld,5,8,TV Series,8.3,3905,8.9,347633,22.0,Comedy,11.0,11.0,1993.0
39,Seinfeld,5,9,TV Series,7.7,3657,8.9,347633,22.0,Comedy,18.0,11.0,1993.0
39,Seinfeld,5,10,TV Series,8.4,3963,8.9,347633,22.0,Comedy,9.0,12.0,1993.0
39,Seinfeld,6,21,TV Series,8.1,3353,8.9,347633,22.0,Comedy,4.0,5.0,1995.0
39,Seinfeld,6,22,TV Series,8.4,3518,8.9,347633,22.0,Comedy,11.0,5.0,1995.0
39,Seinfeld,6,23,TV Series,7.9,3463,8.9,347633,22.0,Comedy,18.0,5.0,1995.0
39,Seinfeld,7,1,TV Series,8.6,3694,8.9,347633,22.0,Comedy,21.0,9.0,1995.0
39,Seinfeld,7,2,TV Series,8.2,3339,8.9,347633,22.0,Comedy,28.0,9.0,1995.0
39,Seinfeld,7,3,TV Series,8.0,3437,8.9,347633,22.0,Comedy,5.0,10.0,1995.0
39,Seinfeld,7,4,TV Series,8.6,3659,8.9,347633,22.0,Comedy,12.0,10.0,1995.0
39,Seinfeld,5,18,TV Series,8.4,3686,8.9,347633,22.0,Comedy,28.0,4.0,1994.0
39,Seinfeld,5,19,TV Series,8.0,1002,8.9,347633,22.0,Comedy,28.0,4.0,1994.0
39,Seinfeld,5,20,TV Series,8.6,4008,8.9,347633,22.0,Comedy,5.0,5.0,1994.0
39,Seinfeld,5,21,TV Series,9.0,5006,8.9,347633,22.0,Comedy,12.0,5.0,1994.0
39,Seinfeld,5,22,TV Series,9.5,6931,8.9,347633,22.0,Comedy,19.0,5.0,1994.0
39,Seinfeld,6,1,TV Series,7.9,3523,8.9,347633,22.0,Comedy,22.0,9.0,1994.0
39,Seinfeld,6,2,TV Series,8.1,3681,8.9,347633,22.0,Comedy,29.0,9.0,1994.0
39,Seinfeld,6,3,TV Series,8.2,3627,8.9,347633,22.0,Comedy,6.0,10.0,1994.0
39,Seinfeld,6,4,TV Series,8.1,3592,8.9,347633,22.0,Comedy,13.0,10.0,1994.0
39,Seinfeld,7,14,TV Series,8.5,3656,8.9,347633,22.0,Comedy,8.0,2.0,1996.0
39,Seinfeld,7,15,TV Series,8.4,3380,8.9,347633,22.0,Comedy,15.0,2.0,1996.0
39,Seinfeld,7,16,TV Series,8.1,3325,8.9,347633,22.0,Comedy,22.0,2.0,1996.0
39,Seinfeld,7,17,TV Series,7.7,3199,8.9,347633,22.0,Comedy,7.0,3.0,1996.0
39,Seinfeld,7,18,TV Series,8.1,3305,8.9,347633,22.0,Comedy,4.0,4.0,1996.0
39,Seinfeld,7,19,TV Series,8.7,4014,8.9,347633,22.0,Comedy,25.0,4.0,1996.0
39,Seinfeld,7,20,TV Series,8.6,3935,8.9,347633,22.0,Comedy,2.0,5.0,1996.0
39,Seinfeld,6,12,TV Series,8.5,3604,8.9,347633,22.0,Comedy,19.0,1.0,1995.0
39,Seinfeld,6,13,TV Series,8.0,3363,8.9,347633,22.0,Comedy,26.0,1.0,1995.0
39,Seinfeld,6,14,TV Series,7.0,3176,8.9,347633,22.0,Comedy,2.0,2.0,1995.0
39,Seinfeld,6,15,TV Series,8.2,3463,8.9,347633,22.0,Comedy,9.0,2.0,1995.0
39,Seinfeld,6,16,TV Series,8.2,3412,8.9,347633,22.0,Comedy,16.0,2.0,1995.0
39,Seinfeld,6,17,TV Series,8.2,3515,8.9,347633,22.0,Comedy,23.0,2.0,1995.0
39,Seinfeld,6,18,TV Series,8.9,4517,8.9,347633,22.0,Comedy,16.0,3.0,1995.0
39,Seinfeld,6,19,TV Series,8.2,3355,8.9,347633,22.0,Comedy,6.0,4.0,1995.0
39,Seinfeld,6,20,TV Series,8.7,4023,8.9,347633,22.0,Comedy,27.0,4.0,1995.0
39,Seinfeld,8,8,TV Series,8.9,4402,8.9,347633,22.0,Comedy,14.0,11.0,1996.0
39,Seinfeld,8,9,TV Series,9.0,4280,8.9,347633,22.0,Comedy,21.0,11.0,1996.0
39,Seinfeld,8,10,TV Series,8.4,3305,8.9,347633,22.0,Comedy,19.0,12.0,1996.0
39,Seinfeld,8,11,TV Series,8.3,3419,8.9,347633,22.0,Comedy,9.0,1.0,1997.0
39,Seinfeld,8,12,TV Series,7.7,3093,8.9,347633,22.0,Comedy,16.0,1.0,1997.0
39,Seinfeld,8,13,TV Series,8.5,3585,8.9,347633,22.0,Comedy,30.0,1.0,1997.0
39,Seinfeld,8,14,TV Series,8.0,3202,8.9,347633,22.0,Comedy,6.0,2.0,1997.0
39,Seinfeld,7,5,TV Series,8.6,3586,8.9,347633,22.0,Comedy,19.0,10.0,1995.0
39,Seinfeld,7,6,TV Series,9.5,7201,8.9,347633,22.0,Comedy,2.0,11.0,1995.0
39,Seinfeld,7,7,TV Series,8.4,3476,8.9,347633,22.0,Comedy,9.0,11.0,1995.0
39,Seinfeld,7,8,TV Series,8.3,3437,8.9,347633,22.0,Comedy,16.0,11.0,1995.0
39,Seinfeld,7,9,TV Series,8.3,3472,8.9,347633,22.0,Comedy,7.0,12.0,1995.0
39,Seinfeld,7,10,TV Series,8.5,3809,8.9,347633,22.0,Comedy,14.0,12.0,1995.0
39,Seinfeld,7,11,TV Series,8.8,4221,8.9,347633,22.0,Comedy,4.0,1.0,1996.0
39,Seinfeld,7,12,TV Series,8.6,3569,8.9,347633,22.0,Comedy,25.0,1.0,1996.0
39,Seinfeld,7,13,TV Series,8.1,3289,8.9,347633,22.0,Comedy,1.0,2.0,1996.0
39,Seinfeld,9,2,TV Series,8.3,3515,8.9,347633,22.0,Comedy,2.0,10.0,1997.0
39,Seinfeld,9,3,TV Series,8.8,4360,8.9,347633,22.0,Comedy,9.0,10.0,1997.0
39,Seinfeld,9,4,TV Series,8.1,3305,8.9,347633,22.0,Comedy,16.0,10.0,1997.0
39,Seinfeld,9,5,TV Series,8.0,3227,8.9,347633,22.0,Comedy,30.0,10.0,1997.0
39,Seinfeld,9,6,TV Series,9.0,4797,8.9,347633,22.0,Comedy,6.0,11.0,1997.0
39,Seinfeld,9,7,TV Series,8.4,3274,8.9,347633,22.0,Comedy,13.0,11.0,1997.0
39,Seinfeld,9,8,TV Series,8.9,4963,8.9,347633,22.0,Comedy,20.0,11.0,1997.0
39,Seinfeld,7,21,TV Series,8.3,3279,8.9,347633,22.0,Comedy,9.0,5.0,1996.0
39,Seinfeld,7,22,TV Series,8.6,4126,8.9,347633,22.0,Comedy,16.0,5.0,1996.0
39,Seinfeld,8,1,TV Series,8.1,3316,8.9,347633,22.0,Comedy,19.0,9.0,1996.0
39,Seinfeld,8,2,TV Series,8.0,3226,8.9,347633,22.0,Comedy,26.0,9.0,1996.0
39,Seinfeld,8,3,TV Series,9.1,4742,8.9,347633,22.0,Comedy,3.0,10.0,1996.0
39,Seinfeld,8,4,TV Series,8.9,4301,8.9,347633,22.0,Comedy,10.0,10.0,1996.0
39,Seinfeld,8,5,TV Series,8.6,3555,8.9,347633,22.0,Comedy,17.0,10.0,1996.0
39,Seinfeld,8,6,TV Series,8.0,3277,8.9,347633,22.0,Comedy,31.0,10.0,1996.0
39,Seinfeld,8,7,TV Series,8.0,3247,8.9,347633,22.0,Comedy,7.0,11.0,1996.0
39,Seinfeld,9,18,TV Series,8.7,3960,8.9,347633,22.0,Comedy,23.0,4.0,1998.0
39,Seinfeld,9,19,TV Series,8.0,3131,8.9,347633,22.0,Comedy,30.0,4.0,1998.0
39,Seinfeld,9,20,TV Series,7.9,3377,8.9,347633,22.0,Comedy,7.0,5.0,1998.0
39,Seinfeld,9,21,TV Series,7.7,2979,8.9,347633,22.0,Comedy,14.0,5.0,1998.0
39,Seinfeld,9,22,TV Series,7.8,5078,8.9,347633,22.0,Comedy,14.0,5.0,1998.0
39,Seinfeld,8,15,TV Series,8.6,3555,8.9,347633,22.0,Comedy,13.0,2.0,1997.0
39,Seinfeld,8,17,TV Series,8.5,3573,8.9,347633,22.0,Comedy,13.0,3.0,1997.0
39,Seinfeld,8,16,TV Series,8.6,3520,8.9,347633,22.0,Comedy,20.0,2.0,1997.0
39,Seinfeld,8,20,TV Series,8.0,3219,8.9,347633,22.0,Comedy,1.0,5.0,1997.0
39,Seinfeld,8,21,TV Series,8.4,3468,8.9,347633,22.0,Comedy,8.0,5.0,1997.0
39,Seinfeld,8,18,TV Series,8.7,3745,8.9,347633,22.0,Comedy,10.0,4.0,1997.0
39,Seinfeld,8,19,TV Series,9.0,4609,8.9,347633,22.0,Comedy,24.0,4.0,1997.0
39,Seinfeld,8,22,TV Series,8.5,3503,8.9,347633,22.0,Comedy,15.0,5.0,1997.0
39,Seinfeld,9,1,TV Series,8.4,3596,8.9,347633,22.0,Comedy,25.0,9.0,1997.0
39,Seinfeld,9,16,TV Series,8.3,3550,8.9,347633,22.0,Comedy,19.0,3.0,1998.0
39,Seinfeld,9,9,TV Series,8.2,3299,8.9,347633,22.0,Comedy,11.0,12.0,1997.0
39,Seinfeld,9,17,TV Series,8.2,3175,8.9,347633,22.0,Comedy,9.0,4.0,1998.0
39,Seinfeld,9,12,TV Series,8.2,3259,8.9,347633,22.0,Comedy,15.0,1.0,1998.0
39,Seinfeld,9,15,TV Series,7.9,3110,8.9,347633,22.0,Comedy,26.0,2.0,1998.0
39,Seinfeld,9,14,TV Series,8.0,3188,8.9,347633,22.0,Comedy,5.0,2.0,1998.0
39,Seinfeld,9,13,TV Series,7.8,3269,8.9,347633,22.0,Comedy,29.0,1.0,1998.0
39,Seinfeld,9,10,TV Series,8.7,4263,8.9,347633,22.0,Comedy,18.0,12.0,1997.0
39,Seinfeld,9,11,TV Series,8.4,3460,8.9,347633,22.0,Comedy,8.0,1.0,1998.0
39,Seinfeld,4,5,TV Series,8.0,3744,8.9,347633,22.0,Comedy,23.0,9.0,1992.0
39,Seinfeld,4,6,TV Series,8.0,3670,8.9,347633,22.0,Comedy,30.0,9.0,1992.0
39,Seinfeld,4,7,TV Series,8.7,5054,8.9,347633,22.0,Comedy,7.0,10.0,1992.0
39,Seinfeld,3,15,TV Series,7.5,3925,8.9,347633,22.0,Comedy,29.0,1.0,1992.0
39,Seinfeld,5,1,TV Series,8.6,4110,8.9,347633,22.0,Comedy,16.0,9.0,1993.0
39,Seinfeld,3,18,TV Series,8.9,5588,8.9,347633,22.0,Comedy,26.0,2.0,1992.0
39,Seinfeld,3,19,TV Series,7.9,3910,8.9,347633,22.0,Comedy,4.0,3.0,1992.0
39,Seinfeld,3,17,TV Series,8.6,4974,8.9,347633,22.0,Comedy,12.0,2.0,1992.0
39,Seinfeld,3,16,TV Series,8.4,4317,8.9,347633,22.0,Comedy,5.0,2.0,1992.0
39,Seinfeld,3,13,TV Series,8.7,5005,8.9,347633,22.0,Comedy,8.0,1.0,1992.0
39,Seinfeld,3,12,TV Series,8.3,4283,8.9,347633,22.0,Comedy,11.0,12.0,1991.0
39,Seinfeld,3,11,TV Series,8.2,4237,8.9,347633,22.0,Comedy,4.0,12.0,1991.0
39,Seinfeld,3,10,TV Series,7.5,4189,8.9,347633,22.0,Comedy,27.0,11.0,1991.0
39,Seinfeld,3,9,TV Series,7.9,4258,8.9,347633,22.0,Comedy,20.0,11.0,1991.0
39,Seinfeld,3,8,TV Series,8.7,4734,8.9,347633,22.0,Comedy,13.0,11.0,1991.0
39,Seinfeld,3,7,TV Series,8.3,4371,8.9,347633,22.0,Comedy,6.0,11.0,1991.0
39,Seinfeld,3,6,TV Series,8.7,5584,8.9,347633,22.0,Comedy,30.0,10.0,1991.0
39,Seinfeld,3,5,TV Series,8.5,5102,8.9,347633,22.0,Comedy,16.0,10.0,1991.0
39,Seinfeld,3,4,TV Series,7.1,4540,8.9,347633,22.0,Comedy,9.0,10.0,1991.0
39,Seinfeld,3,3,TV Series,8.2,4682,8.9,347633,22.0,Comedy,2.0,10.0,1991.0
39,Seinfeld,3,2,TV Series,7.7,4177,8.9,347633,22.0,Comedy,25.0,9.0,1991.0
39,Seinfeld,3,1,TV Series,8.2,4628,8.9,347633,22.0,Comedy,18.0,9.0,1991.0
39,Seinfeld,2,12,TV Series,7.6,4329,8.9,347633,22.0,Comedy,26.0,6.0,1991.0
39,Seinfeld,2,11,TV Series,8.6,5459,8.9,347633,22.0,Comedy,23.0,5.0,1991.0
39,Seinfeld,4,8,TV Series,8.5,4059,8.9,347633,22.0,Comedy,28.0,10.0,1992.0
39,Seinfeld,2,7,TV Series,8.2,4574,8.9,347633,22.0,Comedy,18.0,4.0,1991.0
39,Seinfeld,2,8,TV Series,7.8,4513,8.9,347633,22.0,Comedy,25.0,4.0,1991.0
39,Seinfeld,2,5,TV Series,7.7,4438,8.9,347633,22.0,Comedy,4.0,4.0,1991.0
39,Seinfeld,2,6,TV Series,7.9,4496,8.9,347633,22.0,Comedy,11.0,4.0,1991.0
39,Seinfeld,2,9,TV Series,8.2,4545,8.9,347633,22.0,Comedy,2.0,5.0,1991.0
39,Seinfeld,2,10,TV Series,7.4,4339,8.9,347633,22.0,Comedy,16.0,5.0,1991.0
39,Seinfeld,4,14,TV Series,8.1,3909,8.9,347633,22.0,Comedy,6.0,1.0,1993.0
39,Seinfeld,4,15,TV Series,8.0,3675,8.9,347633,22.0,Comedy,27.0,1.0,1993.0
39,Seinfeld,4,16,TV Series,8.1,3865,8.9,347633,22.0,Comedy,4.0,2.0,1993.0
39,Seinfeld,4,17,TV Series,9.4,6620,8.9,347633,22.0,Comedy,11.0,2.0,1993.0
39,Seinfeld,4,18,TV Series,8.0,3878,8.9,347633,22.0,Comedy,18.0,2.0,1993.0
39,Seinfeld,4,19,TV Series,8.6,4136,8.9,347633,22.0,Comedy,25.0,2.0,1993.0
39,Seinfeld,4,20,TV Series,8.7,4544,8.9,347633,22.0,Comedy,17.0,3.0,1993.0
39,Seinfeld,4,21,TV Series,8.3,3905,8.9,347633,22.0,Comedy,15.0,4.0,1993.0
39,Seinfeld,4,22,TV Series,8.3,3739,8.9,347633,22.0,Comedy,13.0,5.0,1993.0
39,Seinfeld,4,23,TV Series,8.6,4142,8.9,347633,22.0,Comedy,20.0,5.0,1993.0
39,Seinfeld,6,7,TV Series,8.1,3514,8.9,347633,22.0,Comedy,10.0,11.0,1994.0
39,Seinfeld,6,8,TV Series,8.1,3559,8.9,347633,22.0,Comedy,17.0,11.0,1994.0
39,Seinfeld,6,5,TV Series,8.1,3561,8.9,347633,22.0,Comedy,27.0,10.0,1994.0
39,Seinfeld,6,6,TV Series,8.2,3651,8.9,347633,22.0,Comedy,3.0,11.0,1994.0
39,Seinfeld,6,9,TV Series,8.1,3380,8.9,347633,22.0,Comedy,8.0,12.0,1994.0
39,Seinfeld,6,10,TV Series,8.9,4736,8.9,347633,22.0,Comedy,15.0,12.0,1994.0
39,Seinfeld,2,4,TV Series,8.3,4843,8.9,347633,22.0,Comedy,13.0,2.0,1991.0
39,Seinfeld,2,3,TV Series,8.2,5004,8.9,347633,22.0,Comedy,6.0,2.0,1991.0
39,Seinfeld,2,2,TV Series,7.8,4913,8.9,347633,22.0,Comedy,30.0,1.0,1991.0
39,Seinfeld,4,4,TV Series,8.2,3794,8.9,347633,22.0,Comedy,16.0,9.0,1992.0
39,Seinfeld,4,3,TV Series,8.6,4144,8.9,347633,22.0,Comedy,16.0,9.0,1992.0
39,Seinfeld,4,2,TV Series,8.3,3986,8.9,347633,22.0,Comedy,19.0,8.0,1992.0
39,Seinfeld,4,1,TV Series,8.1,4029,8.9,347633,22.0,Comedy,12.0,8.0,1992.0
39,Seinfeld,3,22,TV Series,8.3,3979,8.9,347633,22.0,Comedy,6.0,5.0,1992.0
39,Seinfeld,3,21,TV Series,8.2,4063,8.9,347633,22.0,Comedy,22.0,4.0,1992.0
39,Seinfeld,3,20,TV Series,7.8,3814,8.9,347633,22.0,Comedy,25.0,3.0,1992.0
39,Seinfeld,5,17,TV Series,8.0,3628,8.9,347633,22.0,Comedy,17.0,3.0,1994.0
39,Seinfeld,4,9,TV Series,8.2,3943,8.9,347633,22.0,Comedy,4.0,11.0,1992.0
39,Seinfeld,4,10,TV Series,8.1,3822,8.9,347633,22.0,Comedy,11.0,11.0,1992.0
39,Seinfeld,4,11,TV Series,9.5,9077,8.9,347633,22.0,Comedy,18.0,11.0,1992.0
39,Seinfeld,4,12,TV Series,8.9,4874,8.9,347633,22.0,Comedy,25.0,11.0,1992.0
39,Seinfeld,4,13,TV Series,8.5,4069,8.9,347633,22.0,Comedy,16.0,12.0,1992.0
39,Seinfeld,1,1,TV Series,7.3,6576,8.9,347633,22.0,Comedy,5.0,7.0,1989.0
39,Seinfeld,3,14,TV Series,8.4,4326,8.9,347633,22.0,Comedy,15.0,1.0,1992.0
39,Seinfeld,1,3,TV Series,7.5,5154,8.9,347633,22.0,Comedy,7.0,6.0,1990.0
39,Seinfeld,2,1,TV Series,7.5,4722,8.9,347633,22.0,Comedy,23.0,1.0,1991.0
39,Seinfeld,1,5,TV Series,7.4,4863,8.9,347633,22.0,Comedy,21.0,6.0,1990.0
39,Seinfeld,1,4,TV Series,7.3,5024,8.9,347633,22.0,Comedy,14.0,6.0,1990.0
39,Seinfeld,1,2,TV Series,7.5,5607,8.9,347633,22.0,Comedy,31.0,5.0,1990.0
40,The Decalogue,1,2,TV Mini Series,7.8,5604,8.9,27638,572.0,Drama,11.0,5.0,1990.0
40,The Decalogue,1,5,TV Mini Series,8.5,4786,8.9,27638,572.0,Drama,1.0,6.0,1990.0
40,The Decalogue,1,1,TV Mini Series,8.5,7479,8.9,27638,572.0,Drama,10.0,12.0,1989.0
40,The Decalogue,1,3,TV Mini Series,7.4,4663,8.9,27638,572.0,Drama,18.0,5.0,1990.0
40,The Decalogue,1,10,TV Mini Series,8.3,3649,8.9,27638,572.0,Drama,24.0,6.0,1989.0
40,The Decalogue,1,9,TV Mini Series,8.1,3553,8.9,27638,572.0,Drama,29.0,6.0,1990.0
40,The Decalogue,1,8,TV Mini Series,7.5,3621,8.9,27638,572.0,Drama,22.0,6.0,1990.0
40,The Decalogue,1,7,TV Mini Series,7.8,3825,8.9,27638,572.0,Drama,15.0,6.0,1990.0
40,The Decalogue,1,6,TV Mini Series,8.6,4470,8.9,27638,572.0,Drama,8.0,6.0,1990.0
40,The Decalogue,1,4,TV Mini Series,8.2,4581,8.9,27638,572.0,Drama,25.0,5.0,1990.0
41,The Beatles: Get Back,1,1,TV Mini Series,9.0,2256,9.0,27574,468.0,"Documentary ,Biography ,Music",25.0,11.0,2021.0
41,The Beatles: Get Back,1,3,TV Mini Series,9.4,1549,9.0,27574,468.0,"Documentary ,Biography ,Music",27.0,11.0,2021.0
41,The Beatles: Get Back,1,2,TV Mini Series,8.9,1649,9.0,27574,468.0,"Documentary ,Biography ,Music",26.0,11.0,2021.0
42,Persona,1,3,TV Series,8.3,1200,9.0,46871,60.0,"Crime ,Drama ,Mystery",17.0,3.0,2018.0
42,Persona,1,5,TV Series,8.6,1103,9.0,46871,60.0,"Crime ,Drama ,Mystery",13.0,4.0,2018.0
42,Persona,1,1,TV Series,8.5,1493,9.0,46871,60.0,"Crime ,Drama ,Mystery",2.0,12.0,2021.0
42,Persona,1,4,TV Series,8.8,1222,9.0,46871,60.0,"Crime ,Drama ,Mystery",13.0,4.0,2018.0
42,Persona,2,9,TV Series,6.4,182,9.0,46871,60.0,"Crime ,Drama ,Mystery",31.0,12.0,2023.0
42,Persona,1,2,TV Series,8.4,1263,9.0,46871,60.0,"Crime ,Drama ,Mystery",17.0,3.0,2018.0
42,Persona,2,6,TV Series,8.3,221,9.0,46871,60.0,"Crime ,Drama ,Mystery",10.0,12.0,2023.0
42,Persona,2,3,TV Series,7.8,215,9.0,46871,60.0,"Crime ,Drama ,Mystery",19.0,11.0,2023.0
42,Persona,2,5,TV Series,7.6,188,9.0,46871,60.0,"Crime ,Drama ,Mystery",3.0,12.0,2023.0
42,Persona,2,4,TV Series,7.0,212,9.0,46871,60.0,"Crime ,Drama ,Mystery",26.0,11.0,2023.0
42,Persona,2,8,TV Series,7.2,182,9.0,46871,60.0,"Crime ,Drama ,Mystery",24.0,12.0,2023.0
42,Persona,2,7,TV Series,7.4,188,9.0,46871,60.0,"Crime ,Drama ,Mystery",17.0,12.0,2023.0
42,Persona,2,1,TV Series,8.2,278,9.0,46871,60.0,"Crime ,Drama ,Mystery",13.0,11.0,2023.0
42,Persona,1,12,TV Series,9.6,1740,9.0,46871,60.0,"Crime ,Drama ,Mystery",8.0,6.0,2018.0
42,Persona,2,2,TV Series,8.2,250,9.0,46871,60.0,"Crime ,Drama ,Mystery",13.0,11.0,2023.0
42,Persona,2,10,TV Series,7.3,248,9.0,46871,60.0,"Crime ,Drama ,Mystery",7.0,1.0,2024.0
42,Persona,1,11,TV Series,9.1,1195,9.0,46871,60.0,"Crime ,Drama ,Mystery",8.0,6.0,2018.0
42,Persona,1,10,TV Series,8.6,1054,9.0,46871,60.0,"Crime ,Drama ,Mystery",8.0,6.0,2018.0
42,Persona,1,9,TV Series,8.2,1050,9.0,46871,60.0,"Crime ,Drama ,Mystery",11.0,5.0,2018.0
42,Persona,1,8,TV Series,8.6,1049,9.0,46871,60.0,"Crime ,Drama ,Mystery",11.0,5.0,2018.0
42,Persona,1,6,TV Series,8.8,1136,9.0,46871,60.0,"Crime ,Drama ,Mystery",13.0,4.0,2018.0
42,Persona,1,7,TV Series,8.3,1063,9.0,46871,60.0,"Crime ,Drama ,Mystery",11.0,5.0,2018.0
43,Gravity Falls,2,20,TV Series,9.8,6364,8.9,132016,23.0,"Animation ,Adventure ,Comedy",15.0,2.0,2016.0
43,Gravity Falls,2,19,TV Series,9.3,3226,8.9,132016,23.0,"Animation ,Adventure ,Comedy",23.0,11.0,2015.0
43,Gravity Falls,2,13,TV Series,8.3,2717,8.9,132016,23.0,"Animation ,Adventure ,Comedy",3.0,8.0,2015.0
43,Gravity Falls,2,14,TV Series,8.1,2601,8.9,132016,23.0,"Animation ,Adventure ,Comedy",24.0,8.0,2015.0
43,Gravity Falls,2,15,TV Series,8.9,2842,8.9,132016,23.0,"Animation ,Adventure ,Comedy",7.0,9.0,2015.0
43,Gravity Falls,2,16,TV Series,7.9,2656,8.9,132016,23.0,"Animation ,Adventure ,Comedy",21.0,9.0,2015.0
43,Gravity Falls,2,17,TV Series,9.3,3176,8.9,132016,23.0,"Animation ,Adventure ,Comedy",12.0,10.0,2015.0
43,Gravity Falls,2,18,TV Series,9.5,3597,8.9,132016,23.0,"Animation ,Adventure ,Comedy",26.0,10.0,2015.0
43,Gravity Falls,2,12,TV Series,9.6,3995,8.9,132016,23.0,"Animation ,Adventure ,Comedy",13.0,7.0,2015.0
43,Gravity Falls,2,10,TV Series,9.2,3347,8.9,132016,23.0,"Animation ,Adventure ,Comedy",16.0,2.0,2015.0
43,Gravity Falls,2,9,TV Series,7.6,2694,8.9,132016,23.0,"Animation ,Adventure ,Comedy",26.0,11.0,2014.0
43,Gravity Falls,2,8,TV Series,9.0,2912,8.9,132016,23.0,"Animation ,Adventure ,Comedy",10.0,11.0,2014.0
43,Gravity Falls,2,7,TV Series,9.2,3093,8.9,132016,23.0,"Animation ,Adventure ,Comedy",27.0,10.0,2014.0
43,Gravity Falls,2,6,TV Series,7.8,2702,8.9,132016,23.0,"Animation ,Adventure ,Comedy",4.0,10.0,2014.0
43,Gravity Falls,2,5,TV Series,8.6,2904,8.9,132016,23.0,"Animation ,Adventure ,Comedy",22.0,9.0,2014.0
43,Gravity Falls,1,15,TV Series,7.7,2833,8.9,132016,23.0,"Animation ,Adventure ,Comedy",15.0,3.0,2013.0
43,Gravity Falls,1,14,TV Series,8.0,2862,8.9,132016,23.0,"Animation ,Adventure ,Comedy",1.0,3.0,2013.0
43,Gravity Falls,1,13,TV Series,7.8,2839,8.9,132016,23.0,"Animation ,Adventure ,Comedy",15.0,2.0,2013.0
43,Gravity Falls,1,12,TV Series,8.6,3068,8.9,132016,23.0,"Animation ,Adventure ,Comedy",5.0,10.0,2012.0
43,Gravity Falls,1,11,TV Series,7.8,2829,8.9,132016,23.0,"Animation ,Adventure ,Comedy",28.0,9.0,2012.0
43,Gravity Falls,1,10,TV Series,8.5,3065,8.9,132016,23.0,"Animation ,Adventure ,Comedy",14.0,9.0,2012.0
43,Gravity Falls,1,9,TV Series,9.0,3326,8.9,132016,23.0,"Animation ,Adventure ,Comedy",24.0,8.0,2012.0
43,Gravity Falls,2,4,TV Series,8.7,2986,8.9,132016,23.0,"Animation ,Adventure ,Comedy",8.0,9.0,2014.0
43,Gravity Falls,2,3,TV Series,8.1,2831,8.9,132016,23.0,"Animation ,Adventure ,Comedy",11.0,8.0,2014.0
43,Gravity Falls,1,16,TV Series,8.5,2848,8.9,132016,23.0,"Animation ,Adventure ,Comedy",5.0,4.0,2013.0
43,Gravity Falls,2,21,TV Series,9.9,1028,8.9,132016,23.0,"Animation ,Adventure ,Comedy",15.0,2.0,2016.0
43,Gravity Falls,2,2,TV Series,9.2,3240,8.9,132016,23.0,"Animation ,Adventure ,Comedy",4.0,8.0,2014.0
43,Gravity Falls,2,1,TV Series,8.8,3022,8.9,132016,23.0,"Animation ,Adventure ,Comedy",1.0,8.0,2014.0
43,Gravity Falls,1,20,TV Series,9.2,3256,8.9,132016,23.0,"Animation ,Adventure ,Comedy",2.0,8.0,2013.0
43,Gravity Falls,1,19,TV Series,9.2,3258,8.9,132016,23.0,"Animation ,Adventure ,Comedy",12.0,7.0,2013.0
43,Gravity Falls,1,18,TV Series,8.3,2801,8.9,132016,23.0,"Animation ,Adventure ,Comedy",28.0,6.0,2013.0
43,Gravity Falls,1,17,TV Series,7.3,2860,8.9,132016,23.0,"Animation ,Adventure ,Comedy",19.0,4.0,2013.0
43,Gravity Falls,1,8,TV Series,8.1,3001,8.9,132016,23.0,"Animation ,Adventure ,Comedy",17.0,8.0,2012.0
43,Gravity Falls,1,7,TV Series,8.6,3227,8.9,132016,23.0,"Animation ,Adventure ,Comedy",10.0,8.0,2012.0
43,Gravity Falls,1,6,TV Series,7.8,3119,8.9,132016,23.0,"Animation ,Adventure ,Comedy",20.0,7.0,2012.0
43,Gravity Falls,1,5,TV Series,8.5,3294,8.9,132016,23.0,"Animation ,Adventure ,Comedy",13.0,7.0,2012.0
43,Gravity Falls,1,4,TV Series,7.6,3192,8.9,132016,23.0,"Animation ,Adventure ,Comedy",6.0,7.0,2012.0
43,Gravity Falls,1,3,TV Series,7.9,3322,8.9,132016,23.0,"Animation ,Adventure ,Comedy",30.0,6.0,2012.0
43,Gravity Falls,1,2,TV Series,7.8,3525,8.9,132016,23.0,"Animation ,Adventure ,Comedy",29.0,6.0,2012.0
43,Gravity Falls,1,1,TV Series,8.2,3903,8.9,132016,23.0,"Animation ,Adventure ,Comedy",15.0,6.0,2012.0
43,Gravity Falls,2,11,TV Series,9.8,6961,8.9,132016,23.0,"Animation ,Adventure ,Comedy",9.0,3.0,2015.0
44,Cowboy Bebop,1,22,TV Series,8.2,2711,8.9,136508,650.0,"Animation ,Action ,Adventure",15.0,2.0,2002.0
44,Cowboy Bebop,1,11,TV Series,8.3,3055,8.9,136508,650.0,"Animation ,Action ,Adventure",7.0,10.0,2001.0
44,Cowboy Bebop,1,10,TV Series,8.2,2953,8.9,136508,650.0,"Animation ,Action ,Adventure",30.0,9.0,2001.0
44,Cowboy Bebop,1,9,TV Series,7.6,2853,8.9,136508,650.0,"Animation ,Action ,Adventure",30.0,9.0,2001.0
44,Cowboy Bebop,1,8,TV Series,8.6,3550,8.9,136508,650.0,"Animation ,Action ,Adventure",23.0,12.0,2001.0
44,Cowboy Bebop,1,14,TV Series,7.7,2665,8.9,136508,650.0,"Animation ,Action ,Adventure",14.0,10.0,2001.0
44,Cowboy Bebop,1,15,TV Series,7.8,2652,8.9,136508,650.0,"Animation ,Action ,Adventure",21.0,10.0,2001.0
44,Cowboy Bebop,1,7,TV Series,7.6,2998,8.9,136508,650.0,"Animation ,Action ,Adventure",23.0,9.0,2001.0
44,Cowboy Bebop,1,13,TV Series,8.8,3248,8.9,136508,650.0,"Animation ,Action ,Adventure",14.0,10.0,2001.0
44,Cowboy Bebop,1,12,TV Series,8.6,3072,8.9,136508,650.0,"Animation ,Action ,Adventure",7.0,10.0,2001.0
44,Cowboy Bebop,1,25,TV Series,9.1,3046,8.9,136508,650.0,"Animation ,Action ,Adventure",18.0,11.0,2001.0
44,Cowboy Bebop,1,26,TV Series,9.5,4271,8.9,136508,650.0,"Animation ,Action ,Adventure",25.0,11.0,2001.0
44,Cowboy Bebop,1,23,TV Series,8.3,2709,8.9,136508,650.0,"Animation ,Action ,Adventure",11.0,11.0,2001.0
44,Cowboy Bebop,1,24,TV Series,8.9,3072,8.9,136508,650.0,"Animation ,Action ,Adventure",18.0,11.0,2001.0
44,Cowboy Bebop,1,6,TV Series,8.1,3222,8.9,136508,650.0,"Animation ,Action ,Adventure",16.0,12.0,2001.0
44,Cowboy Bebop,1,4,TV Series,7.5,3222,8.9,136508,650.0,"Animation ,Action ,Adventure",9.0,9.0,2001.0
44,Cowboy Bebop,1,3,TV Series,7.8,3424,8.9,136508,650.0,"Animation ,Action ,Adventure",9.0,9.0,2001.0
44,Cowboy Bebop,1,19,TV Series,7.3,2524,8.9,136508,650.0,"Animation ,Action ,Adventure",4.0,11.0,2001.0
44,Cowboy Bebop,1,18,TV Series,8.6,2995,8.9,136508,650.0,"Animation ,Action ,Adventure",28.0,10.0,2001.0
44,Cowboy Bebop,1,21,TV Series,7.1,2473,8.9,136508,650.0,"Animation ,Action ,Adventure",11.0,11.0,2001.0
44,Cowboy Bebop,1,20,TV Series,9.0,3520,8.9,136508,650.0,"Animation ,Action ,Adventure",4.0,11.0,2001.0
44,Cowboy Bebop,1,16,TV Series,7.9,2593,8.9,136508,650.0,"Animation ,Action ,Adventure",21.0,10.0,2001.0
44,Cowboy Bebop,1,17,TV Series,8.4,2909,8.9,136508,650.0,"Animation ,Action ,Adventure",28.0,10.0,2001.0
44,Cowboy Bebop,1,1,TV Series,8.2,4285,8.9,136508,650.0,"Animation ,Action ,Adventure",2.0,9.0,2001.0
44,Cowboy Bebop,1,5,TV Series,9.2,4798,8.9,136508,650.0,"Animation ,Action ,Adventure",23.0,9.0,2001.0
44,Cowboy Bebop,1,2,TV Series,7.4,3589,8.9,136508,650.0,"Animation ,Action ,Adventure",2.0,9.0,2001.0
45,Fargo,5,3,TV Series,8.1,3401,8.9,415451,53.0,"Crime ,Drama ,Thriller",28.0,11.0,2023.0
45,Fargo,2,6,TV Series,9.2,8312,8.9,415451,53.0,"Crime ,Drama ,Thriller",16.0,11.0,2015.0
45,Fargo,2,7,TV Series,8.8,7332,8.9,415451,53.0,"Crime ,Drama ,Thriller",23.0,11.0,2015.0
45,Fargo,2,8,TV Series,9.4,9875,8.9,415451,53.0,"Crime ,Drama ,Thriller",30.0,11.0,2015.0
45,Fargo,2,9,TV Series,9.4,9996,8.9,415451,53.0,"Crime ,Drama ,Thriller",7.0,12.0,2015.0
45,Fargo,2,10,TV Series,8.4,7928,8.9,415451,53.0,"Crime ,Drama ,Thriller",14.0,12.0,2015.0
45,Fargo,2,3,TV Series,8.5,7380,8.9,415451,53.0,"Crime ,Drama ,Thriller",26.0,10.0,2015.0
45,Fargo,2,4,TV Series,8.7,7318,8.9,415451,53.0,"Crime ,Drama ,Thriller",2.0,11.0,2015.0
45,Fargo,2,5,TV Series,9.1,7922,8.9,415451,53.0,"Crime ,Drama ,Thriller",9.0,11.0,2015.0
45,Fargo,5,6,TV Series,8.1,2964,8.9,415451,53.0,"Crime ,Drama ,Thriller",19.0,12.0,2023.0
45,Fargo,5,7,TV Series,7.6,3261,8.9,415451,53.0,"Crime ,Drama ,Thriller",26.0,12.0,2023.0
45,Fargo,5,8,TV Series,8.6,3163,8.9,415451,53.0,"Crime ,Drama ,Thriller",2.0,1.0,2024.0
45,Fargo,5,9,TV Series,8.7,3310,8.9,415451,53.0,"Crime ,Drama ,Thriller",9.0,1.0,2024.0
45,Fargo,3,8,TV Series,8.9,6179,8.9,415451,53.0,"Crime ,Drama ,Thriller",7.0,6.0,2017.0
45,Fargo,1,3,TV Series,8.5,9670,8.9,415451,53.0,"Crime ,Drama ,Thriller",29.0,4.0,2014.0
45,Fargo,1,2,TV Series,8.3,10374,8.9,415451,53.0,"Crime ,Drama ,Thriller",22.0,4.0,2014.0
45,Fargo,1,1,TV Series,9.3,16364,8.9,415451,53.0,"Crime ,Drama ,Thriller",15.0,4.0,2014.0
45,Fargo,4,9,TV Series,7.7,3755,8.9,415451,53.0,"Crime ,Drama ,Thriller",15.0,11.0,2020.0
45,Fargo,4,8,TV Series,7.9,3173,8.9,415451,53.0,"Crime ,Drama ,Thriller",8.0,11.0,2020.0
45,Fargo,1,5,TV Series,8.5,8936,8.9,415451,53.0,"Crime ,Drama ,Thriller",13.0,5.0,2014.0
45,Fargo,1,4,TV Series,8.9,9790,8.9,415451,53.0,"Crime ,Drama ,Thriller",6.0,5.0,2014.0
45,Fargo,4,10,TV Series,7.7,2925,8.9,415451,53.0,"Crime ,Drama ,Thriller",22.0,11.0,2020.0
45,Fargo,4,11,TV Series,7.2,3250,8.9,415451,53.0,"Crime ,Drama ,Thriller",29.0,11.0,2020.0
45,Fargo,5,1,TV Series,8.7,5116,8.9,415451,53.0,"Crime ,Drama ,Thriller",21.0,11.0,2023.0
45,Fargo,5,2,TV Series,8.4,3795,8.9,415451,53.0,"Crime ,Drama ,Thriller",21.0,11.0,2023.0
45,Fargo,3,6,TV Series,8.6,5222,8.9,415451,53.0,"Crime ,Drama ,Thriller",24.0,5.0,2017.0
45,Fargo,3,7,TV Series,8.3,5008,8.9,415451,53.0,"Crime ,Drama ,Thriller",31.0,5.0,2017.0
45,Fargo,3,5,TV Series,8.2,5120,8.9,415451,53.0,"Crime ,Drama ,Thriller",17.0,5.0,2017.0
45,Fargo,2,2,TV Series,8.4,7833,8.9,415451,53.0,"Crime ,Drama ,Thriller",19.0,10.0,2015.0
45,Fargo,1,10,TV Series,9.3,11267,8.9,415451,53.0,"Crime ,Drama ,Thriller",17.0,6.0,2014.0
45,Fargo,2,1,TV Series,8.8,10350,8.9,415451,53.0,"Crime ,Drama ,Thriller",12.0,10.0,2015.0
45,Fargo,1,7,TV Series,8.9,9345,8.9,415451,53.0,"Crime ,Drama ,Thriller",27.0,5.0,2014.0
45,Fargo,1,6,TV Series,9.2,11483,8.9,415451,53.0,"Crime ,Drama ,Thriller",20.0,5.0,2014.0
45,Fargo,3,4,TV Series,8.2,5328,8.9,415451,53.0,"Crime ,Drama ,Thriller",10.0,5.0,2017.0
45,Fargo,3,3,TV Series,7.9,6128,8.9,415451,53.0,"Crime ,Drama ,Thriller",3.0,5.0,2017.0
45,Fargo,3,2,TV Series,8.0,5763,8.9,415451,53.0,"Crime ,Drama ,Thriller",26.0,4.0,2017.0
45,Fargo,1,8,TV Series,8.6,8813,8.9,415451,53.0,"Crime ,Drama ,Thriller",3.0,6.0,2014.0
45,Fargo,1,9,TV Series,9.3,10617,8.9,415451,53.0,"Crime ,Drama ,Thriller",10.0,6.0,2014.0
45,Fargo,3,1,TV Series,8.4,7903,8.9,415451,53.0,"Crime ,Drama ,Thriller",19.0,4.0,2017.0
45,Fargo,5,4,TV Series,8.0,3033,8.9,415451,53.0,"Crime ,Drama ,Thriller",5.0,12.0,2023.0
45,Fargo,5,5,TV Series,8.2,3038,8.9,415451,53.0,"Crime ,Drama ,Thriller",12.0,12.0,2023.0
45,Fargo,3,9,TV Series,8.8,5296,8.9,415451,53.0,"Crime ,Drama ,Thriller",14.0,6.0,2017.0
45,Fargo,5,10,TV Series,8.3,4280,8.9,415451,53.0,"Crime ,Drama ,Thriller",16.0,1.0,2024.0
45,Fargo,4,7,TV Series,7.2,3000,8.9,415451,53.0,"Crime ,Drama ,Thriller",1.0,11.0,2020.0
45,Fargo,4,6,TV Series,7.4,3126,8.9,415451,53.0,"Crime ,Drama ,Thriller",25.0,10.0,2020.0
45,Fargo,3,10,TV Series,8.5,5797,8.9,415451,53.0,"Crime ,Drama ,Thriller",21.0,6.0,2017.0
45,Fargo,4,1,TV Series,7.2,5271,8.9,415451,53.0,"Crime ,Drama ,Thriller",27.0,9.0,2020.0
45,Fargo,4,2,TV Series,7.2,4098,8.9,415451,53.0,"Crime ,Drama ,Thriller",27.0,9.0,2020.0
45,Fargo,4,3,TV Series,7.3,3678,8.9,415451,53.0,"Crime ,Drama ,Thriller",4.0,10.0,2020.0
45,Fargo,4,4,TV Series,7.3,3398,8.9,415451,53.0,"Crime ,Drama ,Thriller",11.0,10.0,2020.0
45,Fargo,4,5,TV Series,7.4,3331,8.9,415451,53.0,"Crime ,Drama ,Thriller",18.0,10.0,2020.0
46,Nathan for You,2,1,TV Series,8.3,891,8.9,37719,30.0,"Documentary ,Comedy",1.0,7.0,2014.0
46,Nathan for You,1,8,TV Series,8.5,915,8.9,37719,30.0,"Documentary ,Comedy",18.0,4.0,2013.0
46,Nathan for You,1,7,TV Series,8.6,1046,8.9,37719,30.0,"Documentary ,Comedy",11.0,4.0,2013.0
46,Nathan for You,1,6,TV Series,7.8,891,8.9,37719,30.0,"Documentary ,Comedy",4.0,4.0,2013.0
46,Nathan for You,4,6,TV Series,8.4,705,8.9,37719,30.0,"Documentary ,Comedy",26.0,10.0,2017.0
46,Nathan for You,4,7,TV Series,7.7,663,8.9,37719,30.0,"Documentary ,Comedy",2.0,11.0,2017.0
46,Nathan for You,4,8,TV Series,9.5,3286,8.9,37719,30.0,"Documentary ,Comedy",9.0,11.0,2017.0
46,Nathan for You,2,3,TV Series,8.1,809,8.9,37719,30.0,"Documentary ,Comedy",15.0,7.0,2014.0
46,Nathan for You,2,2,TV Series,9.3,1177,8.9,37719,30.0,"Documentary ,Comedy",8.0,7.0,2014.0
46,Nathan for You,2,4,TV Series,8.2,805,8.9,37719,30.0,"Documentary ,Comedy",22.0,7.0,2014.0
46,Nathan for You,1,5,TV Series,8.6,1010,8.9,37719,30.0,"Documentary ,Comedy",28.0,3.0,2013.0
46,Nathan for You,4,5,TV Series,9.2,910,8.9,37719,30.0,"Documentary ,Comedy",19.0,10.0,2017.0
46,Nathan for You,4,4,TV Series,9.1,883,8.9,37719,30.0,"Documentary ,Comedy",12.0,10.0,2017.0
46,Nathan for You,4,3,TV Series,7.8,692,8.9,37719,30.0,"Documentary ,Comedy",5.0,10.0,2017.0
46,Nathan for You,4,2,TV Series,8.6,758,8.9,37719,30.0,"Documentary ,Comedy",28.0,9.0,2017.0
46,Nathan for You,2,5,TV Series,9.5,1350,8.9,37719,30.0,"Documentary ,Comedy",29.0,7.0,2014.0
46,Nathan for You,2,8,TV Series,8.2,745,8.9,37719,30.0,"Documentary ,Comedy",19.0,8.0,2014.0
46,Nathan for You,3,1,TV Series,9.2,1127,8.9,37719,30.0,"Documentary ,Comedy",15.0,10.0,2015.0
46,Nathan for You,3,2,TV Series,8.2,778,8.9,37719,30.0,"Documentary ,Comedy",22.0,10.0,2015.0
46,Nathan for You,3,3,TV Series,9.0,952,8.9,37719,30.0,"Documentary ,Comedy",29.0,10.0,2015.0
46,Nathan for You,3,4,TV Series,8.3,778,8.9,37719,30.0,"Documentary ,Comedy",5.0,11.0,2015.0
46,Nathan for You,3,5,TV Series,9.1,1014,8.9,37719,30.0,"Documentary ,Comedy",12.0,11.0,2015.0
46,Nathan for You,2,6,TV Series,8.4,794,8.9,37719,30.0,"Documentary ,Comedy",5.0,8.0,2014.0
46,Nathan for You,2,7,TV Series,8.0,755,8.9,37719,30.0,"Documentary ,Comedy",12.0,8.0,2014.0
46,Nathan for You,3,6,TV Series,8.5,757,8.9,37719,30.0,"Documentary ,Comedy",19.0,11.0,2015.0
46,Nathan for You,3,7,TV Series,8.4,737,8.9,37719,30.0,"Documentary ,Comedy",3.0,12.0,2015.0
46,Nathan for You,1,4,TV Series,9.2,1372,8.9,37719,30.0,"Documentary ,Comedy",21.0,3.0,2013.0
46,Nathan for You,1,3,TV Series,8.0,997,8.9,37719,30.0,"Documentary ,Comedy",14.0,3.0,2013.0
46,Nathan for You,1,2,TV Series,8.7,1179,8.9,37719,30.0,"Documentary ,Comedy",7.0,3.0,2013.0
46,Nathan for You,1,1,TV Series,8.1,1221,8.9,37719,30.0,"Documentary ,Comedy",28.0,2.0,2013.0
46,Nathan for You,4,1,TV Series,8.3,641,8.9,37719,30.0,"Documentary ,Comedy",21.0,9.0,2017.0
46,Nathan for You,3,8,TV Series,9.3,1157,8.9,37719,30.0,"Documentary ,Comedy",10.0,12.0,2015.0
47,Apocalypse: The Second World War,1,5,TV Mini Series,8.6,374,9.0,14101,312.0,"Documentary ,History ,War",22.0,9.0,2009.0
47,Apocalypse: The Second World War,1,4,TV Mini Series,8.6,370,9.0,14101,312.0,"Documentary ,History ,War",15.0,9.0,2009.0
47,Apocalypse: The Second World War,1,1,TV Mini Series,8.6,458,9.0,14101,312.0,"Documentary ,History ,War",11.0,11.0,2009.0
47,Apocalypse: The Second World War,1,2,TV Mini Series,8.6,413,9.0,14101,312.0,"Documentary ,History ,War",8.0,9.0,2009.0
47,Apocalypse: The Second World War,1,3,TV Mini Series,8.7,403,9.0,14101,312.0,"Documentary ,History ,War",15.0,9.0,2009.0
47,Apocalypse: The Second World War,1,6,TV Mini Series,8.8,382,9.0,14101,312.0,"Documentary ,History ,War",22.0,9.0,2009.0
48,Last Week Tonight with John Oliver,3,11,TV Series,8.7,383,8.9,95033,30.0,"Comedy ,News ,Talk-Show",8.0,5.0,2016.0
48,Last Week Tonight with John Oliver,3,10,TV Series,8.1,338,8.9,95033,30.0,"Comedy ,News ,Talk-Show",24.0,4.0,2016.0
48,Last Week Tonight with John Oliver,3,9,TV Series,7.8,327,8.9,95033,30.0,"Comedy ,News ,Talk-Show",17.0,4.0,2016.0
48,Last Week Tonight with John Oliver,3,8,TV Series,8.0,344,8.9,95033,30.0,"Comedy ,News ,Talk-Show",10.0,4.0,2016.0
48,Last Week Tonight with John Oliver,3,7,TV Series,7.8,325,8.9,95033,30.0,"Comedy ,News ,Talk-Show",3.0,4.0,2016.0
48,Last Week Tonight with John Oliver,3,6,TV Series,8.5,374,8.9,95033,30.0,"Comedy ,News ,Talk-Show",20.0,3.0,2016.0
48,Last Week Tonight with John Oliver,3,5,TV Series,8.2,346,8.9,95033,30.0,"Comedy ,News ,Talk-Show",13.0,3.0,2016.0
48,Last Week Tonight with John Oliver,3,4,TV Series,7.8,352,8.9,95033,30.0,"Comedy ,News ,Talk-Show",6.0,3.0,2016.0
48,Last Week Tonight with John Oliver,3,3,TV Series,9.3,724,8.9,95033,30.0,"Comedy ,News ,Talk-Show",28.0,2.0,2016.0
48,Last Week Tonight with John Oliver,3,2,TV Series,8.6,395,8.9,95033,30.0,"Comedy ,News ,Talk-Show",21.0,2.0,2016.0
48,Last Week Tonight with John Oliver,3,1,TV Series,8.2,379,8.9,95033,30.0,"Comedy ,News ,Talk-Show",14.0,2.0,2016.0
48,Last Week Tonight with John Oliver,2,35,TV Series,8.4,314,8.9,95033,30.0,"Comedy ,News ,Talk-Show",22.0,11.0,2015.0
48,Last Week Tonight with John Oliver,2,34,TV Series,8.2,323,8.9,95033,30.0,"Comedy ,News ,Talk-Show",15.0,11.0,2015.0
48,Last Week Tonight with John Oliver,2,33,TV Series,8.1,299,8.9,95033,30.0,"Comedy ,News ,Talk-Show",8.0,11.0,2015.0
48,Last Week Tonight with John Oliver,2,32,TV Series,7.8,295,8.9,95033,30.0,"Comedy ,News ,Talk-Show",1.0,11.0,2015.0
48,Last Week Tonight with John Oliver,3,28,TV Series,8.0,300,8.9,95033,30.0,"Comedy ,News ,Talk-Show",30.0,10.0,2016.0
48,Last Week Tonight with John Oliver,2,13,TV Series,8.2,337,8.9,95033,30.0,"Comedy ,News ,Talk-Show",10.0,5.0,2015.0
48,Last Week Tonight with John Oliver,2,12,TV Series,8.0,351,8.9,95033,30.0,"Comedy ,News ,Talk-Show",3.0,5.0,2015.0
48,Last Week Tonight with John Oliver,2,11,TV Series,8.1,339,8.9,95033,30.0,"Comedy ,News ,Talk-Show",26.0,4.0,2015.0
48,Last Week Tonight with John Oliver,2,10,TV Series,8.0,342,8.9,95033,30.0,"Comedy ,News ,Talk-Show",19.0,4.0,2015.0
48,Last Week Tonight with John Oliver,2,9,TV Series,7.7,366,8.9,95033,30.0,"Comedy ,News ,Talk-Show",12.0,4.0,2015.0
48,Last Week Tonight with John Oliver,2,8,TV Series,9.5,719,8.9,95033,30.0,"Comedy ,News ,Talk-Show",5.0,4.0,2015.0
48,Last Week Tonight with John Oliver,2,7,TV Series,8.2,341,8.9,95033,30.0,"Comedy ,News ,Talk-Show",22.0,3.0,2015.0
48,Last Week Tonight with John Oliver,2,6,TV Series,8.3,350,8.9,95033,30.0,"Comedy ,News ,Talk-Show",15.0,3.0,2015.0
48,Last Week Tonight with John Oliver,2,5,TV Series,8.4,362,8.9,95033,30.0,"Comedy ,News ,Talk-Show",8.0,3.0,2015.0
48,Last Week Tonight with John Oliver,2,4,TV Series,8.3,379,8.9,95033,30.0,"Comedy ,News ,Talk-Show",1.0,3.0,2015.0
48,Last Week Tonight with John Oliver,2,3,TV Series,8.1,340,8.9,95033,30.0,"Comedy ,News ,Talk-Show",22.0,2.0,2015.0
48,Last Week Tonight with John Oliver,2,2,TV Series,8.8,420,8.9,95033,30.0,"Comedy ,News ,Talk-Show",15.0,2.0,2015.0
48,Last Week Tonight with John Oliver,2,1,TV Series,8.4,394,8.9,95033,30.0,"Comedy ,News ,Talk-Show",8.0,2.0,2015.0
48,Last Week Tonight with John Oliver,1,24,TV Series,8.7,398,8.9,95033,30.0,"Comedy ,News ,Talk-Show",9.0,11.0,2014.0
48,Last Week Tonight with John Oliver,1,8,TV Series,8.2,369,8.9,95033,30.0,"Comedy ,News ,Talk-Show",22.0,6.0,2014.0
48,Last Week Tonight with John Oliver,1,5,TV Series,8.8,464,8.9,95033,30.0,"Comedy ,News ,Talk-Show",1.0,6.0,2014.0
48,Last Week Tonight with John Oliver,3,27,TV Series,8.0,308,8.9,95033,30.0,"Comedy ,News ,Talk-Show",23.0,10.0,2016.0
48,Last Week Tonight with John Oliver,3,26,TV Series,7.9,319,8.9,95033,30.0,"Comedy ,News ,Talk-Show",16.0,10.0,2016.0
48,Last Week Tonight with John Oliver,3,25,TV Series,8.2,317,8.9,95033,30.0,"Comedy ,News ,Talk-Show",9.0,10.0,2016.0
48,Last Week Tonight with John Oliver,3,24,TV Series,8.1,319,8.9,95033,30.0,"Comedy ,News ,Talk-Show",2.0,10.0,2016.0
48,Last Week Tonight with John Oliver,3,23,TV Series,8.2,334,8.9,95033,30.0,"Comedy ,News ,Talk-Show",25.0,9.0,2016.0
48,Last Week Tonight with John Oliver,3,22,TV Series,8.0,324,8.9,95033,30.0,"Comedy ,News ,Talk-Show",21.0,8.0,2016.0
48,Last Week Tonight with John Oliver,3,21,TV Series,8.1,309,8.9,95033,30.0,"Comedy ,News ,Talk-Show",14.0,8.0,2016.0
48,Last Week Tonight with John Oliver,3,20,TV Series,8.3,331,8.9,95033,30.0,"Comedy ,News ,Talk-Show",7.0,8.0,2016.0
48,Last Week Tonight with John Oliver,3,19,TV Series,8.2,306,8.9,95033,30.0,"Comedy ,News ,Talk-Show",31.0,7.0,2016.0
48,Last Week Tonight with John Oliver,3,18,TV Series,8.3,338,8.9,95033,30.0,"Comedy ,News ,Talk-Show",24.0,7.0,2016.0
48,Last Week Tonight with John Oliver,3,17,TV Series,7.9,318,8.9,95033,30.0,"Comedy ,News ,Talk-Show",26.0,6.0,2016.0
48,Last Week Tonight with John Oliver,3,16,TV Series,8.1,335,8.9,95033,30.0,"Comedy ,News ,Talk-Show",19.0,6.0,2016.0
48,Last Week Tonight with John Oliver,3,15,TV Series,8.1,307,8.9,95033,30.0,"Comedy ,News ,Talk-Show",12.0,6.0,2016.0
48,Last Week Tonight with John Oliver,3,14,TV Series,8.6,377,8.9,95033,30.0,"Comedy ,News ,Talk-Show",5.0,6.0,2016.0
48,Last Week Tonight with John Oliver,3,13,TV Series,7.9,312,8.9,95033,30.0,"Comedy ,News ,Talk-Show",22.0,5.0,2016.0
48,Last Week Tonight with John Oliver,4,14,TV Series,8.3,288,8.9,95033,30.0,"Comedy ,News ,Talk-Show",4.0,6.0,2017.0
48,Last Week Tonight with John Oliver,4,13,TV Series,8.5,314,8.9,95033,30.0,"Comedy ,News ,Talk-Show",21.0,5.0,2017.0
48,Last Week Tonight with John Oliver,4,12,TV Series,8.0,285,8.9,95033,30.0,"Comedy ,News ,Talk-Show",14.0,5.0,2017.0
48,Last Week Tonight with John Oliver,4,11,TV Series,8.5,307,8.9,95033,30.0,"Comedy ,News ,Talk-Show",7.0,5.0,2017.0
48,Last Week Tonight with John Oliver,4,10,TV Series,8.5,321,8.9,95033,30.0,"Comedy ,News ,Talk-Show",23.0,4.0,2017.0
48,Last Week Tonight with John Oliver,4,9,TV Series,8.5,328,8.9,95033,30.0,"Comedy ,News ,Talk-Show",16.0,4.0,2017.0
48,Last Week Tonight with John Oliver,4,8,TV Series,8.2,320,8.9,95033,30.0,"Comedy ,News ,Talk-Show",9.0,4.0,2017.0
48,Last Week Tonight with John Oliver,4,7,TV Series,8.2,307,8.9,95033,30.0,"Comedy ,News ,Talk-Show",2.0,4.0,2017.0
48,Last Week Tonight with John Oliver,4,6,TV Series,8.2,301,8.9,95033,30.0,"Comedy ,News ,Talk-Show",19.0,3.0,2017.0
48,Last Week Tonight with John Oliver,4,5,TV Series,8.2,311,8.9,95033,30.0,"Comedy ,News ,Talk-Show",12.0,3.0,2017.0
48,Last Week Tonight with John Oliver,4,4,TV Series,8.7,379,8.9,95033,30.0,"Comedy ,News ,Talk-Show",5.0,3.0,2017.0
48,Last Week Tonight with John Oliver,4,3,TV Series,8.1,323,8.9,95033,30.0,"Comedy ,News ,Talk-Show",26.0,2.0,2017.0
48,Last Week Tonight with John Oliver,4,2,TV Series,8.5,378,8.9,95033,30.0,"Comedy ,News ,Talk-Show",19.0,2.0,2017.0
48,Last Week Tonight with John Oliver,4,1,TV Series,9.0,500,8.9,95033,30.0,"Comedy ,News ,Talk-Show",12.0,2.0,2017.0
48,Last Week Tonight with John Oliver,3,30,TV Series,8.8,463,8.9,95033,30.0,"Comedy ,News ,Talk-Show",13.0,11.0,2016.0
48,Last Week Tonight with John Oliver,3,29,TV Series,8.4,355,8.9,95033,30.0,"Comedy ,News ,Talk-Show",6.0,11.0,2016.0
48,Last Week Tonight with John Oliver,4,30,TV Series,8.7,301,8.9,95033,30.0,"Comedy ,News ,Talk-Show",12.0,11.0,2017.0
48,Last Week Tonight with John Oliver,4,29,TV Series,7.8,241,8.9,95033,30.0,"Comedy ,News ,Talk-Show",5.0,11.0,2017.0
48,Last Week Tonight with John Oliver,4,28,TV Series,7.7,257,8.9,95033,30.0,"Comedy ,News ,Talk-Show",29.0,10.0,2017.0
48,Last Week Tonight with John Oliver,4,27,TV Series,7.7,260,8.9,95033,30.0,"Comedy ,News ,Talk-Show",15.0,10.0,2017.0
48,Last Week Tonight with John Oliver,4,26,TV Series,8.4,293,8.9,95033,30.0,"Comedy ,News ,Talk-Show",8.0,10.0,2017.0
48,Last Week Tonight with John Oliver,4,25,TV Series,7.9,287,8.9,95033,30.0,"Comedy ,News ,Talk-Show",1.0,10.0,2017.0
48,Last Week Tonight with John Oliver,4,24,TV Series,8.1,265,8.9,95033,30.0,"Comedy ,News ,Talk-Show",24.0,9.0,2017.0
48,Last Week Tonight with John Oliver,4,23,TV Series,7.8,276,8.9,95033,30.0,"Comedy ,News ,Talk-Show",10.0,9.0,2017.0
48,Last Week Tonight with John Oliver,4,22,TV Series,7.9,271,8.9,95033,30.0,"Comedy ,News ,Talk-Show",20.0,8.0,2017.0
48,Last Week Tonight with John Oliver,4,21,TV Series,8.4,294,8.9,95033,30.0,"Comedy ,News ,Talk-Show",13.0,8.0,2017.0
48,Last Week Tonight with John Oliver,4,20,TV Series,8.0,275,8.9,95033,30.0,"Comedy ,News ,Talk-Show",6.0,8.0,2017.0
48,Last Week Tonight with John Oliver,4,19,TV Series,8.4,320,8.9,95033,30.0,"Comedy ,News ,Talk-Show",30.0,7.0,2017.0
48,Last Week Tonight with John Oliver,4,18,TV Series,8.3,306,8.9,95033,30.0,"Comedy ,News ,Talk-Show",2.0,7.0,2017.0
48,Last Week Tonight with John Oliver,4,17,TV Series,8.3,293,8.9,95033,30.0,"Comedy ,News ,Talk-Show",25.0,6.0,2017.0
48,Last Week Tonight with John Oliver,4,16,TV Series,8.4,307,8.9,95033,30.0,"Comedy ,News ,Talk-Show",18.0,6.0,2017.0
48,Last Week Tonight with John Oliver,4,15,TV Series,8.6,304,8.9,95033,30.0,"Comedy ,News ,Talk-Show",11.0,6.0,2017.0
48,Last Week Tonight with John Oliver,5,16,TV Series,7.7,267,8.9,95033,30.0,"Comedy ,News ,Talk-Show",24.0,6.0,2018.0
48,Last Week Tonight with John Oliver,5,15,TV Series,8.1,277,8.9,95033,30.0,"Comedy ,News ,Talk-Show",17.0,6.0,2018.0
48,Last Week Tonight with John Oliver,5,14,TV Series,8.0,262,8.9,95033,30.0,"Comedy ,News ,Talk-Show",10.0,6.0,2018.0
48,Last Week Tonight with John Oliver,5,13,TV Series,8.0,263,8.9,95033,30.0,"Comedy ,News ,Talk-Show",3.0,6.0,2018.0
48,Last Week Tonight with John Oliver,5,12,TV Series,8.0,276,8.9,95033,30.0,"Comedy ,News ,Talk-Show",20.0,5.0,2018.0
48,Last Week Tonight with John Oliver,5,11,TV Series,7.6,285,8.9,95033,30.0,"Comedy ,News ,Talk-Show",13.0,5.0,2018.0
48,Last Week Tonight with John Oliver,5,10,TV Series,8.7,358,8.9,95033,30.0,"Comedy ,News ,Talk-Show",6.0,5.0,2018.0
48,Last Week Tonight with John Oliver,5,9,TV Series,8.0,286,8.9,95033,30.0,"Comedy ,News ,Talk-Show",22.0,4.0,2018.0
48,Last Week Tonight with John Oliver,5,8,TV Series,8.0,275,8.9,95033,30.0,"Comedy ,News ,Talk-Show",15.0,4.0,2018.0
48,Last Week Tonight with John Oliver,5,7,TV Series,7.9,308,8.9,95033,30.0,"Comedy ,News ,Talk-Show",8.0,4.0,2018.0
48,Last Week Tonight with John Oliver,5,6,TV Series,8.0,297,8.9,95033,30.0,"Comedy ,News ,Talk-Show",1.0,4.0,2018.0
48,Last Week Tonight with John Oliver,5,5,TV Series,8.3,344,8.9,95033,30.0,"Comedy ,News ,Talk-Show",18.0,3.0,2018.0
48,Last Week Tonight with John Oliver,5,4,TV Series,7.8,341,8.9,95033,30.0,"Comedy ,News ,Talk-Show",11.0,3.0,2018.0
48,Last Week Tonight with John Oliver,5,3,TV Series,8.1,331,8.9,95033,30.0,"Comedy ,News ,Talk-Show",4.0,3.0,2018.0
48,Last Week Tonight with John Oliver,5,2,TV Series,8.3,333,8.9,95033,30.0,"Comedy ,News ,Talk-Show",25.0,2.0,2018.0
48,Last Week Tonight with John Oliver,5,1,TV Series,8.4,376,8.9,95033,30.0,"Comedy ,News ,Talk-Show",18.0,2.0,2018.0
48,Last Week Tonight with John Oliver,6,2,TV Series,8.0,325,8.9,95033,30.0,"Comedy ,News ,Talk-Show",24.0,2.0,2019.0
48,Last Week Tonight with John Oliver,6,1,TV Series,8.4,375,8.9,95033,30.0,"Comedy ,News ,Talk-Show",17.0,2.0,2019.0
48,Last Week Tonight with John Oliver,5,30,TV Series,8.6,273,8.9,95033,30.0,"Comedy ,News ,Talk-Show",18.0,11.0,2018.0
48,Last Week Tonight with John Oliver,5,29,TV Series,7.9,249,8.9,95033,30.0,"Comedy ,News ,Talk-Show",11.0,11.0,2018.0
48,Last Week Tonight with John Oliver,5,28,TV Series,8.2,252,8.9,95033,30.0,"Comedy ,News ,Talk-Show",4.0,11.0,2018.0
48,Last Week Tonight with John Oliver,5,27,TV Series,7.6,238,8.9,95033,30.0,"Comedy ,News ,Talk-Show",28.0,10.0,2018.0
48,Last Week Tonight with John Oliver,5,26,TV Series,8.0,249,8.9,95033,30.0,"Comedy ,News ,Talk-Show",14.0,10.0,2018.0
48,Last Week Tonight with John Oliver,5,25,TV Series,8.0,246,8.9,95033,30.0,"Comedy ,News ,Talk-Show",7.0,10.0,2018.0
48,Last Week Tonight with John Oliver,5,24,TV Series,8.3,282,8.9,95033,30.0,"Comedy ,News ,Talk-Show",30.0,9.0,2018.0
48,Last Week Tonight with John Oliver,5,23,TV Series,8.1,265,8.9,95033,30.0,"Comedy ,News ,Talk-Show",23.0,9.0,2018.0
48,Last Week Tonight with John Oliver,5,22,TV Series,7.9,251,8.9,95033,30.0,"Comedy ,News ,Talk-Show",9.0,9.0,2018.0
48,Last Week Tonight with John Oliver,5,21,TV Series,8.2,240,8.9,95033,30.0,"Comedy ,News ,Talk-Show",19.0,8.0,2018.0
48,Last Week Tonight with John Oliver,5,20,TV Series,7.7,255,8.9,95033,30.0,"Comedy ,News ,Talk-Show",12.0,8.0,2018.0
48,Last Week Tonight with John Oliver,5,19,TV Series,7.9,257,8.9,95033,30.0,"Comedy ,News ,Talk-Show",5.0,8.0,2018.0
48,Last Week Tonight with John Oliver,5,18,TV Series,7.7,275,8.9,95033,30.0,"Comedy ,News ,Talk-Show",29.0,7.0,2018.0
48,Last Week Tonight with John Oliver,5,17,TV Series,7.7,256,8.9,95033,30.0,"Comedy ,News ,Talk-Show",1.0,7.0,2018.0
48,Last Week Tonight with John Oliver,6,18,TV Series,8.3,291,8.9,95033,30.0,"Comedy ,News ,Talk-Show",28.0,7.0,2019.0
48,Last Week Tonight with John Oliver,6,17,TV Series,8.1,288,8.9,95033,30.0,"Comedy ,News ,Talk-Show",30.0,6.0,2019.0
48,Last Week Tonight with John Oliver,6,16,TV Series,7.9,296,8.9,95033,30.0,"Comedy ,News ,Talk-Show",23.0,6.0,2019.0
48,Last Week Tonight with John Oliver,6,15,TV Series,8.0,284,8.9,95033,30.0,"Comedy ,News ,Talk-Show",16.0,6.0,2019.0
48,Last Week Tonight with John Oliver,6,14,TV Series,8.1,279,8.9,95033,30.0,"Comedy ,News ,Talk-Show",9.0,6.0,2019.0
48,Last Week Tonight with John Oliver,6,13,TV Series,7.7,272,8.9,95033,30.0,"Comedy ,News ,Talk-Show",2.0,6.0,2019.0
48,Last Week Tonight with John Oliver,6,12,TV Series,7.9,282,8.9,95033,30.0,"Comedy ,News ,Talk-Show",19.0,5.0,2019.0
48,Last Week Tonight with John Oliver,6,11,TV Series,8.1,308,8.9,95033,30.0,"Comedy ,News ,Talk-Show",12.0,5.0,2019.0
48,Last Week Tonight with John Oliver,6,10,TV Series,8.2,310,8.9,95033,30.0,"Comedy ,News ,Talk-Show",5.0,5.0,2019.0
48,Last Week Tonight with John Oliver,6,9,TV Series,7.7,317,8.9,95033,30.0,"Comedy ,News ,Talk-Show",21.0,4.0,2019.0
48,Last Week Tonight with John Oliver,6,8,TV Series,8.2,311,8.9,95033,30.0,"Comedy ,News ,Talk-Show",14.0,4.0,2019.0
48,Last Week Tonight with John Oliver,6,7,TV Series,7.8,300,8.9,95033,30.0,"Comedy ,News ,Talk-Show",7.0,4.0,2019.0
48,Last Week Tonight with John Oliver,6,6,TV Series,8.1,328,8.9,95033,30.0,"Comedy ,News ,Talk-Show",31.0,3.0,2019.0
48,Last Week Tonight with John Oliver,6,5,TV Series,8.3,334,8.9,95033,30.0,"Comedy ,News ,Talk-Show",17.0,3.0,2019.0
48,Last Week Tonight with John Oliver,6,4,TV Series,8.2,309,8.9,95033,30.0,"Comedy ,News ,Talk-Show",10.0,3.0,2019.0
48,Last Week Tonight with John Oliver,6,3,TV Series,8.0,303,8.9,95033,30.0,"Comedy ,News ,Talk-Show",3.0,3.0,2019.0
48,Last Week Tonight with John Oliver,7,4,TV Series,7.9,311,8.9,95033,30.0,"Comedy ,News ,Talk-Show",8.0,3.0,2020.0
48,Last Week Tonight with John Oliver,7,3,TV Series,8.5,339,8.9,95033,30.0,"Comedy ,News ,Talk-Show",1.0,3.0,2020.0
48,Last Week Tonight with John Oliver,7,2,TV Series,8.3,383,8.9,95033,30.0,"Comedy ,News ,Talk-Show",23.0,2.0,2020.0
48,Last Week Tonight with John Oliver,7,1,TV Series,8.2,342,8.9,95033,30.0,"Comedy ,News ,Talk-Show",16.0,2.0,2020.0
48,Last Week Tonight with John Oliver,6,30,TV Series,8.1,250,8.9,95033,30.0,"Comedy ,News ,Talk-Show",17.0,11.0,2019.0
48,Last Week Tonight with John Oliver,6,29,TV Series,9.6,722,8.9,95033,30.0,"Comedy ,News ,Talk-Show",10.0,11.0,2019.0
48,Last Week Tonight with John Oliver,6,28,TV Series,8.1,243,8.9,95033,30.0,"Comedy ,News ,Talk-Show",3.0,11.0,2019.0
48,Last Week Tonight with John Oliver,6,27,TV Series,8.2,247,8.9,95033,30.0,"Comedy ,News ,Talk-Show",27.0,10.0,2019.0
48,Last Week Tonight with John Oliver,6,26,TV Series,7.8,254,8.9,95033,30.0,"Comedy ,News ,Talk-Show",13.0,10.0,2019.0
48,Last Week Tonight with John Oliver,6,25,TV Series,7.9,256,8.9,95033,30.0,"Comedy ,News ,Talk-Show",6.0,10.0,2019.0
48,Last Week Tonight with John Oliver,6,24,TV Series,7.8,253,8.9,95033,30.0,"Comedy ,News ,Talk-Show",29.0,9.0,2019.0
48,Last Week Tonight with John Oliver,6,23,TV Series,8.2,265,8.9,95033,30.0,"Comedy ,News ,Talk-Show",15.0,9.0,2019.0
48,Last Week Tonight with John Oliver,6,22,TV Series,7.8,253,8.9,95033,30.0,"Comedy ,News ,Talk-Show",8.0,9.0,2019.0
48,Last Week Tonight with John Oliver,6,21,TV Series,7.8,269,8.9,95033,30.0,"Comedy ,News ,Talk-Show",18.0,8.0,2019.0
48,Last Week Tonight with John Oliver,6,20,TV Series,8.5,331,8.9,95033,30.0,"Comedy ,News ,Talk-Show",11.0,8.0,2019.0
48,Last Week Tonight with John Oliver,6,19,TV Series,7.8,276,8.9,95033,30.0,"Comedy ,News ,Talk-Show",4.0,8.0,2019.0
48,Last Week Tonight with John Oliver,7,20,TV Series,8.4,301,8.9,95033,30.0,"Comedy ,News ,Talk-Show",2.0,8.0,2020.0
48,Last Week Tonight with John Oliver,7,19,TV Series,8.1,288,8.9,95033,30.0,"Comedy ,News ,Talk-Show",26.0,7.0,2020.0
48,Last Week Tonight with John Oliver,7,18,TV Series,8.1,289,8.9,95033,30.0,"Comedy ,News ,Talk-Show",19.0,7.0,2020.0
48,Last Week Tonight with John Oliver,7,17,TV Series,7.6,265,8.9,95033,30.0,"Comedy ,News ,Talk-Show",28.0,6.0,2020.0
48,Last Week Tonight with John Oliver,7,16,TV Series,7.4,266,8.9,95033,30.0,"Comedy ,News ,Talk-Show",21.0,6.0,2020.0
48,Last Week Tonight with John Oliver,7,15,TV Series,7.8,268,8.9,95033,30.0,"Comedy ,News ,Talk-Show",14.0,6.0,2020.0
48,Last Week Tonight with John Oliver,7,14,TV Series,8.8,437,8.9,95033,30.0,"Comedy ,News ,Talk-Show",7.0,6.0,2020.0
48,Last Week Tonight with John Oliver,7,13,TV Series,7.9,282,8.9,95033,30.0,"Comedy ,News ,Talk-Show",31.0,5.0,2020.0
48,Last Week Tonight with John Oliver,7,12,TV Series,7.7,276,8.9,95033,30.0,"Comedy ,News ,Talk-Show",17.0,5.0,2020.0
48,Last Week Tonight with John Oliver,7,11,TV Series,7.6,278,8.9,95033,30.0,"Comedy ,News ,Talk-Show",10.0,5.0,2020.0
48,Last Week Tonight with John Oliver,7,10,TV Series,7.8,276,8.9,95033,30.0,"Comedy ,News ,Talk-Show",3.0,5.0,2020.0
48,Last Week Tonight with John Oliver,7,9,TV Series,8.1,292,8.9,95033,30.0,"Comedy ,News ,Talk-Show",19.0,4.0,2020.0
48,Last Week Tonight with John Oliver,7,8,TV Series,8.2,295,8.9,95033,30.0,"Comedy ,News ,Talk-Show",12.0,4.0,2020.0
48,Last Week Tonight with John Oliver,7,7,TV Series,8.2,317,8.9,95033,30.0,"Comedy ,News ,Talk-Show",5.0,4.0,2020.0
48,Last Week Tonight with John Oliver,7,6,TV Series,8.4,314,8.9,95033,30.0,"Comedy ,News ,Talk-Show",29.0,3.0,2020.0
48,Last Week Tonight with John Oliver,7,5,TV Series,8.6,360,8.9,95033,30.0,"Comedy ,News ,Talk-Show",15.0,3.0,2020.0
48,Last Week Tonight with John Oliver,8,6,TV Series,8.0,278,8.9,95033,30.0,"Comedy ,News ,Talk-Show",21.0,3.0,2021.0
48,Last Week Tonight with John Oliver,8,5,TV Series,7.8,327,8.9,95033,30.0,"Comedy ,News ,Talk-Show",14.0,3.0,2021.0
48,Last Week Tonight with John Oliver,8,4,TV Series,7.5,273,8.9,95033,30.0,"Comedy ,News ,Talk-Show",7.0,3.0,2021.0
48,Last Week Tonight with John Oliver,8,3,TV Series,8.3,308,8.9,95033,30.0,"Comedy ,News ,Talk-Show",28.0,2.0,2021.0
48,Last Week Tonight with John Oliver,8,2,TV Series,7.7,288,8.9,95033,30.0,"Comedy ,News ,Talk-Show",21.0,2.0,2021.0
48,Last Week Tonight with John Oliver,8,1,TV Series,7.6,319,8.9,95033,30.0,"Comedy ,News ,Talk-Show",14.0,2.0,2021.0
48,Last Week Tonight with John Oliver,7,30,TV Series,8.7,288,8.9,95033,30.0,"Comedy ,News ,Talk-Show",15.0,11.0,2020.0
48,Last Week Tonight with John Oliver,7,29,TV Series,8.2,264,8.9,95033,30.0,"Comedy ,News ,Talk-Show",8.0,11.0,2020.0
48,Last Week Tonight with John Oliver,7,28,TV Series,8.2,240,8.9,95033,30.0,"Comedy ,News ,Talk-Show",1.0,11.0,2020.0
48,Last Week Tonight with John Oliver,7,27,TV Series,7.6,227,8.9,95033,30.0,"Comedy ,News ,Talk-Show",25.0,10.0,2020.0
48,Last Week Tonight with John Oliver,7,26,TV Series,8.0,238,8.9,95033,30.0,"Comedy ,News ,Talk-Show",18.0,10.0,2020.0
48,Last Week Tonight with John Oliver,7,25,TV Series,7.8,243,8.9,95033,30.0,"Comedy ,News ,Talk-Show",4.0,10.0,2020.0
48,Last Week Tonight with John Oliver,7,24,TV Series,7.9,261,8.9,95033,30.0,"Comedy ,News ,Talk-Show",27.0,9.0,2020.0
48,Last Week Tonight with John Oliver,7,23,TV Series,8.3,283,8.9,95033,30.0,"Comedy ,News ,Talk-Show",30.0,8.0,2020.0
48,Last Week Tonight with John Oliver,7,22,TV Series,7.8,242,8.9,95033,30.0,"Comedy ,News ,Talk-Show",23.0,8.0,2020.0
48,Last Week Tonight with John Oliver,7,21,TV Series,7.5,254,8.9,95033,30.0,"Comedy ,News ,Talk-Show",16.0,8.0,2020.0
48,Last Week Tonight with John Oliver,8,22,TV Series,8.1,239,8.9,95033,30.0,"Comedy ,News ,Talk-Show",22.0,8.0,2021.0
48,Last Week Tonight with John Oliver,8,21,TV Series,7.7,219,8.9,95033,30.0,"Comedy ,News ,Talk-Show",15.0,8.0,2021.0
48,Last Week Tonight with John Oliver,8,20,TV Series,7.6,229,8.9,95033,30.0,"Comedy ,News ,Talk-Show",8.0,8.0,2021.0
48,Last Week Tonight with John Oliver,8,19,TV Series,7.8,216,8.9,95033,30.0,"Comedy ,News ,Talk-Show",1.0,8.0,2021.0
48,Last Week Tonight with John Oliver,8,18,TV Series,7.7,238,8.9,95033,30.0,"Comedy ,News ,Talk-Show",25.0,7.0,2021.0
48,Last Week Tonight with John Oliver,8,17,TV Series,7.6,224,8.9,95033,30.0,"Comedy ,News ,Talk-Show",27.0,6.0,2021.0
48,Last Week Tonight with John Oliver,8,16,TV Series,7.3,216,8.9,95033,30.0,"Comedy ,News ,Talk-Show",20.0,6.0,2021.0
48,Last Week Tonight with John Oliver,8,15,TV Series,7.5,219,8.9,95033,30.0,"Comedy ,News ,Talk-Show",13.0,6.0,2021.0
48,Last Week Tonight with John Oliver,8,14,TV Series,7.4,250,8.9,95033,30.0,"Comedy ,News ,Talk-Show",6.0,6.0,2021.0
48,Last Week Tonight with John Oliver,8,13,TV Series,8.1,263,8.9,95033,30.0,"Comedy ,News ,Talk-Show",23.0,5.0,2021.0
48,Last Week Tonight with John Oliver,8,12,TV Series,7.4,303,8.9,95033,30.0,"Comedy ,News ,Talk-Show",16.0,5.0,2021.0
48,Last Week Tonight with John Oliver,8,11,TV Series,6.5,332,8.9,95033,30.0,"Comedy ,News ,Talk-Show",9.0,5.0,2021.0
48,Last Week Tonight with John Oliver,8,10,TV Series,7.8,259,8.9,95033,30.0,"Comedy ,News ,Talk-Show",2.0,5.0,2021.0
48,Last Week Tonight with John Oliver,8,9,TV Series,7.3,255,8.9,95033,30.0,"Comedy ,News ,Talk-Show",18.0,4.0,2021.0
48,Last Week Tonight with John Oliver,8,8,TV Series,7.5,258,8.9,95033,30.0,"Comedy ,News ,Talk-Show",11.0,4.0,2021.0
48,Last Week Tonight with John Oliver,8,7,TV Series,7.6,262,8.9,95033,30.0,"Comedy ,News ,Talk-Show",4.0,4.0,2021.0
48,Last Week Tonight with John Oliver,9,8,TV Series,8.2,240,8.9,95033,30.0,"Comedy ,News ,Talk-Show",17.0,4.0,2022.0
48,Last Week Tonight with John Oliver,9,7,TV Series,8.5,272,8.9,95033,30.0,"Comedy ,News ,Talk-Show",10.0,4.0,2022.0
48,Last Week Tonight with John Oliver,9,6,TV Series,8.0,262,8.9,95033,30.0,"Comedy ,News ,Talk-Show",3.0,4.0,2022.0
48,Last Week Tonight with John Oliver,9,5,TV Series,7.7,243,8.9,95033,30.0,"Comedy ,News ,Talk-Show",27.0,3.0,2022.0
48,Last Week Tonight with John Oliver,9,4,TV Series,7.7,258,8.9,95033,30.0,"Comedy ,News ,Talk-Show",13.0,3.0,2022.0
48,Last Week Tonight with John Oliver,9,3,TV Series,7.9,256,8.9,95033,30.0,"Comedy ,News ,Talk-Show",6.0,3.0,2022.0
48,Last Week Tonight with John Oliver,9,2,TV Series,7.9,280,8.9,95033,30.0,"Comedy ,News ,Talk-Show",27.0,2.0,2022.0
48,Last Week Tonight with John Oliver,9,1,TV Series,7.6,340,8.9,95033,30.0,"Comedy ,News ,Talk-Show",20.0,2.0,2022.0
48,Last Week Tonight with John Oliver,8,30,TV Series,8.0,210,8.9,95033,30.0,"Comedy ,News ,Talk-Show",14.0,11.0,2021.0
48,Last Week Tonight with John Oliver,8,29,TV Series,7.7,209,8.9,95033,30.0,"Comedy ,News ,Talk-Show",7.0,11.0,2021.0
48,Last Week Tonight with John Oliver,8,28,TV Series,7.7,201,8.9,95033,30.0,"Comedy ,News ,Talk-Show",31.0,10.0,2021.0
48,Last Week Tonight with John Oliver,8,27,TV Series,7.9,220,8.9,95033,30.0,"Comedy ,News ,Talk-Show",24.0,10.0,2021.0
48,Last Week Tonight with John Oliver,8,26,TV Series,7.9,219,8.9,95033,30.0,"Comedy ,News ,Talk-Show",10.0,10.0,2021.0
48,Last Week Tonight with John Oliver,8,25,TV Series,8.0,223,8.9,95033,30.0,"Comedy ,News ,Talk-Show",3.0,10.0,2021.0
48,Last Week Tonight with John Oliver,8,24,TV Series,7.7,232,8.9,95033,30.0,"Comedy ,News ,Talk-Show",26.0,9.0,2021.0
48,Last Week Tonight with John Oliver,8,23,TV Series,7.9,249,8.9,95033,30.0,"Comedy ,News ,Talk-Show",12.0,9.0,2021.0
48,Last Week Tonight with John Oliver,9,24,TV Series,7.8,214,8.9,95033,30.0,"Comedy ,News ,Talk-Show",2.0,10.0,2022.0
48,Last Week Tonight with John Oliver,9,23,TV Series,7.6,216,8.9,95033,30.0,"Comedy ,News ,Talk-Show",25.0,9.0,2022.0
48,Last Week Tonight with John Oliver,9,22,TV Series,7.5,222,8.9,95033,30.0,"Comedy ,News ,Talk-Show",11.0,9.0,2022.0
48,Last Week Tonight with John Oliver,9,21,TV Series,7.8,210,8.9,95033,30.0,"Comedy ,News ,Talk-Show",21.0,8.0,2022.0
48,Last Week Tonight with John Oliver,9,20,TV Series,7.7,210,8.9,95033,30.0,"Comedy ,News ,Talk-Show",14.0,8.0,2022.0
48,Last Week Tonight with John Oliver,9,19,TV Series,7.5,204,8.9,95033,30.0,"Comedy ,News ,Talk-Show",7.0,8.0,2022.0
48,Last Week Tonight with John Oliver,9,18,TV Series,7.6,202,8.9,95033,30.0,"Comedy ,News ,Talk-Show",31.0,7.0,2022.0
48,Last Week Tonight with John Oliver,9,17,TV Series,7.9,221,8.9,95033,30.0,"Comedy ,News ,Talk-Show",24.0,7.0,2022.0
48,Last Week Tonight with John Oliver,9,16,TV Series,7.7,217,8.9,95033,30.0,"Comedy ,News ,Talk-Show",26.0,6.0,2022.0
48,Last Week Tonight with John Oliver,9,15,TV Series,7.9,213,8.9,95033,30.0,"Comedy ,News ,Talk-Show",19.0,6.0,2022.0
48,Last Week Tonight with John Oliver,9,14,TV Series,7.9,208,8.9,95033,30.0,"Comedy ,News ,Talk-Show",12.0,6.0,2022.0
48,Last Week Tonight with John Oliver,9,13,TV Series,7.9,227,8.9,95033,30.0,"Comedy ,News ,Talk-Show",5.0,6.0,2022.0
48,Last Week Tonight with John Oliver,9,12,TV Series,8.2,268,8.9,95033,30.0,"Comedy ,News ,Talk-Show",22.0,5.0,2022.0
48,Last Week Tonight with John Oliver,9,11,TV Series,7.6,223,8.9,95033,30.0,"Comedy ,News ,Talk-Show",15.0,5.0,2022.0
48,Last Week Tonight with John Oliver,9,10,TV Series,8.0,219,8.9,95033,30.0,"Comedy ,News ,Talk-Show",8.0,5.0,2022.0
48,Last Week Tonight with John Oliver,9,9,TV Series,7.7,235,8.9,95033,30.0,"Comedy ,News ,Talk-Show",1.0,5.0,2022.0
48,Last Week Tonight with John Oliver,10,10,TV Series,7.5,206,8.9,95033,30.0,"Comedy ,News ,Talk-Show",30.0,4.0,2023.0
48,Last Week Tonight with John Oliver,10,9,TV Series,7.6,197,8.9,95033,30.0,"Comedy ,News ,Talk-Show",23.0,4.0,2023.0
48,Last Week Tonight with John Oliver,10,8,TV Series,7.7,196,8.9,95033,30.0,"Comedy ,News ,Talk-Show",16.0,4.0,2023.0
48,Last Week Tonight with John Oliver,10,7,TV Series,7.7,208,8.9,95033,30.0,"Comedy ,News ,Talk-Show",9.0,4.0,2023.0
48,Last Week Tonight with John Oliver,10,6,TV Series,7.6,209,8.9,95033,30.0,"Comedy ,News ,Talk-Show",2.0,4.0,2023.0
48,Last Week Tonight with John Oliver,10,5,TV Series,7.7,220,8.9,95033,30.0,"Comedy ,News ,Talk-Show",19.0,3.0,2023.0
48,Last Week Tonight with John Oliver,10,4,TV Series,7.5,209,8.9,95033,30.0,"Comedy ,News ,Talk-Show",12.0,3.0,2023.0
48,Last Week Tonight with John Oliver,10,3,TV Series,7.7,254,8.9,95033,30.0,"Comedy ,News ,Talk-Show",5.0,3.0,2023.0
48,Last Week Tonight with John Oliver,10,2,TV Series,8.0,249,8.9,95033,30.0,"Comedy ,News ,Talk-Show",26.0,2.0,2023.0
48,Last Week Tonight with John Oliver,10,1,TV Series,7.6,250,8.9,95033,30.0,"Comedy ,News ,Talk-Show",19.0,2.0,2023.0
48,Last Week Tonight with John Oliver,9,30,TV Series,8.0,216,8.9,95033,30.0,"Comedy ,News ,Talk-Show",20.0,11.0,2022.0
48,Last Week Tonight with John Oliver,9,29,TV Series,7.9,204,8.9,95033,30.0,"Comedy ,News ,Talk-Show",13.0,11.0,2022.0
48,Last Week Tonight with John Oliver,9,28,TV Series,8.0,185,8.9,95033,30.0,"Comedy ,News ,Talk-Show",6.0,11.0,2022.0
48,Last Week Tonight with John Oliver,9,27,TV Series,7.6,187,8.9,95033,30.0,"Comedy ,News ,Talk-Show",30.0,10.0,2022.0
48,Last Week Tonight with John Oliver,9,26,TV Series,7.2,259,8.9,95033,30.0,"Comedy ,News ,Talk-Show",16.0,10.0,2022.0
48,Last Week Tonight with John Oliver,9,25,TV Series,7.6,187,8.9,95033,30.0,"Comedy ,News ,Talk-Show",9.0,10.0,2022.0
48,Last Week Tonight with John Oliver,Unknown,Unknown,TV Series,7.2,20,8.9,95033,30.0,"Comedy ,News ,Talk-Show",5.0,5.0,2014.0
48,Last Week Tonight with John Oliver,Unknown,Unknown,TV Series,6.1,19,8.9,95033,30.0,"Comedy ,News ,Talk-Show",28.0,4.0,2014.0
48,Last Week Tonight with John Oliver,11,3,TV Series,7.7,0,8.9,95033,30.0,"Comedy ,News ,Talk-Show",3.0,3.0,2024.0
48,Last Week Tonight with John Oliver,11,2,TV Series,7.7,0,8.9,95033,30.0,"Comedy ,News ,Talk-Show",25.0,2.0,2024.0
48,Last Week Tonight with John Oliver,11,1,TV Series,9.0,105,8.9,95033,30.0,"Comedy ,News ,Talk-Show",18.0,2.0,2024.0
48,Last Week Tonight with John Oliver,10,21,TV Series,7.8,162,8.9,95033,30.0,"Comedy ,News ,Talk-Show",17.0,12.0,2023.0
48,Last Week Tonight with John Oliver,10,20,TV Series,7.9,141,8.9,95033,30.0,"Comedy ,News ,Talk-Show",10.0,12.0,2023.0
48,Last Week Tonight with John Oliver,10,19,TV Series,7.7,155,8.9,95033,30.0,"Comedy ,News ,Talk-Show",3.0,12.0,2023.0
48,Last Week Tonight with John Oliver,10,18,TV Series,7.8,172,8.9,95033,30.0,"Comedy ,News ,Talk-Show",19.0,11.0,2023.0
48,Last Week Tonight with John Oliver,10,17,TV Series,8.3,229,8.9,95033,30.0,"Comedy ,News ,Talk-Show",12.0,11.0,2023.0
48,Last Week Tonight with John Oliver,10,16,TV Series,8.1,176,8.9,95033,30.0,"Comedy ,News ,Talk-Show",5.0,11.0,2023.0
48,Last Week Tonight with John Oliver,10,15,TV Series,7.7,182,8.9,95033,30.0,"Comedy ,News ,Talk-Show",29.0,10.0,2023.0
48,Last Week Tonight with John Oliver,10,14,TV Series,8.0,200,8.9,95033,30.0,"Comedy ,News ,Talk-Show",22.0,10.0,2023.0
48,Last Week Tonight with John Oliver,10,13,TV Series,7.6,178,8.9,95033,30.0,"Comedy ,News ,Talk-Show",15.0,10.0,2023.0
48,Last Week Tonight with John Oliver,10,12,TV Series,7.7,184,8.9,95033,30.0,"Comedy ,News ,Talk-Show",8.0,10.0,2023.0
48,Last Week Tonight with John Oliver,10,11,TV Series,7.5,191,8.9,95033,30.0,"Comedy ,News ,Talk-Show",1.0,10.0,2023.0
48,Last Week Tonight with John Oliver,Unknown,Unknown,TV Series,6.2,20,8.9,95033,30.0,"Comedy ,News ,Talk-Show",26.0,1.0,2015.0
48,Last Week Tonight with John Oliver,Unknown,Unknown,TV Series,6.2,19,8.9,95033,30.0,"Comedy ,News ,Talk-Show",29.0,12.0,2014.0
48,Last Week Tonight with John Oliver,Unknown,Unknown,TV Series,6.0,19,8.9,95033,30.0,"Comedy ,News ,Talk-Show",24.0,11.0,2014.0
48,Last Week Tonight with John Oliver,Unknown,Unknown,TV Series,6.5,22,8.9,95033,30.0,"Comedy ,News ,Talk-Show",3.0,11.0,2014.0
48,Last Week Tonight with John Oliver,Unknown,Unknown,TV Series,5.2,19,8.9,95033,30.0,"Comedy ,News ,Talk-Show",20.0,10.0,2014.0
48,Last Week Tonight with John Oliver,Unknown,Unknown,TV Series,5.6,18,8.9,95033,30.0,"Comedy ,News ,Talk-Show",13.0,10.0,2014.0
48,Last Week Tonight with John Oliver,Unknown,Unknown,TV Series,6.5,19,8.9,95033,30.0,"Comedy ,News ,Talk-Show",22.0,9.0,2014.0
48,Last Week Tonight with John Oliver,Unknown,Unknown,TV Series,6.5,22,8.9,95033,30.0,"Comedy ,News ,Talk-Show",2.0,9.0,2014.0
48,Last Week Tonight with John Oliver,Unknown,Unknown,TV Series,6.5,20,8.9,95033,30.0,"Comedy ,News ,Talk-Show",1.0,9.0,2014.0
48,Last Week Tonight with John Oliver,Unknown,Unknown,TV Series,6.5,20,8.9,95033,30.0,"Comedy ,News ,Talk-Show",25.0,8.0,2014.0
48,Last Week Tonight with John Oliver,Unknown,Unknown,TV Series,6.7,24,8.9,95033,30.0,"Comedy ,News ,Talk-Show",4.0,8.0,2014.0
48,Last Week Tonight with John Oliver,Unknown,Unknown,TV Series,6.3,19,8.9,95033,30.0,"Comedy ,News ,Talk-Show",7.0,7.0,2014.0
48,Last Week Tonight with John Oliver,Unknown,Unknown,TV Series,6.1,19,8.9,95033,30.0,"Comedy ,News ,Talk-Show",30.0,6.0,2014.0
48,Last Week Tonight with John Oliver,Unknown,Unknown,TV Series,6.9,20,8.9,95033,30.0,"Comedy ,News ,Talk-Show",26.0,5.0,2014.0
48,Last Week Tonight with John Oliver,Unknown,Unknown,TV Series,6.7,19,8.9,95033,30.0,"Comedy ,News ,Talk-Show",19.0,5.0,2014.0
48,Last Week Tonight with John Oliver,Unknown,Unknown,TV Series,6.8,19,8.9,95033,30.0,"Comedy ,News ,Talk-Show",5.0,5.0,2014.0
48,Last Week Tonight with John Oliver,Unknown,Unknown,TV Series,6.7,22,8.9,95033,30.0,"Comedy ,News ,Talk-Show",15.0,5.0,2017.0
48,Last Week Tonight with John Oliver,Unknown,Unknown,TV Series,6.2,19,8.9,95033,30.0,"Comedy ,News ,Talk-Show",5.0,9.0,2016.0
48,Last Week Tonight with John Oliver,Unknown,Unknown,TV Series,6.6,21,8.9,95033,30.0,"Comedy ,News ,Talk-Show",29.0,8.0,2016.0
48,Last Week Tonight with John Oliver,Unknown,Unknown,TV Series,6.2,19,8.9,95033,30.0,"Comedy ,News ,Talk-Show",18.0,7.0,2016.0
48,Last Week Tonight with John Oliver,Unknown,Unknown,TV Series,6.8,21,8.9,95033,30.0,"Comedy ,News ,Talk-Show",11.0,7.0,2016.0
48,Last Week Tonight with John Oliver,Unknown,Unknown,TV Series,6.3,18,8.9,95033,30.0,"Comedy ,News ,Talk-Show",4.0,7.0,2016.0
48,Last Week Tonight with John Oliver,Unknown,Unknown,TV Series,6.4,17,8.9,95033,30.0,"Comedy ,News ,Talk-Show",30.0,5.0,2016.0
48,Last Week Tonight with John Oliver,Unknown,Unknown,TV Series,6.4,19,8.9,95033,30.0,"Comedy ,News ,Talk-Show",2.0,5.0,2016.0
48,Last Week Tonight with John Oliver,Unknown,Unknown,TV Series,6.1,19,8.9,95033,30.0,"Comedy ,News ,Talk-Show",28.0,3.0,2016.0
48,Last Week Tonight with John Oliver,Unknown,Unknown,TV Series,6.3,18,8.9,95033,30.0,"Comedy ,News ,Talk-Show",25.0,1.0,2016.0
48,Last Week Tonight with John Oliver,Unknown,Unknown,TV Series,6.5,18,8.9,95033,30.0,"Comedy ,News ,Talk-Show",14.0,12.0,2015.0
48,Last Week Tonight with John Oliver,Unknown,Unknown,TV Series,6.7,21,8.9,95033,30.0,"Comedy ,News ,Talk-Show",7.0,9.0,2015.0
48,Last Week Tonight with John Oliver,Unknown,Unknown,TV Series,6.1,19,8.9,95033,30.0,"Comedy ,News ,Talk-Show",31.0,8.0,2015.0
48,Last Week Tonight with John Oliver,Unknown,Unknown,TV Series,6.5,19,8.9,95033,30.0,"Comedy ,News ,Talk-Show",6.0,7.0,2015.0
48,Last Week Tonight with John Oliver,Unknown,Unknown,TV Series,6.7,21,8.9,95033,30.0,"Comedy ,News ,Talk-Show",9.0,4.0,2015.0
48,Last Week Tonight with John Oliver,Unknown,Unknown,TV Series,6.7,22,8.9,95033,30.0,"Comedy ,News ,Talk-Show",30.0,3.0,2015.0
48,Last Week Tonight with John Oliver,Unknown,Unknown,TV Series,7.7,24,8.9,95033,30.0,"Comedy ,News ,Talk-Show",19.0,12.0,2022.0
48,Last Week Tonight with John Oliver,Unknown,Unknown,TV Series,7.4,29,8.9,95033,30.0,"Comedy ,News ,Talk-Show",3.0,7.0,2022.0
48,Last Week Tonight with John Oliver,Unknown,Unknown,TV Series,8.2,35,8.9,95033,30.0,"Comedy ,News ,Talk-Show",29.0,5.0,2022.0
48,Last Week Tonight with John Oliver,Unknown,Unknown,TV Series,8.0,37,8.9,95033,30.0,"Comedy ,News ,Talk-Show",25.0,4.0,2022.0
48,Last Week Tonight with John Oliver,Unknown,Unknown,TV Series,7.2,27,8.9,95033,30.0,"Comedy ,News ,Talk-Show",10.0,1.0,2022.0
48,Last Week Tonight with John Oliver,Unknown,Unknown,TV Series,7.6,23,8.9,95033,30.0,"Comedy ,News ,Talk-Show",6.0,12.0,2021.0
48,Last Week Tonight with John Oliver,Unknown,Unknown,TV Series,7.3,25,8.9,95033,30.0,"Comedy ,News ,Talk-Show",18.0,10.0,2021.0
48,Last Week Tonight with John Oliver,Unknown,Unknown,TV Series,6.6,23,8.9,95033,30.0,"Comedy ,News ,Talk-Show",19.0,7.0,2021.0
48,Last Week Tonight with John Oliver,Unknown,Unknown,TV Series,7.2,24,8.9,95033,30.0,"Comedy ,News ,Talk-Show",12.0,7.0,2021.0
48,Last Week Tonight with John Oliver,Unknown,Unknown,TV Series,6.9,24,8.9,95033,30.0,"Comedy ,News ,Talk-Show",31.0,5.0,2021.0
48,Last Week Tonight with John Oliver,Unknown,Unknown,TV Series,6.2,19,8.9,95033,30.0,"Comedy ,News ,Talk-Show",26.0,4.0,2021.0
48,Last Week Tonight with John Oliver,Unknown,Unknown,TV Series,6.3,20,8.9,95033,30.0,"Comedy ,News ,Talk-Show",7.0,12.0,2020.0
48,Last Week Tonight with John Oliver,Unknown,Unknown,TV Series,6.2,19,8.9,95033,30.0,"Comedy ,News ,Talk-Show",20.0,1.0,2020.0
48,Last Week Tonight with John Oliver,Unknown,Unknown,TV Series,6.9,21,8.9,95033,30.0,"Comedy ,News ,Talk-Show",8.0,12.0,2019.0
48,Last Week Tonight with John Oliver,Unknown,Unknown,TV Series,6.5,20,8.9,95033,30.0,"Comedy ,News ,Talk-Show",27.0,8.0,2018.0
48,Last Week Tonight with John Oliver,Unknown,Unknown,TV Series,6.2,18,8.9,95033,30.0,"Comedy ,News ,Talk-Show",16.0,7.0,2018.0
48,Last Week Tonight with John Oliver,1,7,TV Series,8.3,354,8.9,95033,30.0,"Comedy ,News ,Talk-Show",15.0,6.0,2014.0
48,Last Week Tonight with John Oliver,2,31,TV Series,8.1,310,8.9,95033,30.0,"Comedy ,News ,Talk-Show",18.0,10.0,2015.0
48,Last Week Tonight with John Oliver,2,30,TV Series,7.8,303,8.9,95033,30.0,"Comedy ,News ,Talk-Show",11.0,10.0,2015.0
48,Last Week Tonight with John Oliver,2,29,TV Series,8.0,307,8.9,95033,30.0,"Comedy ,News ,Talk-Show",4.0,10.0,2015.0
48,Last Week Tonight with John Oliver,2,28,TV Series,8.2,333,8.9,95033,30.0,"Comedy ,News ,Talk-Show",27.0,9.0,2015.0
48,Last Week Tonight with John Oliver,2,27,TV Series,8.3,336,8.9,95033,30.0,"Comedy ,News ,Talk-Show",13.0,9.0,2015.0
48,Last Week Tonight with John Oliver,2,26,TV Series,8.2,331,8.9,95033,30.0,"Comedy ,News ,Talk-Show",23.0,8.0,2015.0
48,Last Week Tonight with John Oliver,2,25,TV Series,9.3,592,8.9,95033,30.0,"Comedy ,News ,Talk-Show",16.0,8.0,2015.0
48,Last Week Tonight with John Oliver,2,24,TV Series,8.8,426,8.9,95033,30.0,"Comedy ,News ,Talk-Show",9.0,8.0,2015.0
48,Last Week Tonight with John Oliver,2,23,TV Series,8.2,328,8.9,95033,30.0,"Comedy ,News ,Talk-Show",2.0,8.0,2015.0
48,Last Week Tonight with John Oliver,2,22,TV Series,8.4,349,8.9,95033,30.0,"Comedy ,News ,Talk-Show",26.0,7.0,2015.0
48,Last Week Tonight with John Oliver,2,21,TV Series,8.5,355,8.9,95033,30.0,"Comedy ,News ,Talk-Show",19.0,7.0,2015.0
48,Last Week Tonight with John Oliver,2,20,TV Series,8.2,344,8.9,95033,30.0,"Comedy ,News ,Talk-Show",12.0,7.0,2015.0
48,Last Week Tonight with John Oliver,2,19,TV Series,8.1,340,8.9,95033,30.0,"Comedy ,News ,Talk-Show",28.0,6.0,2015.0
48,Last Week Tonight with John Oliver,2,18,TV Series,8.2,340,8.9,95033,30.0,"Comedy ,News ,Talk-Show",21.0,6.0,2015.0
48,Last Week Tonight with John Oliver,2,17,TV Series,8.4,339,8.9,95033,30.0,"Comedy ,News ,Talk-Show",14.0,6.0,2015.0
48,Last Week Tonight with John Oliver,2,16,TV Series,8.4,347,8.9,95033,30.0,"Comedy ,News ,Talk-Show",7.0,6.0,2015.0
48,Last Week Tonight with John Oliver,1,3,TV Series,8.3,407,8.9,95033,30.0,"Comedy ,News ,Talk-Show",11.0,5.0,2014.0
48,Last Week Tonight with John Oliver,1,2,TV Series,8.2,422,8.9,95033,30.0,"Comedy ,News ,Talk-Show",4.0,5.0,2014.0
48,Last Week Tonight with John Oliver,1,1,TV Series,8.4,459,8.9,95033,30.0,"Comedy ,News ,Talk-Show",27.0,4.0,2014.0
48,Last Week Tonight with John Oliver,2,15,TV Series,8.8,434,8.9,95033,30.0,"Comedy ,News ,Talk-Show",31.0,5.0,2015.0
48,Last Week Tonight with John Oliver,2,14,TV Series,8.1,326,8.9,95033,30.0,"Comedy ,News ,Talk-Show",17.0,5.0,2015.0
48,Last Week Tonight with John Oliver,1,6,TV Series,8.7,436,8.9,95033,30.0,"Comedy ,News ,Talk-Show",8.0,6.0,2014.0
48,Last Week Tonight with John Oliver,1,22,TV Series,8.0,333,8.9,95033,30.0,"Comedy ,News ,Talk-Show",26.0,10.0,2014.0
48,Last Week Tonight with John Oliver,1,21,TV Series,8.4,346,8.9,95033,30.0,"Comedy ,News ,Talk-Show",19.0,10.0,2014.0
48,Last Week Tonight with John Oliver,1,20,TV Series,8.7,384,8.9,95033,30.0,"Comedy ,News ,Talk-Show",5.0,10.0,2014.0
48,Last Week Tonight with John Oliver,1,19,TV Series,8.0,340,8.9,95033,30.0,"Comedy ,News ,Talk-Show",28.0,9.0,2014.0
48,Last Week Tonight with John Oliver,1,18,TV Series,8.3,335,8.9,95033,30.0,"Comedy ,News ,Talk-Show",21.0,9.0,2014.0
48,Last Week Tonight with John Oliver,1,17,TV Series,8.2,339,8.9,95033,30.0,"Comedy ,News ,Talk-Show",14.0,9.0,2014.0
48,Last Week Tonight with John Oliver,1,16,TV Series,8.2,341,8.9,95033,30.0,"Comedy ,News ,Talk-Show",7.0,9.0,2014.0
48,Last Week Tonight with John Oliver,1,15,TV Series,8.1,334,8.9,95033,30.0,"Comedy ,News ,Talk-Show",17.0,8.0,2014.0
48,Last Week Tonight with John Oliver,1,14,TV Series,8.1,333,8.9,95033,30.0,"Comedy ,News ,Talk-Show",10.0,8.0,2014.0
48,Last Week Tonight with John Oliver,1,13,TV Series,7.9,331,8.9,95033,30.0,"Comedy ,News ,Talk-Show",3.0,8.0,2014.0
48,Last Week Tonight with John Oliver,1,12,TV Series,8.3,348,8.9,95033,30.0,"Comedy ,News ,Talk-Show",27.0,7.0,2014.0
48,Last Week Tonight with John Oliver,1,11,TV Series,8.2,349,8.9,95033,30.0,"Comedy ,News ,Talk-Show",20.0,7.0,2014.0
48,Last Week Tonight with John Oliver,1,10,TV Series,8.1,357,8.9,95033,30.0,"Comedy ,News ,Talk-Show",13.0,7.0,2014.0
48,Last Week Tonight with John Oliver,1,9,TV Series,7.9,365,8.9,95033,30.0,"Comedy ,News ,Talk-Show",29.0,6.0,2014.0
48,Last Week Tonight with John Oliver,3,12,TV Series,8.1,328,8.9,95033,30.0,"Comedy ,News ,Talk-Show",15.0,5.0,2016.0
48,Last Week Tonight with John Oliver,1,4,TV Series,8.1,378,8.9,95033,30.0,"Comedy ,News ,Talk-Show",18.0,5.0,2014.0
48,Last Week Tonight with John Oliver,1,23,TV Series,8.1,338,8.9,95033,30.0,"Comedy ,News ,Talk-Show",2.0,11.0,2014.0
49,When They See Us,1,4,TV Mini Series,9.5,6988,8.9,136347,296.0,"Biography ,Crime ,Drama",31.0,5.0,2019.0
49,When They See Us,1,3,TV Mini Series,8.4,5244,8.9,136347,296.0,"Biography ,Crime ,Drama",31.0,5.0,2019.0
49,When They See Us,1,2,TV Mini Series,9.1,5744,8.9,136347,296.0,"Biography ,Crime ,Drama",31.0,5.0,2019.0
49,When They See Us,1,1,TV Mini Series,8.9,6225,8.9,136347,296.0,"Biography ,Crime ,Drama",31.0,5.0,2019.0
50,Taskmaster,5,8,TV Series,8.8,261,9.0,18911,47.0,"Comedy ,Game-Show",1.0,11.0,2017.0
50,Taskmaster,5,7,TV Series,8.0,201,9.0,18911,47.0,"Comedy ,Game-Show",18.0,10.0,2017.0
50,Taskmaster,5,6,TV Series,8.3,214,9.0,18911,47.0,"Comedy ,Game-Show",11.0,10.0,2017.0
50,Taskmaster,5,5,TV Series,8.4,217,9.0,18911,47.0,"Comedy ,Game-Show",4.0,10.0,2017.0
50,Taskmaster,8,8,TV Series,7.9,175,9.0,18911,47.0,"Comedy ,Game-Show",26.0,6.0,2019.0
50,Taskmaster,8,7,TV Series,7.7,168,9.0,18911,47.0,"Comedy ,Game-Show",19.0,6.0,2019.0
50,Taskmaster,8,6,TV Series,7.7,172,9.0,18911,47.0,"Comedy ,Game-Show",12.0,6.0,2019.0
50,Taskmaster,8,5,TV Series,7.6,174,9.0,18911,47.0,"Comedy ,Game-Show",5.0,6.0,2019.0
50,Taskmaster,8,4,TV Series,7.8,181,9.0,18911,47.0,"Comedy ,Game-Show",29.0,5.0,2019.0
50,Taskmaster,8,3,TV Series,7.6,181,9.0,18911,47.0,"Comedy ,Game-Show",22.0,5.0,2019.0
50,Taskmaster,8,2,TV Series,7.7,190,9.0,18911,47.0,"Comedy ,Game-Show",15.0,5.0,2019.0
50,Taskmaster,8,1,TV Series,7.7,204,9.0,18911,47.0,"Comedy ,Game-Show",8.0,5.0,2019.0
50,Taskmaster,7,10,TV Series,8.7,254,9.0,18911,47.0,"Comedy ,Game-Show",7.0,11.0,2018.0
50,Taskmaster,7,9,TV Series,8.3,210,9.0,18911,47.0,"Comedy ,Game-Show",24.0,10.0,2018.0
50,Taskmaster,7,8,TV Series,8.2,205,9.0,18911,47.0,"Comedy ,Game-Show",17.0,10.0,2018.0
50,Taskmaster,7,7,TV Series,8.4,232,9.0,18911,47.0,"Comedy ,Game-Show",10.0,10.0,2018.0
50,Taskmaster,7,6,TV Series,8.2,211,9.0,18911,47.0,"Comedy ,Game-Show",3.0,10.0,2018.0
50,Taskmaster,7,5,TV Series,8.0,205,9.0,18911,47.0,"Comedy ,Game-Show",26.0,9.0,2018.0
50,Taskmaster,7,4,TV Series,8.5,226,9.0,18911,47.0,"Comedy ,Game-Show",19.0,9.0,2018.0
50,Taskmaster,7,3,TV Series,8.3,213,9.0,18911,47.0,"Comedy ,Game-Show",12.0,9.0,2018.0
50,Taskmaster,10,4,TV Series,7.4,182,9.0,18911,47.0,"Comedy ,Game-Show",5.0,11.0,2020.0
50,Taskmaster,10,3,TV Series,7.8,193,9.0,18911,47.0,"Comedy ,Game-Show",29.0,10.0,2020.0
50,Taskmaster,10,2,TV Series,7.4,195,9.0,18911,47.0,"Comedy ,Game-Show",22.0,10.0,2020.0
50,Taskmaster,10,1,TV Series,7.7,217,9.0,18911,47.0,"Comedy ,Game-Show",15.0,10.0,2020.0
50,Taskmaster,9,10,TV Series,8.3,165,9.0,18911,47.0,"Comedy ,Game-Show",6.0,11.0,2019.0
50,Taskmaster,9,9,TV Series,8.0,162,9.0,18911,47.0,"Comedy ,Game-Show",30.0,10.0,2019.0
50,Taskmaster,9,8,TV Series,7.9,163,9.0,18911,47.0,"Comedy ,Game-Show",23.0,10.0,2019.0
50,Taskmaster,9,7,TV Series,7.9,164,9.0,18911,47.0,"Comedy ,Game-Show",16.0,10.0,2019.0
50,Taskmaster,9,6,TV Series,7.7,167,9.0,18911,47.0,"Comedy ,Game-Show",9.0,10.0,2019.0
50,Taskmaster,9,5,TV Series,7.9,170,9.0,18911,47.0,"Comedy ,Game-Show",2.0,10.0,2019.0
50,Taskmaster,9,4,TV Series,8.1,177,9.0,18911,47.0,"Comedy ,Game-Show",25.0,9.0,2019.0
50,Taskmaster,9,3,TV Series,7.8,179,9.0,18911,47.0,"Comedy ,Game-Show",18.0,9.0,2019.0
50,Taskmaster,9,2,TV Series,8.3,195,9.0,18911,47.0,"Comedy ,Game-Show",11.0,9.0,2019.0
50,Taskmaster,9,1,TV Series,7.8,187,9.0,18911,47.0,"Comedy ,Game-Show",4.0,9.0,2019.0
50,Taskmaster,8,10,TV Series,8.1,174,9.0,18911,47.0,"Comedy ,Game-Show",10.0,7.0,2019.0
50,Taskmaster,8,9,TV Series,7.8,165,9.0,18911,47.0,"Comedy ,Game-Show",3.0,7.0,2019.0
50,Taskmaster,11,10,TV Series,8.3,168,9.0,18911,47.0,"Comedy ,Game-Show",20.0,5.0,2021.0
50,Taskmaster,11,9,TV Series,7.9,159,9.0,18911,47.0,"Comedy ,Game-Show",13.0,5.0,2021.0
50,Taskmaster,11,8,TV Series,7.9,164,9.0,18911,47.0,"Comedy ,Game-Show",6.0,5.0,2021.0
50,Taskmaster,11,7,TV Series,7.9,159,9.0,18911,47.0,"Comedy ,Game-Show",29.0,4.0,2021.0
50,Taskmaster,11,6,TV Series,8.5,228,9.0,18911,47.0,"Comedy ,Game-Show",22.0,4.0,2021.0
50,Taskmaster,11,5,TV Series,8.0,177,9.0,18911,47.0,"Comedy ,Game-Show",15.0,4.0,2021.0
50,Taskmaster,11,4,TV Series,8.1,177,9.0,18911,47.0,"Comedy ,Game-Show",8.0,4.0,2021.0
50,Taskmaster,11,3,TV Series,7.5,188,9.0,18911,47.0,"Comedy ,Game-Show",1.0,4.0,2021.0
50,Taskmaster,11,2,TV Series,7.9,190,9.0,18911,47.0,"Comedy ,Game-Show",25.0,3.0,2021.0
50,Taskmaster,11,1,TV Series,7.8,203,9.0,18911,47.0,"Comedy ,Game-Show",18.0,3.0,2021.0
50,Taskmaster,10,10,TV Series,7.6,160,9.0,18911,47.0,"Comedy ,Game-Show",17.0,12.0,2020.0
50,Taskmaster,10,9,TV Series,7.5,155,9.0,18911,47.0,"Comedy ,Game-Show",10.0,12.0,2020.0
50,Taskmaster,10,8,TV Series,7.3,167,9.0,18911,47.0,"Comedy ,Game-Show",3.0,12.0,2020.0
50,Taskmaster,10,7,TV Series,7.5,164,9.0,18911,47.0,"Comedy ,Game-Show",26.0,11.0,2020.0
50,Taskmaster,10,6,TV Series,7.7,175,9.0,18911,47.0,"Comedy ,Game-Show",19.0,11.0,2020.0
50,Taskmaster,10,5,TV Series,7.5,180,9.0,18911,47.0,"Comedy ,Game-Show",12.0,11.0,2020.0
50,Taskmaster,13,6,TV Series,8.1,136,9.0,18911,47.0,"Comedy ,Game-Show",19.0,5.0,2022.0
50,Taskmaster,13,5,TV Series,8.0,138,9.0,18911,47.0,"Comedy ,Game-Show",12.0,5.0,2022.0
50,Taskmaster,13,4,TV Series,8.2,150,9.0,18911,47.0,"Comedy ,Game-Show",5.0,5.0,2022.0
50,Taskmaster,13,3,TV Series,7.9,143,9.0,18911,47.0,"Comedy ,Game-Show",28.0,4.0,2022.0
50,Taskmaster,13,2,TV Series,7.8,145,9.0,18911,47.0,"Comedy ,Game-Show",21.0,4.0,2022.0
50,Taskmaster,13,1,TV Series,8.1,169,9.0,18911,47.0,"Comedy ,Game-Show",14.0,4.0,2022.0
50,Taskmaster,12,10,TV Series,8.5,148,9.0,18911,47.0,"Comedy ,Game-Show",25.0,11.0,2021.0
50,Taskmaster,12,9,TV Series,8.0,133,9.0,18911,47.0,"Comedy ,Game-Show",18.0,11.0,2021.0
50,Taskmaster,12,8,TV Series,7.9,136,9.0,18911,47.0,"Comedy ,Game-Show",11.0,11.0,2021.0
50,Taskmaster,12,7,TV Series,7.9,141,9.0,18911,47.0,"Comedy ,Game-Show",4.0,11.0,2021.0
50,Taskmaster,12,6,TV Series,7.8,140,9.0,18911,47.0,"Comedy ,Game-Show",28.0,10.0,2021.0
50,Taskmaster,3,1,TV Series,8.2,251,9.0,18911,47.0,"Comedy ,Game-Show",4.0,10.0,2016.0
50,Taskmaster,12,4,TV Series,8.1,152,9.0,18911,47.0,"Comedy ,Game-Show",14.0,10.0,2021.0
50,Taskmaster,12,3,TV Series,7.6,149,9.0,18911,47.0,"Comedy ,Game-Show",7.0,10.0,2021.0
50,Taskmaster,12,2,TV Series,7.8,163,9.0,18911,47.0,"Comedy ,Game-Show",30.0,9.0,2021.0
50,Taskmaster,12,1,TV Series,8.1,185,9.0,18911,47.0,"Comedy ,Game-Show",23.0,9.0,2021.0
50,Taskmaster,15,2,TV Series,7.7,144,9.0,18911,47.0,"Comedy ,Game-Show",6.0,4.0,2023.0
50,Taskmaster,15,1,TV Series,7.7,162,9.0,18911,47.0,"Comedy ,Game-Show",30.0,3.0,2023.0
50,Taskmaster,14,10,TV Series,8.0,121,9.0,18911,47.0,"Comedy ,Game-Show",1.0,12.0,2022.0
50,Taskmaster,14,9,TV Series,7.9,114,9.0,18911,47.0,"Comedy ,Game-Show",24.0,11.0,2022.0
50,Taskmaster,14,8,TV Series,7.9,118,9.0,18911,47.0,"Comedy ,Game-Show",17.0,11.0,2022.0
50,Taskmaster,14,7,TV Series,7.9,121,9.0,18911,47.0,"Comedy ,Game-Show",10.0,11.0,2022.0
50,Taskmaster,14,6,TV Series,7.8,123,9.0,18911,47.0,"Comedy ,Game-Show",3.0,11.0,2022.0
50,Taskmaster,14,5,TV Series,7.8,127,9.0,18911,47.0,"Comedy ,Game-Show",27.0,10.0,2022.0
50,Taskmaster,14,4,TV Series,7.7,123,9.0,18911,47.0,"Comedy ,Game-Show",20.0,10.0,2022.0
50,Taskmaster,14,3,TV Series,8.1,136,9.0,18911,47.0,"Comedy ,Game-Show",13.0,10.0,2022.0
50,Taskmaster,14,2,TV Series,8.2,143,9.0,18911,47.0,"Comedy ,Game-Show",6.0,10.0,2022.0
50,Taskmaster,14,1,TV Series,7.6,140,9.0,18911,47.0,"Comedy ,Game-Show",29.0,9.0,2022.0
50,Taskmaster,13,10,TV Series,8.4,144,9.0,18911,47.0,"Comedy ,Game-Show",16.0,6.0,2022.0
50,Taskmaster,13,9,TV Series,7.9,123,9.0,18911,47.0,"Comedy ,Game-Show",9.0,6.0,2022.0
50,Taskmaster,13,8,TV Series,7.8,127,9.0,18911,47.0,"Comedy ,Game-Show",2.0,6.0,2022.0
50,Taskmaster,13,7,TV Series,7.8,128,9.0,18911,47.0,"Comedy ,Game-Show",26.0,5.0,2022.0
50,Taskmaster,16,8,TV Series,8.4,98,9.0,18911,47.0,"Comedy ,Game-Show",9.0,11.0,2023.0
50,Taskmaster,16,7,TV Series,7.9,92,9.0,18911,47.0,"Comedy ,Game-Show",2.0,11.0,2023.0
50,Taskmaster,16,6,TV Series,7.7,101,9.0,18911,47.0,"Comedy ,Game-Show",26.0,10.0,2023.0
50,Taskmaster,16,5,TV Series,7.6,104,9.0,18911,47.0,"Comedy ,Game-Show",19.0,10.0,2023.0
50,Taskmaster,16,4,TV Series,7.8,101,9.0,18911,47.0,"Comedy ,Game-Show",12.0,10.0,2023.0
50,Taskmaster,16,3,TV Series,7.7,109,9.0,18911,47.0,"Comedy ,Game-Show",5.0,10.0,2023.0
50,Taskmaster,16,2,TV Series,7.5,118,9.0,18911,47.0,"Comedy ,Game-Show",28.0,9.0,2023.0
50,Taskmaster,16,1,TV Series,8.1,144,9.0,18911,47.0,"Comedy ,Game-Show",21.0,9.0,2023.0
50,Taskmaster,15,10,TV Series,7.8,113,9.0,18911,47.0,"Comedy ,Game-Show",1.0,6.0,2023.0
50,Taskmaster,15,9,TV Series,7.9,115,9.0,18911,47.0,"Comedy ,Game-Show",25.0,5.0,2023.0
50,Taskmaster,15,8,TV Series,7.8,116,9.0,18911,47.0,"Comedy ,Game-Show",18.0,5.0,2023.0
50,Taskmaster,15,7,TV Series,7.7,118,9.0,18911,47.0,"Comedy ,Game-Show",11.0,5.0,2023.0
50,Taskmaster,15,6,TV Series,7.5,123,9.0,18911,47.0,"Comedy ,Game-Show",4.0,5.0,2023.0
50,Taskmaster,15,5,TV Series,7.8,128,9.0,18911,47.0,"Comedy ,Game-Show",27.0,4.0,2023.0
50,Taskmaster,15,4,TV Series,7.9,131,9.0,18911,47.0,"Comedy ,Game-Show",20.0,4.0,2023.0
50,Taskmaster,15,3,TV Series,7.7,132,9.0,18911,47.0,"Comedy ,Game-Show",13.0,4.0,2023.0
50,Taskmaster,Unknown,Unknown,TV Series,8.0,183,9.0,18911,47.0,"Comedy ,Game-Show",1.0,1.0,2021.0
50,Taskmaster,Unknown,Unknown,TV Series,8.2,170,9.0,18911,47.0,"Comedy ,Game-Show",20.0,12.0,2017.0
50,Taskmaster,Unknown,Unknown,TV Series,7.9,154,9.0,18911,47.0,"Comedy ,Game-Show",13.0,12.0,2017.0
50,Taskmaster,Unknown,Unknown,TV Series,7.8,35,9.0,18911,47.0,"Comedy ,Game-Show",25.0,8.0,2016.0
50,Taskmaster,17,10,TV Series,7.7,0,9.0,18911,47.0,"Comedy ,Game-Show",35.0,15.0,2024.0
50,Taskmaster,17,9,TV Series,7.7,0,9.0,18911,47.0,"Comedy ,Game-Show",35.0,15.0,2024.0
50,Taskmaster,17,8,TV Series,7.7,0,9.0,18911,47.0,"Comedy ,Game-Show",35.0,15.0,2024.0
50,Taskmaster,17,7,TV Series,7.7,0,9.0,18911,47.0,"Comedy ,Game-Show",35.0,15.0,2024.0
50,Taskmaster,17,6,TV Series,7.7,0,9.0,18911,47.0,"Comedy ,Game-Show",35.0,15.0,2024.0
50,Taskmaster,17,5,TV Series,7.7,0,9.0,18911,47.0,"Comedy ,Game-Show",35.0,15.0,2024.0
50,Taskmaster,17,4,TV Series,7.7,0,9.0,18911,47.0,"Comedy ,Game-Show",35.0,15.0,2024.0
50,Taskmaster,17,3,TV Series,7.7,0,9.0,18911,47.0,"Comedy ,Game-Show",35.0,15.0,2024.0
50,Taskmaster,17,2,TV Series,7.7,0,9.0,18911,47.0,"Comedy ,Game-Show",35.0,15.0,2024.0
50,Taskmaster,17,1,TV Series,7.7,0,9.0,18911,47.0,"Comedy ,Game-Show",35.0,15.0,2024.0
50,Taskmaster,16,10,TV Series,8.4,107,9.0,18911,47.0,"Comedy ,Game-Show",23.0,11.0,2023.0
50,Taskmaster,16,9,TV Series,7.9,92,9.0,18911,47.0,"Comedy ,Game-Show",16.0,11.0,2023.0
50,Taskmaster,Unknown,Unknown,TV Series,8.7,60,9.0,18911,47.0,"Comedy ,Game-Show",14.0,1.0,2024.0
50,Taskmaster,Unknown,Unknown,TV Series,7.8,80,9.0,18911,47.0,"Comedy ,Game-Show",2.0,1.0,2024.0
50,Taskmaster,Unknown,Unknown,TV Series,8.1,106,9.0,18911,47.0,"Comedy ,Game-Show",1.0,1.0,2023.0
50,Taskmaster,Unknown,Unknown,TV Series,8.0,115,9.0,18911,47.0,"Comedy ,Game-Show",23.0,6.0,2022.0
50,Taskmaster,12,5,TV Series,8.3,146,9.0,18911,47.0,"Comedy ,Game-Show",21.0,10.0,2021.0
50,Taskmaster,2,5,TV Series,8.3,256,9.0,18911,47.0,"Comedy ,Game-Show",19.0,7.0,2016.0
50,Taskmaster,2,4,TV Series,8.0,243,9.0,18911,47.0,"Comedy ,Game-Show",12.0,7.0,2016.0
50,Taskmaster,2,3,TV Series,8.0,249,9.0,18911,47.0,"Comedy ,Game-Show",5.0,7.0,2016.0
50,Taskmaster,2,2,TV Series,8.0,249,9.0,18911,47.0,"Comedy ,Game-Show",28.0,6.0,2016.0
50,Taskmaster,2,1,TV Series,8.3,281,9.0,18911,47.0,"Comedy ,Game-Show",21.0,6.0,2016.0
50,Taskmaster,1,6,TV Series,8.0,268,9.0,18911,47.0,"Comedy ,Game-Show",1.0,9.0,2015.0
50,Taskmaster,1,5,TV Series,8.1,263,9.0,18911,47.0,"Comedy ,Game-Show",23.0,8.0,2015.0
50,Taskmaster,1,4,TV Series,8.2,272,9.0,18911,47.0,"Comedy ,Game-Show",19.0,8.0,2015.0
50,Taskmaster,1,3,TV Series,8.3,282,9.0,18911,47.0,"Comedy ,Game-Show",15.0,8.0,2015.0
50,Taskmaster,1,2,TV Series,8.3,297,9.0,18911,47.0,"Comedy ,Game-Show",8.0,8.0,2015.0
50,Taskmaster,1,1,TV Series,8.0,338,9.0,18911,47.0,"Comedy ,Game-Show",26.0,4.0,2018.0
50,Taskmaster,6,4,TV Series,7.5,188,9.0,18911,47.0,"Comedy ,Game-Show",16.0,5.0,2018.0
50,Taskmaster,6,3,TV Series,7.4,190,9.0,18911,47.0,"Comedy ,Game-Show",9.0,5.0,2018.0
50,Taskmaster,6,2,TV Series,7.6,192,9.0,18911,47.0,"Comedy ,Game-Show",2.0,5.0,2018.0
50,Taskmaster,6,1,TV Series,7.5,212,9.0,18911,47.0,"Comedy ,Game-Show",2.0,5.0,2018.0
50,Taskmaster,5,4,TV Series,7.9,206,9.0,18911,47.0,"Comedy ,Game-Show",27.0,9.0,2017.0
50,Taskmaster,Unknown,Unknown,TV Series,8.1,117,9.0,18911,47.0,"Comedy ,Game-Show",1.0,1.0,2022.0
50,Taskmaster,5,3,TV Series,8.1,210,9.0,18911,47.0,"Comedy ,Game-Show",20.0,9.0,2017.0
50,Taskmaster,5,2,TV Series,8.0,212,9.0,18911,47.0,"Comedy ,Game-Show",13.0,9.0,2017.0
50,Taskmaster,5,1,TV Series,8.0,230,9.0,18911,47.0,"Comedy ,Game-Show",6.0,9.0,2017.0
50,Taskmaster,4,8,TV Series,8.5,227,9.0,18911,47.0,"Comedy ,Game-Show",13.0,6.0,2017.0
50,Taskmaster,4,7,TV Series,8.2,224,9.0,18911,47.0,"Comedy ,Game-Show",6.0,6.0,2017.0
50,Taskmaster,4,6,TV Series,7.9,226,9.0,18911,47.0,"Comedy ,Game-Show",30.0,5.0,2017.0
50,Taskmaster,4,5,TV Series,8.3,225,9.0,18911,47.0,"Comedy ,Game-Show",23.0,5.0,2017.0
50,Taskmaster,4,4,TV Series,7.9,226,9.0,18911,47.0,"Comedy ,Game-Show",16.0,5.0,2017.0
50,Taskmaster,4,3,TV Series,8.4,239,9.0,18911,47.0,"Comedy ,Game-Show",9.0,5.0,2017.0
50,Taskmaster,4,2,TV Series,8.2,235,9.0,18911,47.0,"Comedy ,Game-Show",2.0,5.0,2017.0
50,Taskmaster,4,1,TV Series,8.2,262,9.0,18911,47.0,"Comedy ,Game-Show",25.0,4.0,2017.0
50,Taskmaster,3,5,TV Series,8.2,235,9.0,18911,47.0,"Comedy ,Game-Show",1.0,11.0,2016.0
50,Taskmaster,3,4,TV Series,8.0,229,9.0,18911,47.0,"Comedy ,Game-Show",25.0,10.0,2016.0
50,Taskmaster,3,3,TV Series,8.1,234,9.0,18911,47.0,"Comedy ,Game-Show",18.0,10.0,2016.0
50,Taskmaster,3,2,TV Series,8.2,242,9.0,18911,47.0,"Comedy ,Game-Show",11.0,10.0,2016.0
50,Taskmaster,7,2,TV Series,8.1,217,9.0,18911,47.0,"Comedy ,Game-Show",5.0,9.0,2018.0
50,Taskmaster,7,1,TV Series,8.3,241,9.0,18911,47.0,"Comedy ,Game-Show",5.0,9.0,2018.0
50,Taskmaster,6,10,TV Series,8.0,181,9.0,18911,47.0,"Comedy ,Game-Show",4.0,7.0,2018.0
50,Taskmaster,6,9,TV Series,7.7,171,9.0,18911,47.0,"Comedy ,Game-Show",20.0,6.0,2018.0
50,Taskmaster,6,8,TV Series,7.5,174,9.0,18911,47.0,"Comedy ,Game-Show",13.0,6.0,2018.0
50,Taskmaster,6,7,TV Series,7.8,178,9.0,18911,47.0,"Comedy ,Game-Show",6.0,6.0,2018.0
50,Taskmaster,6,6,TV Series,7.6,178,9.0,18911,47.0,"Comedy ,Game-Show",30.0,5.0,2018.0
50,Taskmaster,6,5,TV Series,7.8,182,9.0,18911,47.0,"Comedy ,Game-Show",23.0,5.0,2018.0
51,Succession,3,5,TV Series,9.0,7553,8.8,263443,2409.0,"Comedy ,Drama",14.0,11.0,2021.0
51,Succession,3,4,TV Series,8.3,6620,8.8,263443,2409.0,"Comedy ,Drama",7.0,11.0,2021.0
51,Succession,3,3,TV Series,9.0,7508,8.8,263443,2409.0,"Comedy ,Drama",31.0,10.0,2021.0
51,Succession,4,10,TV Series,9.5,20682,8.8,263443,2409.0,"Comedy ,Drama",28.0,5.0,2023.0
51,Succession,4,9,TV Series,9.4,12401,8.8,263443,2409.0,"Comedy ,Drama",21.0,5.0,2023.0
51,Succession,4,8,TV Series,9.4,11173,8.8,263443,2409.0,"Comedy ,Drama",14.0,5.0,2023.0
51,Succession,4,7,TV Series,9.1,9058,8.8,263443,2409.0,"Comedy ,Drama",7.0,5.0,2023.0
51,Succession,4,6,TV Series,8.7,8552,8.8,263443,2409.0,"Comedy ,Drama",30.0,4.0,2023.0
51,Succession,4,5,TV Series,9.1,9196,8.8,263443,2409.0,"Comedy ,Drama",23.0,4.0,2023.0
51,Succession,4,4,TV Series,9.0,9269,8.8,263443,2409.0,"Comedy ,Drama",16.0,4.0,2023.0
51,Succession,4,3,TV Series,9.9,35513,8.8,263443,2409.0,"Comedy ,Drama",9.0,4.0,2023.0
51,Succession,4,2,TV Series,8.9,9280,8.8,263443,2409.0,"Comedy ,Drama",2.0,4.0,2023.0
51,Succession,4,1,TV Series,8.6,9813,8.8,263443,2409.0,"Comedy ,Drama",26.0,3.0,2023.0
51,Succession,3,2,TV Series,8.6,6991,8.8,263443,2409.0,"Comedy ,Drama",24.0,10.0,2021.0
51,Succession,3,8,TV Series,9.2,8143,8.8,263443,2409.0,"Comedy ,Drama",5.0,12.0,2021.0
51,Succession,3,1,TV Series,8.8,8019,8.8,263443,2409.0,"Comedy ,Drama",17.0,10.0,2021.0
51,Succession,2,10,TV Series,9.7,15109,8.8,263443,2409.0,"Comedy ,Drama",13.0,10.0,2019.0
51,Succession,2,9,TV Series,9.1,7388,8.8,263443,2409.0,"Comedy ,Drama",6.0,10.0,2019.0
51,Succession,2,8,TV Series,8.6,6613,8.8,263443,2409.0,"Comedy ,Drama",29.0,9.0,2019.0
51,Succession,2,7,TV Series,8.1,6141,8.8,263443,2409.0,"Comedy ,Drama",22.0,9.0,2019.0
51,Succession,2,6,TV Series,8.6,6526,8.8,263443,2409.0,"Comedy ,Drama",15.0,9.0,2019.0
51,Succession,2,5,TV Series,9.3,8758,8.8,263443,2409.0,"Comedy ,Drama",8.0,9.0,2019.0
51,Succession,2,4,TV Series,9.0,7796,8.8,263443,2409.0,"Comedy ,Drama",1.0,9.0,2019.0
51,Succession,2,3,TV Series,9.0,8074,8.8,263443,2409.0,"Comedy ,Drama",25.0,8.0,2019.0
51,Succession,2,2,TV Series,8.4,6650,8.8,263443,2409.0,"Comedy ,Drama",18.0,8.0,2019.0
51,Succession,1,6,TV Series,9.1,9252,8.8,263443,2409.0,"Comedy ,Drama",8.0,7.0,2018.0
51,Succession,1,5,TV Series,8.1,7179,8.8,263443,2409.0,"Comedy ,Drama",1.0,7.0,2018.0
51,Succession,1,4,TV Series,7.9,7438,8.8,263443,2409.0,"Comedy ,Drama",24.0,6.0,2018.0
51,Succession,1,3,TV Series,7.6,7555,8.8,263443,2409.0,"Comedy ,Drama",17.0,6.0,2018.0
51,Succession,1,2,TV Series,7.7,8149,8.8,263443,2409.0,"Comedy ,Drama",10.0,6.0,2018.0
51,Succession,1,1,TV Series,7.9,9662,8.8,263443,2409.0,"Comedy ,Drama",3.0,6.0,2018.0
51,Succession,2,1,TV Series,8.3,6945,8.8,263443,2409.0,"Comedy ,Drama",11.0,8.0,2019.0
51,Succession,1,10,TV Series,9.2,9732,8.8,263443,2409.0,"Comedy ,Drama",5.0,8.0,2018.0
51,Succession,1,9,TV Series,8.5,6934,8.8,263443,2409.0,"Comedy ,Drama",29.0,7.0,2018.0
51,Succession,1,8,TV Series,8.1,6992,8.8,263443,2409.0,"Comedy ,Drama",22.0,7.0,2018.0
51,Succession,1,7,TV Series,8.4,7295,8.8,263443,2409.0,"Comedy ,Drama",15.0,7.0,2018.0
51,Succession,3,7,TV Series,8.8,7635,8.8,263443,2409.0,"Comedy ,Drama",28.0,11.0,2021.0
51,Succession,3,6,TV Series,8.2,6478,8.8,263443,2409.0,"Comedy ,Drama",21.0,11.0,2021.0
51,Succession,3,9,TV Series,9.7,16344,8.8,263443,2409.0,"Comedy ,Drama",12.0,12.0,2021.0
52,Friends,1,4,TV Series,7.9,7144,8.9,1077265,5280.0,"Comedy ,Romance",13.0,10.0,1994.0
52,Friends,5,6,TV Series,7.9,4748,8.9,1077265,5280.0,"Comedy ,Romance",5.0,11.0,1998.0
52,Friends,5,5,TV Series,8.6,5120,8.9,1077265,5280.0,"Comedy ,Romance",29.0,10.0,1998.0
52,Friends,5,4,TV Series,8.1,4747,8.9,1077265,5280.0,"Comedy ,Romance",18.0,10.0,1998.0
52,Friends,5,3,TV Series,8.7,5320,8.9,1077265,5280.0,"Comedy ,Romance",8.0,10.0,1998.0
52,Friends,5,2,TV Series,8.9,5751,8.9,1077265,5280.0,"Comedy ,Romance",1.0,10.0,1998.0
52,Friends,5,1,TV Series,8.8,5630,8.9,1077265,5280.0,"Comedy ,Romance",24.0,9.0,1998.0
52,Friends,4,24,TV Series,9.1,6606,8.9,1077265,5280.0,"Comedy ,Romance",7.0,5.0,1998.0
52,Friends,4,23,TV Series,8.6,5290,8.9,1077265,5280.0,"Comedy ,Romance",7.0,5.0,1998.0
52,Friends,4,22,TV Series,8.3,4850,8.9,1077265,5280.0,"Comedy ,Romance",30.0,4.0,1998.0
52,Friends,4,21,TV Series,6.9,5335,8.9,1077265,5280.0,"Comedy ,Romance",23.0,4.0,1998.0
52,Friends,4,20,TV Series,8.4,4977,8.9,1077265,5280.0,"Comedy ,Romance",16.0,4.0,1998.0
52,Friends,4,19,TV Series,8.6,5071,8.9,1077265,5280.0,"Comedy ,Romance",9.0,4.0,1998.0
52,Friends,4,18,TV Series,8.1,4797,8.9,1077265,5280.0,"Comedy ,Romance",2.0,4.0,1998.0
52,Friends,4,17,TV Series,8.5,5035,8.9,1077265,5280.0,"Comedy ,Romance",26.0,3.0,1998.0
52,Friends,1,1,TV Series,8.1,10049,8.9,1077265,5280.0,"Comedy ,Romance",22.0,9.0,1994.0
52,Friends,1,2,TV Series,7.9,7803,8.9,1077265,5280.0,"Comedy ,Romance",29.0,9.0,1994.0
52,Friends,4,5,TV Series,8.2,5009,8.9,1077265,5280.0,"Comedy ,Romance",30.0,10.0,1997.0
52,Friends,4,4,TV Series,8.0,4943,8.9,1077265,5280.0,"Comedy ,Romance",16.0,10.0,1997.0
52,Friends,4,3,TV Series,8.4,5150,8.9,1077265,5280.0,"Comedy ,Romance",9.0,10.0,1997.0
52,Friends,4,2,TV Series,7.9,5034,8.9,1077265,5280.0,"Comedy ,Romance",2.0,10.0,1997.0
52,Friends,4,1,TV Series,8.9,6437,8.9,1077265,5280.0,"Comedy ,Romance",25.0,9.0,1997.0
52,Friends,1,16,TV Series,8.0,6098,8.9,1077265,5280.0,"Comedy ,Romance",23.0,2.0,1995.0
52,Friends,1,15,TV Series,8.1,6194,8.9,1077265,5280.0,"Comedy ,Romance",16.0,2.0,1995.0
52,Friends,1,14,TV Series,8.1,6141,8.9,1077265,5280.0,"Comedy ,Romance",9.0,2.0,1995.0
52,Friends,1,13,TV Series,8.5,6664,8.9,1077265,5280.0,"Comedy ,Romance",19.0,1.0,1995.0
52,Friends,1,12,TV Series,8.0,6245,8.9,1077265,5280.0,"Comedy ,Romance",12.0,1.0,1995.0
52,Friends,1,11,TV Series,8.0,6363,8.9,1077265,5280.0,"Comedy ,Romance",5.0,1.0,1995.0
52,Friends,1,10,TV Series,7.9,6456,8.9,1077265,5280.0,"Comedy ,Romance",15.0,12.0,1994.0
52,Friends,1,9,TV Series,8.1,6447,8.9,1077265,5280.0,"Comedy ,Romance",17.0,11.0,1994.0
52,Friends,1,8,TV Series,7.9,6642,8.9,1077265,5280.0,"Comedy ,Romance",10.0,11.0,1994.0
52,Friends,1,7,TV Series,8.9,8537,8.9,1077265,5280.0,"Comedy ,Romance",3.0,11.0,1994.0
52,Friends,5,23,TV Series,8.6,5194,8.9,1077265,5280.0,"Comedy ,Romance",20.0,5.0,1999.0
52,Friends,5,22,TV Series,8.1,4571,8.9,1077265,5280.0,"Comedy ,Romance",11.0,5.0,1999.0
52,Friends,5,21,TV Series,8.3,4781,8.9,1077265,5280.0,"Comedy ,Romance",6.0,5.0,1999.0
52,Friends,5,20,TV Series,8.1,4608,8.9,1077265,5280.0,"Comedy ,Romance",29.0,4.0,1999.0
52,Friends,5,19,TV Series,8.6,5106,8.9,1077265,5280.0,"Comedy ,Romance",22.0,4.0,1999.0
52,Friends,5,18,TV Series,7.8,4621,8.9,1077265,5280.0,"Comedy ,Romance",8.0,4.0,1999.0
52,Friends,5,17,TV Series,8.3,4757,8.9,1077265,5280.0,"Comedy ,Romance",18.0,3.0,1999.0
52,Friends,5,16,TV Series,8.5,5128,8.9,1077265,5280.0,"Comedy ,Romance",25.0,2.0,1999.0
52,Friends,5,15,TV Series,8.4,4962,8.9,1077265,5280.0,"Comedy ,Romance",18.0,2.0,1999.0
52,Friends,5,14,TV Series,9.7,13023,8.9,1077265,5280.0,"Comedy ,Romance",11.0,2.0,1999.0
52,Friends,5,13,TV Series,7.9,4713,8.9,1077265,5280.0,"Comedy ,Romance",4.0,2.0,1999.0
52,Friends,5,12,TV Series,8.1,4702,8.9,1077265,5280.0,"Comedy ,Romance",21.0,1.0,1999.0
52,Friends,5,11,TV Series,9.0,5974,8.9,1077265,5280.0,"Comedy ,Romance",7.0,1.0,1999.0
52,Friends,5,10,TV Series,8.0,4741,8.9,1077265,5280.0,"Comedy ,Romance",17.0,12.0,1998.0
52,Friends,5,9,TV Series,9.0,6085,8.9,1077265,5280.0,"Comedy ,Romance",10.0,12.0,1998.0
52,Friends,5,8,TV Series,9.0,6559,8.9,1077265,5280.0,"Comedy ,Romance",19.0,11.0,1998.0
52,Friends,6,15,TV Series,8.3,4913,8.9,1077265,5280.0,"Comedy ,Romance",17.0,2.0,2000.0
52,Friends,6,14,TV Series,8.4,4734,8.9,1077265,5280.0,"Comedy ,Romance",10.0,2.0,2000.0
52,Friends,6,13,TV Series,8.1,4687,8.9,1077265,5280.0,"Comedy ,Romance",3.0,2.0,2000.0
52,Friends,6,12,TV Series,7.8,4502,8.9,1077265,5280.0,"Comedy ,Romance",13.0,1.0,2000.0
52,Friends,6,11,TV Series,7.9,4577,8.9,1077265,5280.0,"Comedy ,Romance",6.0,1.0,2000.0
52,Friends,6,10,TV Series,8.5,5022,8.9,1077265,5280.0,"Comedy ,Romance",16.0,12.0,1999.0
52,Friends,6,9,TV Series,9.1,6617,8.9,1077265,5280.0,"Comedy ,Romance",25.0,11.0,1999.0
52,Friends,6,8,TV Series,8.3,4862,8.9,1077265,5280.0,"Comedy ,Romance",18.0,11.0,1999.0
52,Friends,6,7,TV Series,8.2,4666,8.9,1077265,5280.0,"Comedy ,Romance",11.0,11.0,1999.0
52,Friends,6,6,TV Series,8.4,4666,8.9,1077265,5280.0,"Comedy ,Romance",4.0,11.0,1999.0
52,Friends,6,5,TV Series,8.0,4603,8.9,1077265,5280.0,"Comedy ,Romance",21.0,10.0,1999.0
52,Friends,6,4,TV Series,8.4,4726,8.9,1077265,5280.0,"Comedy ,Romance",14.0,10.0,1999.0
52,Friends,6,3,TV Series,8.0,4517,8.9,1077265,5280.0,"Comedy ,Romance",7.0,10.0,1999.0
52,Friends,6,2,TV Series,8.0,4575,8.9,1077265,5280.0,"Comedy ,Romance",30.0,9.0,1999.0
52,Friends,6,1,TV Series,8.6,5070,8.9,1077265,5280.0,"Comedy ,Romance",23.0,9.0,1999.0
52,Friends,5,24,TV Series,9.0,5853,8.9,1077265,5280.0,"Comedy ,Romance",20.0,5.0,1999.0
52,Friends,7,6,TV Series,8.7,5254,8.9,1077265,5280.0,"Comedy ,Romance",9.0,11.0,2000.0
52,Friends,7,5,TV Series,7.9,4438,8.9,1077265,5280.0,"Comedy ,Romance",2.0,11.0,2000.0
52,Friends,7,4,TV Series,7.9,4475,8.9,1077265,5280.0,"Comedy ,Romance",26.0,10.0,2000.0
52,Friends,7,3,TV Series,7.9,4456,8.9,1077265,5280.0,"Comedy ,Romance",19.0,10.0,2000.0
52,Friends,7,2,TV Series,8.1,4488,8.9,1077265,5280.0,"Comedy ,Romance",12.0,10.0,2000.0
52,Friends,7,1,TV Series,8.3,4827,8.9,1077265,5280.0,"Comedy ,Romance",12.0,10.0,2000.0
52,Friends,6,25,TV Series,9.2,6649,8.9,1077265,5280.0,"Comedy ,Romance",18.0,5.0,2000.0
52,Friends,6,24,TV Series,8.6,4849,8.9,1077265,5280.0,"Comedy ,Romance",18.0,5.0,2000.0
52,Friends,6,23,TV Series,8.4,4688,8.9,1077265,5280.0,"Comedy ,Romance",11.0,5.0,2000.0
52,Friends,6,22,TV Series,8.9,5523,8.9,1077265,5280.0,"Comedy ,Romance",4.0,5.0,2000.0
52,Friends,6,21,TV Series,8.5,4853,8.9,1077265,5280.0,"Comedy ,Romance",27.0,4.0,2000.0
52,Friends,6,20,TV Series,7.1,4873,8.9,1077265,5280.0,"Comedy ,Romance",13.0,4.0,2000.0
52,Friends,6,19,TV Series,8.1,4623,8.9,1077265,5280.0,"Comedy ,Romance",23.0,3.0,2000.0
52,Friends,6,18,TV Series,8.2,4548,8.9,1077265,5280.0,"Comedy ,Romance",9.0,3.0,2000.0
52,Friends,6,17,TV Series,8.9,6412,8.9,1077265,5280.0,"Comedy ,Romance",24.0,2.0,2000.0
52,Friends,6,16,TV Series,8.4,4807,8.9,1077265,5280.0,"Comedy ,Romance",17.0,2.0,2000.0
52,Friends,7,22,TV Series,8.2,4542,8.9,1077265,5280.0,"Comedy ,Romance",10.0,5.0,2001.0
52,Friends,7,21,TV Series,7.2,4479,8.9,1077265,5280.0,"Comedy ,Romance",3.0,5.0,2001.0
52,Friends,7,20,TV Series,8.2,4583,8.9,1077265,5280.0,"Comedy ,Romance",26.0,4.0,2001.0
52,Friends,7,19,TV Series,8.5,4957,8.9,1077265,5280.0,"Comedy ,Romance",19.0,4.0,2001.0
52,Friends,7,18,TV Series,8.2,4456,8.9,1077265,5280.0,"Comedy ,Romance",29.0,3.0,2001.0
52,Friends,7,17,TV Series,8.2,4401,8.9,1077265,5280.0,"Comedy ,Romance",15.0,3.0,2001.0
52,Friends,7,16,TV Series,8.6,4781,8.9,1077265,5280.0,"Comedy ,Romance",22.0,2.0,2001.0
52,Friends,7,15,TV Series,8.3,4599,8.9,1077265,5280.0,"Comedy ,Romance",15.0,2.0,2001.0
52,Friends,7,14,TV Series,8.4,4765,8.9,1077265,5280.0,"Comedy ,Romance",8.0,2.0,2001.0
52,Friends,7,13,TV Series,8.3,4493,8.9,1077265,5280.0,"Comedy ,Romance",1.0,2.0,2001.0
52,Friends,7,12,TV Series,8.5,4767,8.9,1077265,5280.0,"Comedy ,Romance",11.0,1.0,2001.0
52,Friends,7,11,TV Series,8.4,4694,8.9,1077265,5280.0,"Comedy ,Romance",4.0,1.0,2001.0
52,Friends,7,10,TV Series,8.4,4853,8.9,1077265,5280.0,"Comedy ,Romance",14.0,12.0,2000.0
52,Friends,7,9,TV Series,7.9,4385,8.9,1077265,5280.0,"Comedy ,Romance",7.0,12.0,2000.0
52,Friends,7,8,TV Series,8.0,4429,8.9,1077265,5280.0,"Comedy ,Romance",23.0,11.0,2000.0
52,Friends,7,7,TV Series,8.3,4548,8.9,1077265,5280.0,"Comedy ,Romance",16.0,11.0,2000.0
52,Friends,8,14,TV Series,8.0,4269,8.9,1077265,5280.0,"Comedy ,Romance",31.0,1.0,2002.0
52,Friends,8,13,TV Series,8.4,4506,8.9,1077265,5280.0,"Comedy ,Romance",17.0,1.0,2002.0
52,Friends,8,12,TV Series,8.4,4624,8.9,1077265,5280.0,"Comedy ,Romance",10.0,1.0,2002.0
52,Friends,8,11,TV Series,7.8,4249,8.9,1077265,5280.0,"Comedy ,Romance",13.0,12.0,2001.0
52,Friends,8,10,TV Series,7.9,4426,8.9,1077265,5280.0,"Comedy ,Romance",6.0,12.0,2001.0
52,Friends,8,9,TV Series,9.2,7954,8.9,1077265,5280.0,"Comedy ,Romance",22.0,11.0,2001.0
52,Friends,8,8,TV Series,8.6,4938,8.9,1077265,5280.0,"Comedy ,Romance",15.0,11.0,2001.0
52,Friends,8,7,TV Series,7.7,4438,8.9,1077265,5280.0,"Comedy ,Romance",8.0,11.0,2001.0
52,Friends,8,6,TV Series,8.4,4770,8.9,1077265,5280.0,"Comedy ,Romance",1.0,11.0,2001.0
52,Friends,8,5,TV Series,7.9,4370,8.9,1077265,5280.0,"Comedy ,Romance",25.0,10.0,2001.0
52,Friends,8,4,TV Series,9.2,6488,8.9,1077265,5280.0,"Comedy ,Romance",18.0,10.0,2001.0
52,Friends,8,3,TV Series,8.6,4560,8.9,1077265,5280.0,"Comedy ,Romance",11.0,10.0,2001.0
52,Friends,8,2,TV Series,9.0,5584,8.9,1077265,5280.0,"Comedy ,Romance",4.0,10.0,2001.0
52,Friends,8,1,TV Series,8.6,4834,8.9,1077265,5280.0,"Comedy ,Romance",27.0,9.0,2001.0
52,Friends,7,24,TV Series,9.1,5748,8.9,1077265,5280.0,"Comedy ,Romance",17.0,5.0,2001.0
52,Friends,7,23,TV Series,8.7,5032,8.9,1077265,5280.0,"Comedy ,Romance",17.0,5.0,2001.0
52,Friends,9,6,TV Series,8.2,4691,8.9,1077265,5280.0,"Comedy ,Romance",7.0,11.0,2002.0
52,Friends,9,5,TV Series,8.3,4497,8.9,1077265,5280.0,"Comedy ,Romance",31.0,10.0,2002.0
52,Friends,9,4,TV Series,8.0,4387,8.9,1077265,5280.0,"Comedy ,Romance",17.0,10.0,2002.0
52,Friends,9,3,TV Series,8.1,4359,8.9,1077265,5280.0,"Comedy ,Romance",10.0,10.0,2002.0
52,Friends,9,2,TV Series,8.4,4693,8.9,1077265,5280.0,"Comedy ,Romance",3.0,10.0,2002.0
52,Friends,9,1,TV Series,8.5,4700,8.9,1077265,5280.0,"Comedy ,Romance",26.0,9.0,2002.0
52,Friends,8,24,TV Series,8.8,4960,8.9,1077265,5280.0,"Comedy ,Romance",16.0,5.0,2002.0
52,Friends,8,23,TV Series,8.7,4621,8.9,1077265,5280.0,"Comedy ,Romance",16.0,5.0,2002.0
52,Friends,8,22,TV Series,8.2,4249,8.9,1077265,5280.0,"Comedy ,Romance",9.0,5.0,2002.0
52,Friends,8,21,TV Series,8.0,4298,8.9,1077265,5280.0,"Comedy ,Romance",2.0,5.0,2002.0
52,Friends,8,20,TV Series,8.1,4329,8.9,1077265,5280.0,"Comedy ,Romance",25.0,4.0,2002.0
52,Friends,8,19,TV Series,7.2,4441,8.9,1077265,5280.0,"Comedy ,Romance",4.0,4.0,2002.0
52,Friends,8,18,TV Series,8.0,4324,8.9,1077265,5280.0,"Comedy ,Romance",28.0,3.0,2002.0
52,Friends,8,17,TV Series,7.9,4267,8.9,1077265,5280.0,"Comedy ,Romance",7.0,3.0,2002.0
52,Friends,8,16,TV Series,8.1,4338,8.9,1077265,5280.0,"Comedy ,Romance",28.0,2.0,2002.0
52,Friends,8,15,TV Series,8.2,4257,8.9,1077265,5280.0,"Comedy ,Romance",7.0,2.0,2002.0
52,Friends,9,22,TV Series,7.6,4197,8.9,1077265,5280.0,"Comedy ,Romance",8.0,5.0,2003.0
52,Friends,9,21,TV Series,8.1,4105,8.9,1077265,5280.0,"Comedy ,Romance",1.0,5.0,2003.0
52,Friends,9,20,TV Series,8.1,4200,8.9,1077265,5280.0,"Comedy ,Romance",24.0,4.0,2003.0
52,Friends,9,19,TV Series,7.9,4172,8.9,1077265,5280.0,"Comedy ,Romance",17.0,4.0,2003.0
52,Friends,9,18,TV Series,8.5,4454,8.9,1077265,5280.0,"Comedy ,Romance",3.0,4.0,2003.0
52,Friends,9,17,TV Series,8.3,4309,8.9,1077265,5280.0,"Comedy ,Romance",13.0,3.0,2003.0
52,Friends,9,16,TV Series,8.0,4123,8.9,1077265,5280.0,"Comedy ,Romance",20.0,2.0,2003.0
52,Friends,9,15,TV Series,8.1,4231,8.9,1077265,5280.0,"Comedy ,Romance",13.0,2.0,2003.0
52,Friends,9,14,TV Series,8.0,4197,8.9,1077265,5280.0,"Comedy ,Romance",6.0,2.0,2003.0
52,Friends,9,13,TV Series,8.0,4262,8.9,1077265,5280.0,"Comedy ,Romance",30.0,1.0,2003.0
52,Friends,9,12,TV Series,7.7,4286,8.9,1077265,5280.0,"Comedy ,Romance",16.0,1.0,2003.0
52,Friends,9,11,TV Series,7.8,4172,8.9,1077265,5280.0,"Comedy ,Romance",9.0,1.0,2003.0
52,Friends,9,10,TV Series,7.2,4440,8.9,1077265,5280.0,"Comedy ,Romance",12.0,12.0,2002.0
52,Friends,9,9,TV Series,8.0,4305,8.9,1077265,5280.0,"Comedy ,Romance",5.0,12.0,2002.0
52,Friends,9,8,TV Series,8.7,5215,8.9,1077265,5280.0,"Comedy ,Romance",21.0,11.0,2002.0
52,Friends,9,7,TV Series,8.5,4687,8.9,1077265,5280.0,"Comedy ,Romance",14.0,11.0,2002.0
52,Friends,10,15,TV Series,8.4,4407,8.9,1077265,5280.0,"Comedy ,Romance",22.0,4.0,2004.0
52,Friends,10,14,TV Series,8.5,4673,8.9,1077265,5280.0,"Comedy ,Romance",26.0,2.0,2004.0
52,Friends,10,13,TV Series,8.3,4835,8.9,1077265,5280.0,"Comedy ,Romance",19.0,2.0,2004.0
52,Friends,10,12,TV Series,8.8,5087,8.9,1077265,5280.0,"Comedy ,Romance",12.0,2.0,2004.0
52,Friends,10,11,TV Series,8.9,5708,8.9,1077265,5280.0,"Comedy ,Romance",5.0,2.0,2004.0
52,Friends,10,10,TV Series,7.8,4413,8.9,1077265,5280.0,"Comedy ,Romance",15.0,1.0,2004.0
52,Friends,10,9,TV Series,8.4,4598,8.9,1077265,5280.0,"Comedy ,Romance",8.0,1.0,2004.0
52,Friends,10,8,TV Series,8.8,5217,8.9,1077265,5280.0,"Comedy ,Romance",20.0,11.0,2003.0
52,Friends,10,7,TV Series,8.1,4344,8.9,1077265,5280.0,"Comedy ,Romance",13.0,11.0,2003.0
52,Friends,10,6,TV Series,8.0,4522,8.9,1077265,5280.0,"Comedy ,Romance",6.0,11.0,2003.0
52,Friends,10,5,TV Series,8.0,4467,8.9,1077265,5280.0,"Comedy ,Romance",30.0,10.0,2003.0
52,Friends,10,4,TV Series,8.2,4521,8.9,1077265,5280.0,"Comedy ,Romance",23.0,10.0,2003.0
52,Friends,10,3,TV Series,8.6,5153,8.9,1077265,5280.0,"Comedy ,Romance",9.0,10.0,2003.0
52,Friends,10,2,TV Series,8.7,5318,8.9,1077265,5280.0,"Comedy ,Romance",2.0,10.0,2003.0
52,Friends,10,1,TV Series,8.4,4941,8.9,1077265,5280.0,"Comedy ,Romance",25.0,9.0,2003.0
52,Friends,9,23,TV Series,8.5,4825,8.9,1077265,5280.0,"Comedy ,Romance",15.0,5.0,2003.0
52,Friends,10,17,TV Series,9.6,16453,8.9,1077265,5280.0,"Comedy ,Romance",6.0,5.0,2004.0
52,Friends,10,16,TV Series,8.8,5100,8.9,1077265,5280.0,"Comedy ,Romance",29.0,4.0,2004.0
52,Friends,2,9,TV Series,7.8,5461,8.9,1077265,5280.0,"Comedy ,Romance",14.0,12.0,1995.0
52,Friends,2,24,TV Series,8.1,5337,8.9,1077265,5280.0,"Comedy ,Romance",16.0,5.0,1996.0
52,Friends,2,23,TV Series,7.9,5315,8.9,1077265,5280.0,"Comedy ,Romance",9.0,5.0,1996.0
52,Friends,2,22,TV Series,8.9,6573,8.9,1077265,5280.0,"Comedy ,Romance",2.0,5.0,1996.0
52,Friends,2,21,TV Series,8.0,5298,8.9,1077265,5280.0,"Comedy ,Romance",25.0,4.0,1996.0
52,Friends,2,20,TV Series,8.0,5238,8.9,1077265,5280.0,"Comedy ,Romance",4.0,4.0,1996.0
52,Friends,2,19,TV Series,8.4,5517,8.9,1077265,5280.0,"Comedy ,Romance",28.0,3.0,1996.0
52,Friends,2,18,TV Series,8.3,5389,8.9,1077265,5280.0,"Comedy ,Romance",21.0,3.0,1996.0
52,Friends,2,17,TV Series,8.1,5386,8.9,1077265,5280.0,"Comedy ,Romance",22.0,2.0,1996.0
52,Friends,3,24,TV Series,8.0,5160,8.9,1077265,5280.0,"Comedy ,Romance",8.0,5.0,1997.0
52,Friends,3,23,TV Series,7.9,4948,8.9,1077265,5280.0,"Comedy ,Romance",1.0,5.0,1997.0
52,Friends,3,22,TV Series,8.1,5012,8.9,1077265,5280.0,"Comedy ,Romance",24.0,4.0,1997.0
52,Friends,3,21,TV Series,8.6,5298,8.9,1077265,5280.0,"Comedy ,Romance",17.0,4.0,1997.0
52,Friends,3,20,TV Series,7.9,4941,8.9,1077265,5280.0,"Comedy ,Romance",10.0,4.0,1997.0
52,Friends,3,19,TV Series,8.0,4977,8.9,1077265,5280.0,"Comedy ,Romance",27.0,3.0,1997.0
52,Friends,3,18,TV Series,8.2,5180,8.9,1077265,5280.0,"Comedy ,Romance",13.0,3.0,1997.0
52,Friends,3,1,TV Series,8.3,5525,8.9,1077265,5280.0,"Comedy ,Romance",19.0,9.0,1996.0
52,Friends,1,24,TV Series,8.7,6648,8.9,1077265,5280.0,"Comedy ,Romance",18.0,5.0,1995.0
52,Friends,1,23,TV Series,8.6,6265,8.9,1077265,5280.0,"Comedy ,Romance",11.0,5.0,1995.0
52,Friends,1,22,TV Series,8.1,5928,8.9,1077265,5280.0,"Comedy ,Romance",4.0,5.0,1995.0
52,Friends,1,21,TV Series,7.6,5982,8.9,1077265,5280.0,"Comedy ,Romance",27.0,4.0,1995.0
52,Friends,1,20,TV Series,7.7,5935,8.9,1077265,5280.0,"Comedy ,Romance",6.0,4.0,1995.0
52,Friends,1,19,TV Series,7.9,5946,8.9,1077265,5280.0,"Comedy ,Romance",9.0,3.0,1995.0
52,Friends,1,18,TV Series,8.7,6841,8.9,1077265,5280.0,"Comedy ,Romance",2.0,3.0,1995.0
52,Friends,1,17,TV Series,8.3,6215,8.9,1077265,5280.0,"Comedy ,Romance",23.0,2.0,1995.0
52,Friends,2,8,TV Series,8.3,5726,8.9,1077265,5280.0,"Comedy ,Romance",16.0,11.0,1995.0
52,Friends,2,7,TV Series,8.9,6894,8.9,1077265,5280.0,"Comedy ,Romance",9.0,11.0,1995.0
52,Friends,2,6,TV Series,8.4,6064,8.9,1077265,5280.0,"Comedy ,Romance",2.0,11.0,1995.0
52,Friends,2,5,TV Series,8.1,5670,8.9,1077265,5280.0,"Comedy ,Romance",19.0,10.0,1995.0
52,Friends,2,4,TV Series,7.8,5639,8.9,1077265,5280.0,"Comedy ,Romance",12.0,10.0,1995.0
52,Friends,2,3,TV Series,8.2,5839,8.9,1077265,5280.0,"Comedy ,Romance",5.0,10.0,1995.0
52,Friends,2,2,TV Series,8.0,5808,8.9,1077265,5280.0,"Comedy ,Romance",28.0,9.0,1995.0
52,Friends,2,1,TV Series,8.4,6092,8.9,1077265,5280.0,"Comedy ,Romance",21.0,9.0,1995.0
52,Friends,3,8,TV Series,8.2,5141,8.9,1077265,5280.0,"Comedy ,Romance",14.0,11.0,1996.0
52,Friends,3,7,TV Series,8.1,5122,8.9,1077265,5280.0,"Comedy ,Romance",7.0,11.0,1996.0
52,Friends,3,6,TV Series,9.0,6733,8.9,1077265,5280.0,"Comedy ,Romance",31.0,10.0,1996.0
52,Friends,3,5,TV Series,8.0,5185,8.9,1077265,5280.0,"Comedy ,Romance",17.0,10.0,1996.0
52,Friends,3,4,TV Series,7.8,5068,8.9,1077265,5280.0,"Comedy ,Romance",10.0,10.0,1996.0
52,Friends,3,3,TV Series,7.9,5271,8.9,1077265,5280.0,"Comedy ,Romance",3.0,10.0,1996.0
52,Friends,3,2,TV Series,8.9,7391,8.9,1077265,5280.0,"Comedy ,Romance",26.0,9.0,1996.0
52,Friends,3,9,TV Series,8.9,7045,8.9,1077265,5280.0,"Comedy ,Romance",21.0,11.0,1996.0
52,Friends,4,15,TV Series,8.3,5054,8.9,1077265,5280.0,"Comedy ,Romance",26.0,2.0,1998.0
52,Friends,4,14,TV Series,8.1,4839,8.9,1077265,5280.0,"Comedy ,Romance",5.0,2.0,1998.0
52,Friends,4,13,TV Series,8.0,4800,8.9,1077265,5280.0,"Comedy ,Romance",29.0,1.0,1998.0
52,Friends,4,12,TV Series,9.4,9460,8.9,1077265,5280.0,"Comedy ,Romance",15.0,1.0,1998.0
52,Friends,4,11,TV Series,8.4,5213,8.9,1077265,5280.0,"Comedy ,Romance",8.0,1.0,1998.0
52,Friends,4,10,TV Series,7.9,4824,8.9,1077265,5280.0,"Comedy ,Romance",18.0,12.0,1997.0
52,Friends,4,9,TV Series,7.7,4828,8.9,1077265,5280.0,"Comedy ,Romance",11.0,12.0,1997.0
52,Friends,4,8,TV Series,9.0,6401,8.9,1077265,5280.0,"Comedy ,Romance",20.0,11.0,1997.0
52,Friends,4,7,TV Series,8.6,5172,8.9,1077265,5280.0,"Comedy ,Romance",13.0,11.0,1997.0
52,Friends,2,16,TV Series,8.5,5497,8.9,1077265,5280.0,"Comedy ,Romance",15.0,2.0,1996.0
52,Friends,2,15,TV Series,8.7,6108,8.9,1077265,5280.0,"Comedy ,Romance",8.0,2.0,1996.0
52,Friends,2,14,TV Series,9.3,8688,8.9,1077265,5280.0,"Comedy ,Romance",1.0,2.0,1996.0
52,Friends,2,13,TV Series,8.6,6074,8.9,1077265,5280.0,"Comedy ,Romance",28.0,1.0,1996.0
52,Friends,2,12,TV Series,8.5,5894,8.9,1077265,5280.0,"Comedy ,Romance",28.0,1.0,1996.0
52,Friends,2,11,TV Series,7.9,5611,8.9,1077265,5280.0,"Comedy ,Romance",18.0,1.0,1996.0
52,Friends,2,10,TV Series,7.8,5751,8.9,1077265,5280.0,"Comedy ,Romance",4.0,1.0,1996.0
52,Friends,3,17,TV Series,8.2,5106,8.9,1077265,5280.0,"Comedy ,Romance",6.0,3.0,1997.0
52,Friends,3,16,TV Series,9.0,6613,8.9,1077265,5280.0,"Comedy ,Romance",20.0,2.0,1997.0
52,Friends,3,15,TV Series,8.4,5455,8.9,1077265,5280.0,"Comedy ,Romance",13.0,2.0,1997.0
52,Friends,3,14,TV Series,7.7,5085,8.9,1077265,5280.0,"Comedy ,Romance",6.0,2.0,1997.0
52,Friends,3,13,TV Series,8.1,5079,8.9,1077265,5280.0,"Comedy ,Romance",30.0,1.0,1997.0
52,Friends,3,12,TV Series,8.1,5056,8.9,1077265,5280.0,"Comedy ,Romance",16.0,1.0,1997.0
52,Friends,3,11,TV Series,8.4,5334,8.9,1077265,5280.0,"Comedy ,Romance",9.0,1.0,1997.0
52,Friends,3,10,TV Series,8.0,5180,8.9,1077265,5280.0,"Comedy ,Romance",12.0,12.0,1996.0
52,Friends,1,3,TV Series,8.0,7355,8.9,1077265,5280.0,"Comedy ,Romance",6.0,10.0,1994.0
52,Friends,5,7,TV Series,8.2,4822,8.9,1077265,5280.0,"Comedy ,Romance",12.0,11.0,1998.0
52,Friends,3,25,TV Series,8.7,5682,8.9,1077265,5280.0,"Comedy ,Romance",15.0,5.0,1997.0
52,Friends,4,6,TV Series,8.4,5115,8.9,1077265,5280.0,"Comedy ,Romance",6.0,11.0,1997.0
52,Friends,4,16,TV Series,8.0,4879,8.9,1077265,5280.0,"Comedy ,Romance",19.0,3.0,1998.0
52,Friends,1,6,TV Series,8.0,6780,8.9,1077265,5280.0,"Comedy ,Romance",27.0,10.0,1994.0
52,Friends,1,5,TV Series,8.3,7144,8.9,1077265,5280.0,"Comedy ,Romance",20.0,10.0,1994.0
53,Africa,Unknown,Unknown,TV Mini Series,8.1,35,8.9,17031,360.0,Documentary,26.0,2.0,2013.0
53,Africa,1,6,TV Mini Series,8.2,377,8.9,17031,360.0,Documentary,6.0,2.0,2013.0
53,Africa,1,5,TV Mini Series,8.4,461,8.9,17031,360.0,Documentary,30.0,1.0,2013.0
53,Africa,1,4,TV Mini Series,8.4,480,8.9,17031,360.0,Documentary,23.0,1.0,2013.0
53,Africa,1,3,TV Mini Series,8.5,508,8.9,17031,360.0,Documentary,16.0,1.0,2013.0
53,Africa,1,2,TV Mini Series,8.5,532,8.9,17031,360.0,Documentary,9.0,1.0,2013.0
53,Africa,1,1,TV Mini Series,8.8,641,8.9,17031,360.0,Documentary,2.0,1.0,2013.0
54,As If,2,6,TV Series,8.1,1154,9.0,20755,30.0,Comedy,4.0,2.0,2022.0
54,As If,2,5,TV Series,9.4,2039,9.0,20755,30.0,Comedy,28.0,1.0,2022.0
54,As If,2,4,TV Series,8.6,1403,9.0,20755,30.0,Comedy,21.0,1.0,2022.0
54,As If,2,3,TV Series,7.2,1156,9.0,20755,30.0,Comedy,14.0,1.0,2022.0
54,As If,2,2,TV Series,9.2,1720,9.0,20755,30.0,Comedy,7.0,1.0,2022.0
54,As If,2,1,TV Series,8.8,1570,9.0,20755,30.0,Comedy,31.0,12.0,2021.0
54,As If,1,12,TV Series,8.9,1595,9.0,20755,30.0,Comedy,26.0,3.0,2021.0
54,As If,1,11,TV Series,7.1,1226,9.0,20755,30.0,Comedy,19.0,3.0,2021.0
54,As If,1,10,TV Series,7.5,1226,9.0,20755,30.0,Comedy,12.0,3.0,2021.0
54,As If,1,9,TV Series,7.7,1239,9.0,20755,30.0,Comedy,5.0,3.0,2021.0
54,As If,1,8,TV Series,8.3,1478,9.0,20755,30.0,Comedy,26.0,2.0,2021.0
54,As If,4,7,TV Series,7.1,455,9.0,20755,30.0,Comedy,12.0,5.0,2023.0
54,As If,4,6,TV Series,7.7,526,9.0,20755,30.0,Comedy,5.0,5.0,2023.0
54,As If,4,5,TV Series,8.0,550,9.0,20755,30.0,Comedy,28.0,4.0,2023.0
54,As If,4,4,TV Series,6.6,641,9.0,20755,30.0,Comedy,21.0,4.0,2023.0
54,As If,4,3,TV Series,8.1,629,9.0,20755,30.0,Comedy,14.0,4.0,2023.0
54,As If,4,2,TV Series,8.0,690,9.0,20755,30.0,Comedy,7.0,4.0,2023.0
54,As If,4,1,TV Series,8.7,949,9.0,20755,30.0,Comedy,31.0,3.0,2023.0
54,As If,3,10,TV Series,7.1,642,9.0,20755,30.0,Comedy,23.0,12.0,2022.0
54,As If,3,9,TV Series,8.8,954,9.0,20755,30.0,Comedy,16.0,12.0,2022.0
54,As If,3,8,TV Series,8.0,854,9.0,20755,30.0,Comedy,9.0,12.0,2022.0
54,As If,3,7,TV Series,7.2,780,9.0,20755,30.0,Comedy,2.0,12.0,2022.0
54,As If,3,6,TV Series,7.2,864,9.0,20755,30.0,Comedy,25.0,11.0,2022.0
54,As If,3,5,TV Series,6.8,1181,9.0,20755,30.0,Comedy,18.0,11.0,2022.0
54,As If,3,4,TV Series,8.7,1181,9.0,20755,30.0,Comedy,11.0,11.0,2022.0
54,As If,3,3,TV Series,8.8,1274,9.0,20755,30.0,Comedy,4.0,11.0,2022.0
54,As If,3,2,TV Series,8.0,1037,9.0,20755,30.0,Comedy,28.0,10.0,2022.0
54,As If,5,1,TV Series,7.7,0,9.0,20755,30.0,Comedy,35.0,3.0,2024.0
54,As If,1,6,TV Series,8.4,1549,9.0,20755,30.0,Comedy,12.0,2.0,2021.0
54,As If,4,9,TV Series,7.8,437,9.0,20755,30.0,Comedy,26.0,5.0,2023.0
54,As If,1,5,TV Series,6.9,1357,9.0,20755,30.0,Comedy,5.0,2.0,2021.0
54,As If,1,4,TV Series,9.3,2205,9.0,20755,30.0,Comedy,28.0,1.0,2021.0
54,As If,1,3,TV Series,7.9,1462,9.0,20755,30.0,Comedy,21.0,1.0,2021.0
54,As If,1,2,TV Series,7.6,1579,9.0,20755,30.0,Comedy,14.0,1.0,2021.0
54,As If,1,1,TV Series,8.7,1869,9.0,20755,30.0,Comedy,1.0,1.0,2021.0
54,As If,4,10,TV Series,8.7,490,9.0,20755,30.0,Comedy,2.0,6.0,2023.0
54,As If,3,1,TV Series,7.5,1024,9.0,20755,30.0,Comedy,21.0,10.0,2022.0
54,As If,2,10,TV Series,8.3,968,9.0,20755,30.0,Comedy,4.0,3.0,2022.0
54,As If,4,8,TV Series,7.3,483,9.0,20755,30.0,Comedy,19.0,5.0,2023.0
54,As If,2,9,TV Series,7.4,1001,9.0,20755,30.0,Comedy,25.0,2.0,2022.0
54,As If,2,8,TV Series,7.2,1010,9.0,20755,30.0,Comedy,18.0,2.0,2022.0
54,As If,2,7,TV Series,8.3,1162,9.0,20755,30.0,Comedy,11.0,2.0,2022.0
54,As If,1,7,TV Series,9.0,1663,9.0,20755,30.0,Comedy,19.0,2.0,2021.0
55,TVF Pitchers,1,4,TV Series,9.1,1079,9.1,72084,40.0,"Comedy ,Drama",15.0,7.0,2015.0
55,TVF Pitchers,1,3,TV Series,8.9,1027,9.1,72084,40.0,"Comedy ,Drama",1.0,7.0,2015.0
55,TVF Pitchers,1,2,TV Series,8.7,1029,9.1,72084,40.0,"Comedy ,Drama",17.0,6.0,2015.0
55,TVF Pitchers,1,1,TV Series,8.9,1244,9.1,72084,40.0,"Comedy ,Drama",17.0,6.0,2015.0
55,TVF Pitchers,2,5,TV Series,8.6,291,9.1,72084,40.0,"Comedy ,Drama",23.0,12.0,2022.0
55,TVF Pitchers,2,4,TV Series,8.7,250,9.1,72084,40.0,"Comedy ,Drama",23.0,12.0,2022.0
55,TVF Pitchers,2,3,TV Series,8.4,236,9.1,72084,40.0,"Comedy ,Drama",23.0,12.0,2022.0
55,TVF Pitchers,2,2,TV Series,8.2,249,9.1,72084,40.0,"Comedy ,Drama",23.0,12.0,2022.0
55,TVF Pitchers,2,1,TV Series,8.3,279,9.1,72084,40.0,"Comedy ,Drama",23.0,12.0,2022.0
55,TVF Pitchers,1,5,TV Series,9.3,1160,9.1,72084,40.0,"Comedy ,Drama",30.0,8.0,2015.0
56,It's Always Sunny in Philadelphia,5,7,TV Series,8.5,2983,8.8,249113,22.0,Comedy,29.0,10.0,2009.0
56,It's Always Sunny in Philadelphia,5,8,TV Series,8.9,3384,8.8,249113,22.0,Comedy,5.0,11.0,2009.0
56,It's Always Sunny in Philadelphia,5,9,TV Series,8.5,2869,8.8,249113,22.0,Comedy,12.0,11.0,2009.0
56,It's Always Sunny in Philadelphia,5,10,TV Series,9.3,4551,8.8,249113,22.0,Comedy,19.0,11.0,2009.0
56,It's Always Sunny in Philadelphia,5,11,TV Series,8.1,2649,8.8,249113,22.0,Comedy,3.0,12.0,2009.0
56,It's Always Sunny in Philadelphia,5,12,TV Series,8.5,2794,8.8,249113,22.0,Comedy,10.0,12.0,2009.0
56,It's Always Sunny in Philadelphia,6,1,TV Series,7.9,2723,8.8,249113,22.0,Comedy,16.0,9.0,2010.0
56,It's Always Sunny in Philadelphia,6,2,TV Series,7.6,2584,8.8,249113,22.0,Comedy,23.0,9.0,2010.0
56,It's Always Sunny in Philadelphia,6,3,TV Series,8.8,3390,8.8,249113,22.0,Comedy,30.0,9.0,2010.0
56,It's Always Sunny in Philadelphia,6,4,TV Series,8.1,2625,8.8,249113,22.0,Comedy,7.0,10.0,2010.0
56,It's Always Sunny in Philadelphia,6,5,TV Series,8.1,2676,8.8,249113,22.0,Comedy,14.0,10.0,2010.0
56,It's Always Sunny in Philadelphia,6,6,TV Series,7.6,2483,8.8,249113,22.0,Comedy,21.0,10.0,2010.0
56,It's Always Sunny in Philadelphia,6,7,TV Series,9.1,3545,8.8,249113,22.0,Comedy,28.0,10.0,2010.0
56,It's Always Sunny in Philadelphia,6,8,TV Series,7.7,2540,8.8,249113,22.0,Comedy,4.0,11.0,2010.0
56,It's Always Sunny in Philadelphia,6,9,TV Series,8.9,2904,8.8,249113,22.0,Comedy,11.0,11.0,2010.0
56,It's Always Sunny in Philadelphia,4,3,TV Series,8.3,2702,8.8,249113,22.0,Comedy,25.0,9.0,2008.0
56,It's Always Sunny in Philadelphia,6,11,TV Series,8.6,2750,8.8,249113,22.0,Comedy,2.0,12.0,2010.0
56,It's Always Sunny in Philadelphia,6,12,TV Series,8.5,2627,8.8,249113,22.0,Comedy,9.0,12.0,2010.0
56,It's Always Sunny in Philadelphia,6,13,TV Series,9.2,5284,8.8,249113,22.0,Comedy,9.0,12.0,2010.0
56,It's Always Sunny in Philadelphia,7,1,TV Series,8.6,3200,8.8,249113,22.0,Comedy,15.0,9.0,2011.0
56,It's Always Sunny in Philadelphia,7,2,TV Series,9.2,4092,8.8,249113,22.0,Comedy,22.0,9.0,2011.0
56,It's Always Sunny in Philadelphia,7,3,TV Series,8.4,3096,8.8,249113,22.0,Comedy,29.0,9.0,2011.0
56,It's Always Sunny in Philadelphia,7,4,TV Series,7.9,2588,8.8,249113,22.0,Comedy,6.0,10.0,2011.0
56,It's Always Sunny in Philadelphia,7,5,TV Series,6.8,3052,8.8,249113,22.0,Comedy,13.0,10.0,2011.0
56,It's Always Sunny in Philadelphia,7,6,TV Series,8.2,2794,8.8,249113,22.0,Comedy,20.0,10.0,2011.0
56,It's Always Sunny in Philadelphia,7,7,TV Series,9.2,4076,8.8,249113,22.0,Comedy,27.0,10.0,2011.0
56,It's Always Sunny in Philadelphia,7,8,TV Series,8.3,2616,8.8,249113,22.0,Comedy,3.0,11.0,2011.0
56,It's Always Sunny in Philadelphia,7,9,TV Series,8.7,3130,8.8,249113,22.0,Comedy,10.0,11.0,2011.0
56,It's Always Sunny in Philadelphia,7,10,TV Series,7.7,2568,8.8,249113,22.0,Comedy,17.0,11.0,2011.0
56,It's Always Sunny in Philadelphia,7,11,TV Series,8.8,3119,8.8,249113,22.0,Comedy,1.0,12.0,2011.0
56,It's Always Sunny in Philadelphia,7,12,TV Series,8.2,2598,8.8,249113,22.0,Comedy,8.0,12.0,2011.0
56,It's Always Sunny in Philadelphia,5,6,TV Series,8.3,2739,8.8,249113,22.0,Comedy,22.0,10.0,2009.0
56,It's Always Sunny in Philadelphia,8,1,TV Series,7.8,2556,8.8,249113,22.0,Comedy,11.0,10.0,2012.0
56,It's Always Sunny in Philadelphia,8,2,TV Series,8.2,2333,8.8,249113,22.0,Comedy,18.0,10.0,2012.0
56,It's Always Sunny in Philadelphia,8,3,TV Series,8.7,3155,8.8,249113,22.0,Comedy,25.0,10.0,2012.0
56,It's Always Sunny in Philadelphia,8,4,TV Series,8.9,3329,8.8,249113,22.0,Comedy,1.0,11.0,2012.0
56,It's Always Sunny in Philadelphia,8,5,TV Series,9.0,3371,8.8,249113,22.0,Comedy,8.0,11.0,2012.0
56,It's Always Sunny in Philadelphia,8,6,TV Series,7.7,2475,8.8,249113,22.0,Comedy,15.0,11.0,2012.0
56,It's Always Sunny in Philadelphia,8,7,TV Series,8.1,2474,8.8,249113,22.0,Comedy,29.0,11.0,2012.0
56,It's Always Sunny in Philadelphia,8,8,TV Series,8.2,2579,8.8,249113,22.0,Comedy,6.0,12.0,2012.0
56,It's Always Sunny in Philadelphia,8,9,TV Series,9.0,3323,8.8,249113,22.0,Comedy,13.0,12.0,2012.0
56,It's Always Sunny in Philadelphia,8,10,TV Series,9.0,3224,8.8,249113,22.0,Comedy,20.0,12.0,2012.0
56,It's Always Sunny in Philadelphia,9,1,TV Series,8.8,3309,8.8,249113,22.0,Comedy,4.0,9.0,2013.0
56,It's Always Sunny in Philadelphia,9,2,TV Series,8.2,2578,8.8,249113,22.0,Comedy,11.0,9.0,2013.0
56,It's Always Sunny in Philadelphia,9,3,TV Series,9.2,4236,8.8,249113,22.0,Comedy,18.0,9.0,2013.0
56,It's Always Sunny in Philadelphia,9,4,TV Series,8.0,2521,8.8,249113,22.0,Comedy,25.0,9.0,2013.0
56,It's Always Sunny in Philadelphia,9,5,TV Series,8.6,2882,8.8,249113,22.0,Comedy,2.0,10.0,2013.0
56,It's Always Sunny in Philadelphia,6,10,TV Series,8.3,2642,8.8,249113,22.0,Comedy,18.0,11.0,2010.0
56,It's Always Sunny in Philadelphia,9,7,TV Series,8.7,2966,8.8,249113,22.0,Comedy,16.0,10.0,2013.0
56,It's Always Sunny in Philadelphia,9,8,TV Series,8.8,3191,8.8,249113,22.0,Comedy,23.0,10.0,2013.0
56,It's Always Sunny in Philadelphia,9,9,TV Series,8.0,2377,8.8,249113,22.0,Comedy,30.0,10.0,2013.0
56,It's Always Sunny in Philadelphia,9,10,TV Series,8.2,2527,8.8,249113,22.0,Comedy,6.0,11.0,2013.0
56,It's Always Sunny in Philadelphia,10,1,TV Series,8.7,3341,8.8,249113,22.0,Comedy,14.0,1.0,2015.0
56,It's Always Sunny in Philadelphia,10,2,TV Series,8.7,2935,8.8,249113,22.0,Comedy,21.0,1.0,2015.0
56,It's Always Sunny in Philadelphia,10,3,TV Series,7.5,2538,8.8,249113,22.0,Comedy,28.0,1.0,2015.0
56,It's Always Sunny in Philadelphia,10,4,TV Series,9.8,10167,8.8,249113,22.0,Comedy,4.0,2.0,2015.0
56,It's Always Sunny in Philadelphia,10,5,TV Series,8.2,2494,8.8,249113,22.0,Comedy,11.0,2.0,2015.0
56,It's Always Sunny in Philadelphia,10,6,TV Series,8.8,2955,8.8,249113,22.0,Comedy,18.0,2.0,2015.0
56,It's Always Sunny in Philadelphia,10,7,TV Series,7.9,2284,8.8,249113,22.0,Comedy,25.0,2.0,2015.0
56,It's Always Sunny in Philadelphia,10,8,TV Series,9.0,3360,8.8,249113,22.0,Comedy,4.0,3.0,2015.0
56,It's Always Sunny in Philadelphia,10,9,TV Series,8.0,2270,8.8,249113,22.0,Comedy,11.0,3.0,2015.0
56,It's Always Sunny in Philadelphia,10,10,TV Series,7.5,2344,8.8,249113,22.0,Comedy,18.0,3.0,2015.0
56,It's Always Sunny in Philadelphia,11,1,TV Series,8.5,2935,8.8,249113,22.0,Comedy,6.0,1.0,2016.0
56,It's Always Sunny in Philadelphia,7,13,TV Series,8.5,2709,8.8,249113,22.0,Comedy,15.0,12.0,2011.0
56,It's Always Sunny in Philadelphia,11,3,TV Series,8.5,3390,8.8,249113,22.0,Comedy,20.0,1.0,2016.0
56,It's Always Sunny in Philadelphia,11,4,TV Series,7.5,2472,8.8,249113,22.0,Comedy,27.0,1.0,2016.0
56,It's Always Sunny in Philadelphia,11,5,TV Series,9.4,5194,8.8,249113,22.0,Comedy,3.0,2.0,2016.0
56,It's Always Sunny in Philadelphia,11,6,TV Series,8.3,3147,8.8,249113,22.0,Comedy,10.0,2.0,2016.0
56,It's Always Sunny in Philadelphia,11,7,TV Series,8.6,2963,8.8,249113,22.0,Comedy,17.0,2.0,2016.0
56,It's Always Sunny in Philadelphia,11,8,TV Series,8.5,2645,8.8,249113,22.0,Comedy,24.0,2.0,2016.0
56,It's Always Sunny in Philadelphia,11,9,TV Series,8.4,2502,8.8,249113,22.0,Comedy,2.0,3.0,2016.0
56,It's Always Sunny in Philadelphia,11,10,TV Series,8.4,2576,8.8,249113,22.0,Comedy,9.0,3.0,2016.0
56,It's Always Sunny in Philadelphia,12,1,TV Series,8.5,4641,8.8,249113,22.0,Comedy,4.0,1.0,2017.0
56,It's Always Sunny in Philadelphia,12,2,TV Series,9.5,5453,8.8,249113,22.0,Comedy,11.0,1.0,2017.0
56,It's Always Sunny in Philadelphia,12,3,TV Series,8.5,3019,8.8,249113,22.0,Comedy,18.0,1.0,2017.0
56,It's Always Sunny in Philadelphia,12,4,TV Series,8.0,2590,8.8,249113,22.0,Comedy,25.0,1.0,2017.0
56,It's Always Sunny in Philadelphia,12,5,TV Series,8.6,3095,8.8,249113,22.0,Comedy,1.0,2.0,2017.0
56,It's Always Sunny in Philadelphia,12,6,TV Series,9.4,4728,8.8,249113,22.0,Comedy,8.0,2.0,2017.0
56,It's Always Sunny in Philadelphia,12,7,TV Series,8.6,2803,8.8,249113,22.0,Comedy,15.0,2.0,2017.0
56,It's Always Sunny in Philadelphia,9,6,TV Series,9.0,3558,8.8,249113,22.0,Comedy,9.0,10.0,2013.0
56,It's Always Sunny in Philadelphia,12,9,TV Series,7.2,2489,8.8,249113,22.0,Comedy,1.0,3.0,2017.0
56,It's Always Sunny in Philadelphia,12,10,TV Series,8.5,2592,8.8,249113,22.0,Comedy,8.0,3.0,2017.0
56,It's Always Sunny in Philadelphia,13,1,TV Series,7.6,3086,8.8,249113,22.0,Comedy,5.0,9.0,2018.0
56,It's Always Sunny in Philadelphia,13,2,TV Series,8.0,2773,8.8,249113,22.0,Comedy,12.0,9.0,2018.0
56,It's Always Sunny in Philadelphia,13,3,TV Series,6.6,3823,8.8,249113,22.0,Comedy,19.0,9.0,2018.0
56,It's Always Sunny in Philadelphia,13,4,TV Series,9.2,3879,8.8,249113,22.0,Comedy,26.0,9.0,2018.0
56,It's Always Sunny in Philadelphia,13,5,TV Series,8.9,3288,8.8,249113,22.0,Comedy,3.0,10.0,2018.0
56,It's Always Sunny in Philadelphia,13,6,TV Series,8.3,2769,8.8,249113,22.0,Comedy,10.0,10.0,2018.0
56,It's Always Sunny in Philadelphia,13,7,TV Series,7.5,2795,8.8,249113,22.0,Comedy,17.0,10.0,2018.0
56,It's Always Sunny in Philadelphia,13,8,TV Series,6.8,2803,8.8,249113,22.0,Comedy,24.0,10.0,2018.0
56,It's Always Sunny in Philadelphia,13,9,TV Series,7.1,2514,8.8,249113,22.0,Comedy,31.0,10.0,2018.0
56,It's Always Sunny in Philadelphia,13,10,TV Series,8.6,5754,8.8,249113,22.0,Comedy,7.0,11.0,2018.0
56,It's Always Sunny in Philadelphia,14,1,TV Series,7.9,2553,8.8,249113,22.0,Comedy,25.0,9.0,2019.0
56,It's Always Sunny in Philadelphia,14,2,TV Series,7.8,2378,8.8,249113,22.0,Comedy,2.0,10.0,2019.0
56,It's Always Sunny in Philadelphia,14,3,TV Series,8.3,2218,8.8,249113,22.0,Comedy,9.0,10.0,2019.0
56,It's Always Sunny in Philadelphia,11,2,TV Series,8.0,2550,8.8,249113,22.0,Comedy,13.0,1.0,2016.0
56,It's Always Sunny in Philadelphia,14,5,TV Series,8.0,2323,8.8,249113,22.0,Comedy,23.0,10.0,2019.0
56,It's Always Sunny in Philadelphia,14,6,TV Series,8.5,2753,8.8,249113,22.0,Comedy,30.0,10.0,2019.0
56,It's Always Sunny in Philadelphia,14,7,TV Series,8.0,1992,8.8,249113,22.0,Comedy,6.0,11.0,2019.0
56,It's Always Sunny in Philadelphia,14,8,TV Series,8.3,2035,8.8,249113,22.0,Comedy,13.0,11.0,2019.0
56,It's Always Sunny in Philadelphia,14,9,TV Series,7.9,1873,8.8,249113,22.0,Comedy,20.0,11.0,2019.0
56,It's Always Sunny in Philadelphia,14,10,TV Series,7.6,2017,8.8,249113,22.0,Comedy,20.0,11.0,2019.0
56,It's Always Sunny in Philadelphia,15,1,TV Series,8.0,2681,8.8,249113,22.0,Comedy,1.0,12.0,2021.0
56,It's Always Sunny in Philadelphia,15,2,TV Series,7.8,2224,8.8,249113,22.0,Comedy,1.0,12.0,2021.0
56,It's Always Sunny in Philadelphia,15,3,TV Series,7.6,2014,8.8,249113,22.0,Comedy,8.0,12.0,2021.0
56,It's Always Sunny in Philadelphia,15,4,TV Series,8.1,1874,8.8,249113,22.0,Comedy,8.0,12.0,2021.0
56,It's Always Sunny in Philadelphia,15,5,TV Series,8.1,1803,8.8,249113,22.0,Comedy,15.0,12.0,2021.0
56,It's Always Sunny in Philadelphia,15,6,TV Series,8.5,1900,8.8,249113,22.0,Comedy,15.0,12.0,2021.0
56,It's Always Sunny in Philadelphia,15,7,TV Series,8.0,1587,8.8,249113,22.0,Comedy,22.0,12.0,2021.0
56,It's Always Sunny in Philadelphia,15,8,TV Series,8.8,2298,8.8,249113,22.0,Comedy,22.0,12.0,2021.0
56,It's Always Sunny in Philadelphia,16,1,TV Series,8.2,2014,8.8,249113,22.0,Comedy,7.0,6.0,2023.0
56,It's Always Sunny in Philadelphia,12,8,TV Series,8.1,2363,8.8,249113,22.0,Comedy,22.0,2.0,2017.0
56,It's Always Sunny in Philadelphia,16,3,TV Series,7.6,1581,8.8,249113,22.0,Comedy,14.0,6.0,2023.0
56,It's Always Sunny in Philadelphia,16,4,TV Series,8.7,2209,8.8,249113,22.0,Comedy,21.0,6.0,2023.0
56,It's Always Sunny in Philadelphia,16,5,TV Series,8.0,1666,8.8,249113,22.0,Comedy,28.0,6.0,2023.0
56,It's Always Sunny in Philadelphia,16,6,TV Series,7.8,1481,8.8,249113,22.0,Comedy,5.0,7.0,2023.0
56,It's Always Sunny in Philadelphia,16,7,TV Series,8.7,1640,8.8,249113,22.0,Comedy,12.0,7.0,2023.0
56,It's Always Sunny in Philadelphia,16,8,TV Series,9.2,2350,8.8,249113,22.0,Comedy,19.0,7.0,2023.0
56,It's Always Sunny in Philadelphia,17,1,TV Series,7.3,0,8.8,249113,22.0,Comedy,35.0,15.0,2050.0
56,It's Always Sunny in Philadelphia,18,1,TV Series,7.3,0,8.8,249113,22.0,Comedy,35.0,15.0,2050.0
56,It's Always Sunny in Philadelphia,Unknown,Unknown,TV Series,7.7,336,8.8,249113,22.0,Comedy,12.0,1.0,2022.0
56,It's Always Sunny in Philadelphia,14,4,TV Series,8.0,2141,8.8,249113,22.0,Comedy,16.0,10.0,2019.0
56,It's Always Sunny in Philadelphia,3,12,TV Series,8.1,2938,8.8,249113,22.0,Comedy,1.0,11.0,2007.0
56,It's Always Sunny in Philadelphia,3,13,TV Series,8.3,2957,8.8,249113,22.0,Comedy,1.0,11.0,2007.0
56,It's Always Sunny in Philadelphia,4,1,TV Series,8.4,3193,8.8,249113,22.0,Comedy,18.0,9.0,2008.0
56,It's Always Sunny in Philadelphia,3,15,TV Series,8.9,3774,8.8,249113,22.0,Comedy,15.0,11.0,2007.0
56,It's Always Sunny in Philadelphia,4,2,TV Series,9.1,4278,8.8,249113,22.0,Comedy,18.0,9.0,2008.0
56,It's Always Sunny in Philadelphia,16,2,TV Series,7.8,1851,8.8,249113,22.0,Comedy,7.0,6.0,2023.0
56,It's Always Sunny in Philadelphia,2,5,TV Series,8.7,4131,8.8,249113,22.0,Comedy,13.0,7.0,2006.0
56,It's Always Sunny in Philadelphia,2,6,TV Series,8.4,3563,8.8,249113,22.0,Comedy,20.0,7.0,2006.0
56,It's Always Sunny in Philadelphia,2,7,TV Series,7.9,3334,8.8,249113,22.0,Comedy,27.0,7.0,2006.0
56,It's Always Sunny in Philadelphia,2,8,TV Series,7.9,3279,8.8,249113,22.0,Comedy,3.0,8.0,2006.0
56,It's Always Sunny in Philadelphia,2,9,TV Series,8.2,3391,8.8,249113,22.0,Comedy,10.0,8.0,2006.0
56,It's Always Sunny in Philadelphia,2,10,TV Series,8.5,3442,8.8,249113,22.0,Comedy,17.0,8.0,2006.0
56,It's Always Sunny in Philadelphia,3,11,TV Series,8.4,3094,8.8,249113,22.0,Comedy,25.0,10.0,2007.0
56,It's Always Sunny in Philadelphia,3,14,TV Series,8.5,3162,8.8,249113,22.0,Comedy,15.0,11.0,2007.0
56,It's Always Sunny in Philadelphia,3,10,TV Series,9.0,3953,8.8,249113,22.0,Comedy,18.0,10.0,2007.0
56,It's Always Sunny in Philadelphia,3,9,TV Series,9.2,4930,8.8,249113,22.0,Comedy,11.0,10.0,2007.0
56,It's Always Sunny in Philadelphia,3,7,TV Series,8.1,3012,8.8,249113,22.0,Comedy,4.0,10.0,2007.0
56,It's Always Sunny in Philadelphia,3,8,TV Series,8.4,3265,8.8,249113,22.0,Comedy,4.0,10.0,2007.0
56,It's Always Sunny in Philadelphia,3,6,TV Series,8.4,3271,8.8,249113,22.0,Comedy,27.0,9.0,2007.0
56,It's Always Sunny in Philadelphia,3,5,TV Series,7.9,3202,8.8,249113,22.0,Comedy,27.0,9.0,2007.0
56,It's Always Sunny in Philadelphia,3,4,TV Series,8.9,3991,8.8,249113,22.0,Comedy,20.0,9.0,2007.0
56,It's Always Sunny in Philadelphia,3,3,TV Series,8.3,3225,8.8,249113,22.0,Comedy,20.0,9.0,2007.0
56,It's Always Sunny in Philadelphia,3,2,TV Series,8.7,3767,8.8,249113,22.0,Comedy,13.0,9.0,2007.0
56,It's Always Sunny in Philadelphia,5,5,TV Series,8.8,3214,8.8,249113,22.0,Comedy,15.0,10.0,2009.0
56,It's Always Sunny in Philadelphia,5,4,TV Series,8.7,3321,8.8,249113,22.0,Comedy,8.0,10.0,2009.0
56,It's Always Sunny in Philadelphia,5,3,TV Series,8.0,2702,8.8,249113,22.0,Comedy,1.0,10.0,2009.0
56,It's Always Sunny in Philadelphia,5,2,TV Series,9.1,3822,8.8,249113,22.0,Comedy,24.0,9.0,2009.0
56,It's Always Sunny in Philadelphia,5,1,TV Series,8.3,2965,8.8,249113,22.0,Comedy,17.0,9.0,2009.0
56,It's Always Sunny in Philadelphia,4,13,TV Series,9.7,8013,8.8,249113,22.0,Comedy,20.0,11.0,2008.0
56,It's Always Sunny in Philadelphia,4,12,TV Series,8.3,3035,8.8,249113,22.0,Comedy,13.0,11.0,2008.0
56,It's Always Sunny in Philadelphia,4,11,TV Series,7.6,3151,8.8,249113,22.0,Comedy,6.0,11.0,2008.0
56,It's Always Sunny in Philadelphia,4,10,TV Series,8.9,3866,8.8,249113,22.0,Comedy,30.0,10.0,2008.0
56,It's Always Sunny in Philadelphia,4,9,TV Series,8.1,2982,8.8,249113,22.0,Comedy,23.0,10.0,2008.0
56,It's Always Sunny in Philadelphia,4,8,TV Series,8.5,2993,8.8,249113,22.0,Comedy,16.0,10.0,2008.0
56,It's Always Sunny in Philadelphia,4,7,TV Series,8.3,3425,8.8,249113,22.0,Comedy,9.0,10.0,2008.0
56,It's Always Sunny in Philadelphia,4,6,TV Series,8.6,3068,8.8,249113,22.0,Comedy,2.0,10.0,2008.0
56,It's Always Sunny in Philadelphia,4,5,TV Series,9.0,3501,8.8,249113,22.0,Comedy,2.0,10.0,2008.0
56,It's Always Sunny in Philadelphia,4,4,TV Series,8.5,3051,8.8,249113,22.0,Comedy,25.0,9.0,2008.0
56,It's Always Sunny in Philadelphia,2,3,TV Series,9.0,4744,8.8,249113,22.0,Comedy,6.0,7.0,2006.0
56,It's Always Sunny in Philadelphia,1,3,TV Series,8.2,4419,8.8,249113,22.0,Comedy,16.0,8.0,2005.0
56,It's Always Sunny in Philadelphia,1,6,TV Series,8.0,3806,8.8,249113,22.0,Comedy,6.0,9.0,2005.0
56,It's Always Sunny in Philadelphia,1,7,TV Series,8.4,4091,8.8,249113,22.0,Comedy,13.0,9.0,2005.0
56,It's Always Sunny in Philadelphia,2,1,TV Series,8.5,3997,8.8,249113,22.0,Comedy,29.0,6.0,2006.0
56,It's Always Sunny in Philadelphia,2,2,TV Series,8.6,4020,8.8,249113,22.0,Comedy,29.0,6.0,2006.0
56,It's Always Sunny in Philadelphia,3,1,TV Series,8.5,3709,8.8,249113,22.0,Comedy,13.0,9.0,2007.0
56,It's Always Sunny in Philadelphia,2,4,TV Series,9.2,5015,8.8,249113,22.0,Comedy,6.0,7.0,2006.0
56,It's Always Sunny in Philadelphia,1,4,TV Series,8.0,4095,8.8,249113,22.0,Comedy,23.0,8.0,2005.0
56,It's Always Sunny in Philadelphia,1,5,TV Series,7.8,3887,8.8,249113,22.0,Comedy,30.0,8.0,2005.0
56,It's Always Sunny in Philadelphia,1,1,TV Series,8.1,5086,8.8,249113,22.0,Comedy,4.0,8.0,2005.0
56,It's Always Sunny in Philadelphia,1,2,TV Series,8.2,4520,8.8,249113,22.0,Comedy,11.0,8.0,2005.0
57,Monty Python's Flying Circus,1,1,TV Series,7.9,1645,8.8,78355,30.0,Comedy,2.0,10.0,2018.0
57,Monty Python's Flying Circus,1,2,TV Series,7.7,1359,8.8,78355,30.0,Comedy,12.0,10.0,1969.0
57,Monty Python's Flying Circus,1,4,TV Series,7.9,1204,8.8,78355,30.0,Comedy,26.0,10.0,1969.0
57,Monty Python's Flying Circus,1,3,TV Series,8.5,1409,8.8,78355,30.0,Comedy,19.0,10.0,1969.0
57,Monty Python's Flying Circus,1,6,TV Series,8.0,1140,8.8,78355,30.0,Comedy,23.0,11.0,1969.0
57,Monty Python's Flying Circus,1,5,TV Series,8.1,1198,8.8,78355,30.0,Comedy,16.0,11.0,1969.0
57,Monty Python's Flying Circus,1,7,TV Series,7.7,1161,8.8,78355,30.0,Comedy,30.0,11.0,1969.0
57,Monty Python's Flying Circus,3,12,TV Series,7.9,758,8.8,78355,30.0,Comedy,11.0,1.0,1973.0
57,Monty Python's Flying Circus,3,9,TV Series,7.9,774,8.8,78355,30.0,Comedy,14.0,12.0,1972.0
57,Monty Python's Flying Circus,3,8,TV Series,8.2,864,8.8,78355,30.0,Comedy,7.0,12.0,1972.0
57,Monty Python's Flying Circus,3,11,TV Series,8.2,801,8.8,78355,30.0,Comedy,4.0,1.0,1973.0
57,Monty Python's Flying Circus,3,10,TV Series,7.9,752,8.8,78355,30.0,Comedy,21.0,12.0,1972.0
57,Monty Python's Flying Circus,3,5,TV Series,7.7,788,8.8,78355,30.0,Comedy,16.0,11.0,1972.0
57,Monty Python's Flying Circus,3,4,TV Series,8.1,806,8.8,78355,30.0,Comedy,9.0,11.0,1972.0
57,Monty Python's Flying Circus,3,3,TV Series,8.2,827,8.8,78355,30.0,Comedy,2.0,11.0,1972.0
57,Monty Python's Flying Circus,3,2,TV Series,8.0,815,8.8,78355,30.0,Comedy,26.0,10.0,1972.0
57,Monty Python's Flying Circus,3,1,TV Series,7.8,819,8.8,78355,30.0,Comedy,19.0,10.0,1972.0
57,Monty Python's Flying Circus,2,13,TV Series,8.2,848,8.8,78355,30.0,Comedy,22.0,12.0,1970.0
57,Monty Python's Flying Circus,3,7,TV Series,8.2,808,8.8,78355,30.0,Comedy,30.0,11.0,1972.0
57,Monty Python's Flying Circus,3,6,TV Series,7.8,777,8.8,78355,30.0,Comedy,23.0,11.0,1972.0
57,Monty Python's Flying Circus,2,10,TV Series,7.6,884,8.8,78355,30.0,Comedy,1.0,12.0,1970.0
57,Monty Python's Flying Circus,1,8,TV Series,8.6,1211,8.8,78355,30.0,Comedy,7.0,12.0,1969.0
57,Monty Python's Flying Circus,1,10,TV Series,7.7,1040,8.8,78355,30.0,Comedy,21.0,12.0,1969.0
57,Monty Python's Flying Circus,1,9,TV Series,8.3,1115,8.8,78355,30.0,Comedy,14.0,12.0,1969.0
57,Monty Python's Flying Circus,1,12,TV Series,8.4,1049,8.8,78355,30.0,Comedy,4.0,1.0,1970.0
57,Monty Python's Flying Circus,1,13,TV Series,7.9,991,8.8,78355,30.0,Comedy,11.0,1.0,1970.0
57,Monty Python's Flying Circus,2,1,TV Series,8.5,1046,8.8,78355,30.0,Comedy,15.0,9.0,1970.0
57,Monty Python's Flying Circus,1,11,TV Series,7.8,1032,8.8,78355,30.0,Comedy,28.0,12.0,1969.0
57,Monty Python's Flying Circus,2,2,TV Series,8.9,1252,8.8,78355,30.0,Comedy,22.0,9.0,1970.0
57,Monty Python's Flying Circus,2,3,TV Series,8.2,933,8.8,78355,30.0,Comedy,29.0,9.0,1970.0
57,Monty Python's Flying Circus,2,5,TV Series,7.9,895,8.8,78355,30.0,Comedy,27.0,10.0,1970.0
57,Monty Python's Flying Circus,2,4,TV Series,8.2,927,8.8,78355,30.0,Comedy,20.0,10.0,1970.0
57,Monty Python's Flying Circus,2,6,TV Series,7.8,881,8.8,78355,30.0,Comedy,3.0,11.0,1970.0
57,Monty Python's Flying Circus,2,7,TV Series,7.8,876,8.8,78355,30.0,Comedy,10.0,11.0,1970.0
57,Monty Python's Flying Circus,2,8,TV Series,8.0,870,8.8,78355,30.0,Comedy,17.0,11.0,1970.0
57,Monty Python's Flying Circus,2,9,TV Series,8.1,881,8.8,78355,30.0,Comedy,24.0,11.0,1970.0
57,Monty Python's Flying Circus,2,11,TV Series,8.3,885,8.8,78355,30.0,Comedy,8.0,12.0,1970.0
57,Monty Python's Flying Circus,2,12,TV Series,8.6,923,8.8,78355,30.0,Comedy,15.0,12.0,1970.0
57,Monty Python's Flying Circus,4,1,TV Series,7.2,827,8.8,78355,30.0,Comedy,31.0,10.0,1974.0
57,Monty Python's Flying Circus,3,13,TV Series,7.6,736,8.8,78355,30.0,Comedy,18.0,1.0,1973.0
57,Monty Python's Flying Circus,4,5,TV Series,7.3,743,8.8,78355,30.0,Comedy,28.0,11.0,1974.0
57,Monty Python's Flying Circus,4,4,TV Series,7.2,742,8.8,78355,30.0,Comedy,21.0,11.0,1974.0
57,Monty Python's Flying Circus,4,6,TV Series,7.3,740,8.8,78355,30.0,Comedy,5.0,12.0,1974.0
57,Monty Python's Flying Circus,4,2,TV Series,7.7,803,8.8,78355,30.0,Comedy,7.0,11.0,1974.0
57,Monty Python's Flying Circus,4,3,TV Series,7.5,763,8.8,78355,30.0,Comedy,14.0,11.0,1974.0
58,The West Wing,3,7,TV Series,7.9,815,8.9,84633,44.0,Drama,14.0,11.0,2001.0
58,The West Wing,3,8,TV Series,8.2,872,8.9,84633,44.0,Drama,21.0,11.0,2001.0
58,The West Wing,3,9,TV Series,8.0,860,8.9,84633,44.0,Drama,28.0,11.0,2001.0
58,The West Wing,3,10,TV Series,9.1,1135,8.9,84633,44.0,Drama,12.0,12.0,2001.0
58,The West Wing,3,11,TV Series,8.1,808,8.9,84633,44.0,Drama,9.0,1.0,2002.0
58,The West Wing,3,12,TV Series,8.0,1145,8.9,84633,44.0,Drama,16.0,1.0,2002.0
58,The West Wing,4,23,TV Series,9.2,1087,8.9,84633,44.0,Drama,14.0,5.0,2003.0
58,The West Wing,3,14,TV Series,8.2,883,8.9,84633,44.0,Drama,6.0,2.0,2002.0
58,The West Wing,3,15,TV Series,8.5,906,8.9,84633,44.0,Drama,27.0,2.0,2002.0
58,The West Wing,3,16,TV Series,8.2,856,8.9,84633,44.0,Drama,6.0,3.0,2002.0
58,The West Wing,3,17,TV Series,8.0,827,8.9,84633,44.0,Drama,27.0,3.0,2002.0
58,The West Wing,3,18,TV Series,8.3,793,8.9,84633,44.0,Drama,3.0,4.0,2002.0
58,The West Wing,3,19,TV Series,8.4,834,8.9,84633,44.0,Drama,1.0,5.0,2002.0
58,The West Wing,3,20,TV Series,8.1,828,8.9,84633,44.0,Drama,8.0,5.0,2002.0
58,The West Wing,3,21,TV Series,8.3,821,8.9,84633,44.0,Drama,15.0,5.0,2002.0
58,The West Wing,3,22,TV Series,9.0,1230,8.9,84633,44.0,Drama,22.0,5.0,2002.0
58,The West Wing,5,10,TV Series,7.5,704,8.9,84633,44.0,Drama,7.0,1.0,2004.0
58,The West Wing,5,11,TV Series,7.6,678,8.9,84633,44.0,Drama,14.0,1.0,2004.0
58,The West Wing,5,12,TV Series,8.0,695,8.9,84633,44.0,Drama,4.0,2.0,2004.0
58,The West Wing,5,13,TV Series,7.7,691,8.9,84633,44.0,Drama,11.0,2.0,2004.0
58,The West Wing,5,14,TV Series,7.6,670,8.9,84633,44.0,Drama,18.0,2.0,2004.0
58,The West Wing,5,15,TV Series,7.8,653,8.9,84633,44.0,Drama,25.0,2.0,2004.0
58,The West Wing,5,16,TV Series,7.6,652,8.9,84633,44.0,Drama,3.0,3.0,2004.0
58,The West Wing,4,8,TV Series,7.9,733,8.9,84633,44.0,Drama,13.0,11.0,2002.0
58,The West Wing,4,9,TV Series,7.6,704,8.9,84633,44.0,Drama,20.0,11.0,2002.0
58,The West Wing,4,10,TV Series,7.8,712,8.9,84633,44.0,Drama,27.0,11.0,2002.0
58,The West Wing,4,11,TV Series,8.2,805,8.9,84633,44.0,Drama,11.0,12.0,2002.0
58,The West Wing,4,12,TV Series,7.7,697,8.9,84633,44.0,Drama,8.0,1.0,2003.0
58,The West Wing,4,13,TV Series,7.6,927,8.9,84633,44.0,Drama,15.0,1.0,2003.0
58,The West Wing,4,14,TV Series,8.0,706,8.9,84633,44.0,Drama,5.0,2.0,2003.0
58,The West Wing,4,15,TV Series,8.3,729,8.9,84633,44.0,Drama,12.0,2.0,2003.0
58,The West Wing,4,16,TV Series,7.9,704,8.9,84633,44.0,Drama,19.0,2.0,2003.0
58,The West Wing,6,4,TV Series,8.3,694,8.9,84633,44.0,Drama,10.0,11.0,2004.0
58,The West Wing,6,5,TV Series,7.7,644,8.9,84633,44.0,Drama,17.0,11.0,2004.0
58,The West Wing,6,6,TV Series,7.5,611,8.9,84633,44.0,Drama,24.0,11.0,2004.0
58,The West Wing,6,7,TV Series,7.7,620,8.9,84633,44.0,Drama,1.0,12.0,2004.0
58,The West Wing,6,8,TV Series,8.3,668,8.9,84633,44.0,Drama,8.0,12.0,2004.0
58,The West Wing,6,9,TV Series,8.5,678,8.9,84633,44.0,Drama,15.0,12.0,2004.0
58,The West Wing,6,10,TV Series,8.0,642,8.9,84633,44.0,Drama,5.0,1.0,2005.0
58,The West Wing,5,1,TV Series,8.6,860,8.9,84633,44.0,Drama,24.0,9.0,2003.0
58,The West Wing,5,2,TV Series,8.1,760,8.9,84633,44.0,Drama,1.0,10.0,2003.0
58,The West Wing,5,3,TV Series,7.5,724,8.9,84633,44.0,Drama,8.0,10.0,2003.0
58,The West Wing,5,4,TV Series,7.8,763,8.9,84633,44.0,Drama,22.0,10.0,2003.0
58,The West Wing,5,5,TV Series,7.5,712,8.9,84633,44.0,Drama,29.0,10.0,2003.0
58,The West Wing,5,6,TV Series,7.6,682,8.9,84633,44.0,Drama,5.0,11.0,2003.0
58,The West Wing,5,7,TV Series,8.0,712,8.9,84633,44.0,Drama,12.0,11.0,2003.0
58,The West Wing,5,8,TV Series,8.6,831,8.9,84633,44.0,Drama,19.0,11.0,2003.0
58,The West Wing,5,9,TV Series,7.6,680,8.9,84633,44.0,Drama,3.0,12.0,2003.0
58,The West Wing,6,20,TV Series,8.2,648,8.9,84633,44.0,Drama,23.0,3.0,2005.0
58,The West Wing,6,21,TV Series,8.0,616,8.9,84633,44.0,Drama,30.0,3.0,2005.0
58,The West Wing,6,22,TV Series,8.9,768,8.9,84633,44.0,Drama,6.0,4.0,2005.0
58,The West Wing,7,1,TV Series,7.9,695,8.9,84633,44.0,Drama,25.0,9.0,2005.0
58,The West Wing,7,2,TV Series,7.8,654,8.9,84633,44.0,Drama,2.0,10.0,2005.0
58,The West Wing,7,3,TV Series,7.8,624,8.9,84633,44.0,Drama,9.0,10.0,2005.0
58,The West Wing,7,4,TV Series,7.9,630,8.9,84633,44.0,Drama,16.0,10.0,2005.0
58,The West Wing,5,17,TV Series,9.2,1212,8.9,84633,44.0,Drama,24.0,3.0,2004.0
58,The West Wing,5,18,TV Series,7.1,816,8.9,84633,44.0,Drama,31.0,3.0,2004.0
58,The West Wing,5,19,TV Series,7.6,640,8.9,84633,44.0,Drama,21.0,4.0,2004.0
58,The West Wing,5,20,TV Series,7.9,698,8.9,84633,44.0,Drama,28.0,4.0,2004.0
58,The West Wing,5,21,TV Series,8.4,750,8.9,84633,44.0,Drama,12.0,5.0,2004.0
58,The West Wing,5,22,TV Series,8.2,699,8.9,84633,44.0,Drama,19.0,5.0,2004.0
58,The West Wing,6,1,TV Series,8.0,703,8.9,84633,44.0,Drama,20.0,10.0,2004.0
58,The West Wing,6,2,TV Series,8.3,712,8.9,84633,44.0,Drama,27.0,10.0,2004.0
58,The West Wing,6,3,TV Series,8.0,656,8.9,84633,44.0,Drama,3.0,11.0,2004.0
58,The West Wing,7,14,TV Series,8.0,612,8.9,84633,44.0,Drama,19.0,3.0,2006.0
58,The West Wing,7,15,TV Series,7.7,631,8.9,84633,44.0,Drama,26.0,3.0,2006.0
58,The West Wing,7,16,TV Series,8.6,739,8.9,84633,44.0,Drama,2.0,4.0,2006.0
58,The West Wing,7,17,TV Series,9.1,831,8.9,84633,44.0,Drama,9.0,4.0,2006.0
58,The West Wing,7,18,TV Series,8.8,832,8.9,84633,44.0,Drama,16.0,4.0,2006.0
58,The West Wing,7,19,TV Series,8.5,662,8.9,84633,44.0,Drama,23.0,4.0,2006.0
58,The West Wing,7,20,TV Series,8.3,663,8.9,84633,44.0,Drama,30.0,4.0,2006.0
58,The West Wing,6,11,TV Series,7.8,656,8.9,84633,44.0,Drama,12.0,1.0,2005.0
58,The West Wing,6,12,TV Series,7.7,620,8.9,84633,44.0,Drama,19.0,1.0,2005.0
58,The West Wing,6,13,TV Series,7.9,683,8.9,84633,44.0,Drama,26.0,1.0,2005.0
58,The West Wing,6,14,TV Series,7.6,653,8.9,84633,44.0,Drama,9.0,2.0,2005.0
58,The West Wing,6,15,TV Series,8.2,643,8.9,84633,44.0,Drama,16.0,2.0,2005.0
58,The West Wing,6,16,TV Series,8.0,706,8.9,84633,44.0,Drama,23.0,2.0,2005.0
58,The West Wing,6,17,TV Series,8.4,713,8.9,84633,44.0,Drama,2.0,3.0,2005.0
58,The West Wing,6,18,TV Series,8.2,629,8.9,84633,44.0,Drama,9.0,3.0,2005.0
58,The West Wing,6,19,TV Series,7.2,633,8.9,84633,44.0,Drama,16.0,3.0,2005.0
58,The West Wing,2,5,TV Series,8.4,1107,8.9,84633,44.0,Drama,1.0,11.0,2000.0
58,The West Wing,2,6,TV Series,7.6,961,8.9,84633,44.0,Drama,8.0,11.0,2000.0
58,The West Wing,2,7,TV Series,7.8,971,8.9,84633,44.0,Drama,15.0,11.0,2000.0
58,The West Wing,2,8,TV Series,8.4,1268,8.9,84633,44.0,Drama,22.0,11.0,2000.0
58,The West Wing,2,9,TV Series,8.2,1022,8.9,84633,44.0,Drama,29.0,11.0,2000.0
58,The West Wing,2,10,TV Series,9.4,1919,8.9,84633,44.0,Drama,20.0,12.0,2000.0
58,The West Wing,2,11,TV Series,7.9,933,8.9,84633,44.0,Drama,10.0,1.0,2001.0
58,The West Wing,2,12,TV Series,7.8,916,8.9,84633,44.0,Drama,24.0,1.0,2001.0
58,The West Wing,4,1,TV Series,8.6,1050,8.9,84633,44.0,Drama,25.0,9.0,2002.0
58,The West Wing,4,2,TV Series,8.8,854,8.9,84633,44.0,Drama,25.0,9.0,2002.0
58,The West Wing,4,3,TV Series,7.9,773,8.9,84633,44.0,Drama,2.0,10.0,2002.0
58,The West Wing,4,4,TV Series,7.7,735,8.9,84633,44.0,Drama,9.0,10.0,2002.0
58,The West Wing,4,5,TV Series,8.1,801,8.9,84633,44.0,Drama,16.0,10.0,2002.0
58,The West Wing,4,6,TV Series,8.9,924,8.9,84633,44.0,Drama,30.0,10.0,2002.0
58,The West Wing,4,7,TV Series,8.6,808,8.9,84633,44.0,Drama,6.0,11.0,2002.0
58,The West Wing,2,20,TV Series,8.4,949,8.9,84633,44.0,Drama,2.0,5.0,2001.0
58,The West Wing,7,5,TV Series,8.5,686,8.9,84633,44.0,Drama,23.0,10.0,2005.0
58,The West Wing,7,6,TV Series,7.9,626,8.9,84633,44.0,Drama,30.0,10.0,2005.0
58,The West Wing,7,7,TV Series,8.8,1013,8.9,84633,44.0,Drama,6.0,11.0,2005.0
58,The West Wing,7,8,TV Series,8.0,643,8.9,84633,44.0,Drama,4.0,12.0,2005.0
58,The West Wing,7,9,TV Series,7.8,625,8.9,84633,44.0,Drama,11.0,12.0,2005.0
58,The West Wing,7,10,TV Series,8.2,639,8.9,84633,44.0,Drama,8.0,1.0,2006.0
58,The West Wing,7,11,TV Series,7.9,625,8.9,84633,44.0,Drama,15.0,1.0,2006.0
58,The West Wing,7,12,TV Series,8.4,658,8.9,84633,44.0,Drama,22.0,1.0,2006.0
58,The West Wing,7,13,TV Series,8.2,665,8.9,84633,44.0,Drama,12.0,3.0,2006.0
58,The West Wing,7,21,TV Series,8.6,657,8.9,84633,44.0,Drama,7.0,5.0,2006.0
58,The West Wing,7,22,TV Series,9.0,1033,8.9,84633,44.0,Drama,14.0,5.0,2006.0
58,The West Wing,2,15,TV Series,8.1,977,8.9,84633,44.0,Drama,21.0,2.0,2001.0
58,The West Wing,2,14,TV Series,8.3,957,8.9,84633,44.0,Drama,14.0,2.0,2001.0
58,The West Wing,2,18,TV Series,9.0,1168,8.9,84633,44.0,Drama,4.0,4.0,2001.0
58,The West Wing,2,17,TV Series,8.8,1238,8.9,84633,44.0,Drama,14.0,3.0,2001.0
58,The West Wing,2,16,TV Series,8.6,1130,8.9,84633,44.0,Drama,28.0,2.0,2001.0
58,The West Wing,1,14,TV Series,8.8,1415,8.9,84633,44.0,Drama,9.0,2.0,2000.0
58,The West Wing,1,15,TV Series,8.9,1414,8.9,84633,44.0,Drama,16.0,2.0,2000.0
58,The West Wing,1,16,TV Series,7.8,1116,8.9,84633,44.0,Drama,23.0,2.0,2000.0
58,The West Wing,2,19,TV Series,8.7,1003,8.9,84633,44.0,Drama,25.0,4.0,2001.0
58,The West Wing,1,10,TV Series,9.1,1878,8.9,84633,44.0,Drama,15.0,12.0,1999.0
58,The West Wing,1,11,TV Series,8.1,1183,8.9,84633,44.0,Drama,5.0,1.0,2000.0
58,The West Wing,1,12,TV Series,8.6,1192,8.9,84633,44.0,Drama,12.0,1.0,2000.0
58,The West Wing,1,13,TV Series,8.3,1140,8.9,84633,44.0,Drama,26.0,1.0,2000.0
58,The West Wing,1,18,TV Series,8.1,1119,8.9,84633,44.0,Drama,5.0,4.0,2000.0
58,The West Wing,2,13,TV Series,8.2,962,8.9,84633,44.0,Drama,7.0,2.0,2001.0
58,The West Wing,3,13,TV Series,7.9,808,8.9,84633,44.0,Drama,30.0,1.0,2002.0
58,The West Wing,1,17,TV Series,7.7,1051,8.9,84633,44.0,Drama,22.0,3.0,2000.0
58,The West Wing,2,4,TV Series,8.7,1179,8.9,84633,44.0,Drama,25.0,10.0,2000.0
58,The West Wing,3,1,TV Series,8.2,1312,8.9,84633,44.0,Drama,3.0,10.0,2001.0
58,The West Wing,2,22,TV Series,9.7,3594,8.9,84633,44.0,Drama,16.0,5.0,2001.0
58,The West Wing,2,21,TV Series,9.0,1165,8.9,84633,44.0,Drama,9.0,5.0,2001.0
58,The West Wing,1,21,TV Series,8.5,1100,8.9,84633,44.0,Drama,10.0,5.0,2000.0
58,The West Wing,1,22,TV Series,9.2,1434,8.9,84633,44.0,Drama,17.0,5.0,2000.0
58,The West Wing,2,1,TV Series,9.4,1793,8.9,84633,44.0,Drama,4.0,10.0,2000.0
58,The West Wing,3,2,TV Series,8.1,923,8.9,84633,44.0,Drama,10.0,10.0,2001.0
58,The West Wing,3,3,TV Series,8.1,882,8.9,84633,44.0,Drama,17.0,10.0,2001.0
58,The West Wing,3,4,TV Series,7.8,836,8.9,84633,44.0,Drama,24.0,10.0,2001.0
58,The West Wing,3,5,TV Series,8.0,808,8.9,84633,44.0,Drama,31.0,10.0,2001.0
58,The West Wing,3,6,TV Series,8.0,814,8.9,84633,44.0,Drama,7.0,11.0,2001.0
58,The West Wing,4,17,TV Series,7.8,700,8.9,84633,44.0,Drama,26.0,2.0,2003.0
58,The West Wing,4,18,TV Series,7.4,733,8.9,84633,44.0,Drama,26.0,3.0,2003.0
58,The West Wing,4,19,TV Series,7.7,705,8.9,84633,44.0,Drama,2.0,4.0,2003.0
58,The West Wing,4,20,TV Series,8.2,770,8.9,84633,44.0,Drama,23.0,4.0,2003.0
58,The West Wing,4,21,TV Series,8.6,852,8.9,84633,44.0,Drama,30.0,4.0,2003.0
58,The West Wing,4,22,TV Series,9.0,1018,8.9,84633,44.0,Drama,7.0,5.0,2003.0
58,The West Wing,1,19,TV Series,8.9,1305,8.9,84633,44.0,Drama,26.0,4.0,2000.0
58,The West Wing,1,20,TV Series,8.2,1076,8.9,84633,44.0,Drama,3.0,5.0,2000.0
58,The West Wing,1,4,TV Series,8.1,1299,8.9,84633,44.0,Drama,13.0,10.0,1999.0
58,The West Wing,1,5,TV Series,8.5,1448,8.9,84633,44.0,Drama,20.0,10.0,1999.0
58,The West Wing,1,6,TV Series,8.6,1419,8.9,84633,44.0,Drama,3.0,11.0,1999.0
58,The West Wing,2,2,TV Series,9.3,1553,8.9,84633,44.0,Drama,4.0,10.0,2000.0
58,The West Wing,2,3,TV Series,8.3,1143,8.9,84633,44.0,Drama,18.0,10.0,2000.0
58,The West Wing,1,1,TV Series,8.5,1996,8.9,84633,44.0,Drama,22.0,9.0,1999.0
58,The West Wing,1,2,TV Series,8.0,1448,8.9,84633,44.0,Drama,29.0,9.0,1999.0
58,The West Wing,1,3,TV Series,8.6,1424,8.9,84633,44.0,Drama,6.0,10.0,1999.0
58,The West Wing,1,8,TV Series,7.9,1167,8.9,84633,44.0,Drama,17.0,11.0,1999.0
58,The West Wing,1,9,TV Series,8.6,1247,8.9,84633,44.0,Drama,24.0,11.0,1999.0
58,The West Wing,1,7,TV Series,8.2,1231,8.9,84633,44.0,Drama,10.0,11.0,1999.0
59,Das Boot,1,2,TV Mini Series,8.6,357,8.8,33093,293.0,"Drama ,War",27.0,2.0,1985.0
59,Das Boot,1,3,TV Mini Series,8.9,330,8.8,33093,293.0,"Drama ,War",3.0,3.0,1985.0
59,Das Boot,1,1,TV Mini Series,8.5,380,8.8,33093,293.0,"Drama ,War",26.0,8.0,1996.0
60,Curb Your Enthusiasm,8,4,TV Series,7.8,1452,8.8,142212,28.0,Comedy,31.0,7.0,2011.0
60,Curb Your Enthusiasm,8,3,TV Series,9.2,2703,8.8,142212,28.0,Comedy,24.0,7.0,2011.0
60,Curb Your Enthusiasm,8,2,TV Series,8.2,1557,8.8,142212,28.0,Comedy,17.0,7.0,2011.0
60,Curb Your Enthusiasm,8,1,TV Series,8.1,1574,8.8,142212,28.0,Comedy,10.0,7.0,2011.0
60,Curb Your Enthusiasm,7,10,TV Series,9.2,2232,8.8,142212,28.0,Comedy,22.0,11.0,2009.0
60,Curb Your Enthusiasm,7,9,TV Series,9.1,2058,8.8,142212,28.0,Comedy,15.0,11.0,2009.0
60,Curb Your Enthusiasm,4,6,TV Series,9.1,2355,8.8,142212,28.0,Comedy,8.0,2.0,2004.0
60,Curb Your Enthusiasm,4,5,TV Series,8.4,1670,8.8,142212,28.0,Comedy,1.0,2.0,2004.0
60,Curb Your Enthusiasm,4,4,TV Series,8.1,1655,8.8,142212,28.0,Comedy,25.0,1.0,2004.0
60,Curb Your Enthusiasm,4,3,TV Series,8.0,1776,8.8,142212,28.0,Comedy,18.0,1.0,2004.0
60,Curb Your Enthusiasm,4,2,TV Series,8.2,1680,8.8,142212,28.0,Comedy,11.0,1.0,2004.0
60,Curb Your Enthusiasm,4,1,TV Series,7.8,1656,8.8,142212,28.0,Comedy,4.0,1.0,2004.0
60,Curb Your Enthusiasm,3,10,TV Series,9.0,2302,8.8,142212,28.0,Comedy,17.0,11.0,2002.0
60,Curb Your Enthusiasm,3,9,TV Series,8.0,1704,8.8,142212,28.0,Comedy,10.0,11.0,2002.0
60,Curb Your Enthusiasm,3,8,TV Series,8.8,2275,8.8,142212,28.0,Comedy,3.0,11.0,2002.0
60,Curb Your Enthusiasm,6,9,TV Series,8.9,1834,8.8,142212,28.0,Comedy,4.0,11.0,2007.0
60,Curb Your Enthusiasm,9,10,TV Series,8.5,1430,8.8,142212,28.0,Comedy,3.0,12.0,2017.0
60,Curb Your Enthusiasm,9,9,TV Series,8.0,1326,8.8,142212,28.0,Comedy,26.0,11.0,2017.0
60,Curb Your Enthusiasm,9,8,TV Series,8.4,1437,8.8,142212,28.0,Comedy,19.0,11.0,2017.0
60,Curb Your Enthusiasm,9,7,TV Series,8.2,1407,8.8,142212,28.0,Comedy,12.0,11.0,2017.0
60,Curb Your Enthusiasm,9,6,TV Series,9.0,1917,8.8,142212,28.0,Comedy,5.0,11.0,2017.0
60,Curb Your Enthusiasm,9,5,TV Series,7.9,1507,8.8,142212,28.0,Comedy,29.0,10.0,2017.0
60,Curb Your Enthusiasm,6,2,TV Series,8.6,1715,8.8,142212,28.0,Comedy,16.0,9.0,2007.0
60,Curb Your Enthusiasm,6,1,TV Series,8.2,1699,8.8,142212,28.0,Comedy,9.0,9.0,2007.0
60,Curb Your Enthusiasm,5,10,TV Series,8.3,1839,8.8,142212,28.0,Comedy,4.0,12.0,2005.0
60,Curb Your Enthusiasm,5,9,TV Series,8.0,1532,8.8,142212,28.0,Comedy,27.0,11.0,2005.0
60,Curb Your Enthusiasm,5,8,TV Series,9.0,2134,8.8,142212,28.0,Comedy,20.0,11.0,2005.0
60,Curb Your Enthusiasm,5,7,TV Series,8.4,1607,8.8,142212,28.0,Comedy,13.0,11.0,2005.0
60,Curb Your Enthusiasm,5,6,TV Series,7.7,1545,8.8,142212,28.0,Comedy,6.0,11.0,2005.0
60,Curb Your Enthusiasm,5,5,TV Series,8.4,1615,8.8,142212,28.0,Comedy,30.0,10.0,2005.0
60,Curb Your Enthusiasm,5,4,TV Series,8.1,1648,8.8,142212,28.0,Comedy,16.0,10.0,2005.0
60,Curb Your Enthusiasm,8,5,TV Series,8.4,1523,8.8,142212,28.0,Comedy,7.0,8.0,2011.0
60,Curb Your Enthusiasm,11,6,TV Series,7.7,1280,8.8,142212,28.0,Comedy,28.0,11.0,2021.0
60,Curb Your Enthusiasm,11,5,TV Series,8.0,1383,8.8,142212,28.0,Comedy,21.0,11.0,2021.0
60,Curb Your Enthusiasm,11,4,TV Series,8.7,1926,8.8,142212,28.0,Comedy,14.0,11.0,2021.0
60,Curb Your Enthusiasm,11,3,TV Series,7.7,1401,8.8,142212,28.0,Comedy,7.0,11.0,2021.0
60,Curb Your Enthusiasm,11,2,TV Series,7.3,1539,8.8,142212,28.0,Comedy,31.0,10.0,2021.0
60,Curb Your Enthusiasm,11,1,TV Series,8.2,2036,8.8,142212,28.0,Comedy,24.0,10.0,2021.0
60,Curb Your Enthusiasm,7,8,TV Series,8.3,1605,8.8,142212,28.0,Comedy,8.0,11.0,2009.0
60,Curb Your Enthusiasm,7,7,TV Series,8.7,1776,8.8,142212,28.0,Comedy,1.0,11.0,2009.0
60,Curb Your Enthusiasm,7,6,TV Series,8.2,1755,8.8,142212,28.0,Comedy,25.0,10.0,2009.0
60,Curb Your Enthusiasm,7,5,TV Series,9.1,2167,8.8,142212,28.0,Comedy,18.0,10.0,2009.0
60,Curb Your Enthusiasm,7,4,TV Series,8.2,1593,8.8,142212,28.0,Comedy,11.0,10.0,2009.0
60,Curb Your Enthusiasm,7,3,TV Series,8.5,1718,8.8,142212,28.0,Comedy,4.0,10.0,2009.0
60,Curb Your Enthusiasm,7,2,TV Series,8.8,1827,8.8,142212,28.0,Comedy,27.0,9.0,2009.0
60,Curb Your Enthusiasm,7,1,TV Series,8.3,1742,8.8,142212,28.0,Comedy,20.0,9.0,2009.0
60,Curb Your Enthusiasm,6,10,TV Series,9.0,1941,8.8,142212,28.0,Comedy,11.0,11.0,2007.0
60,Curb Your Enthusiasm,10,1,TV Series,9.1,2710,8.8,142212,28.0,Comedy,19.0,1.0,2020.0
60,Curb Your Enthusiasm,10,2,TV Series,8.0,1633,8.8,142212,28.0,Comedy,26.0,1.0,2020.0
60,Curb Your Enthusiasm,12,10,TV Series,7.7,0,8.8,142212,28.0,Comedy,7.0,4.0,2024.0
60,Curb Your Enthusiasm,12,9,TV Series,7.7,0,8.8,142212,28.0,Comedy,31.0,3.0,2024.0
60,Curb Your Enthusiasm,12,8,TV Series,7.7,0,8.8,142212,28.0,Comedy,24.0,3.0,2024.0
60,Curb Your Enthusiasm,12,7,TV Series,7.7,0,8.8,142212,28.0,Comedy,17.0,3.0,2024.0
60,Curb Your Enthusiasm,9,4,TV Series,8.3,1506,8.8,142212,28.0,Comedy,22.0,10.0,2017.0
60,Curb Your Enthusiasm,9,3,TV Series,8.4,1611,8.8,142212,28.0,Comedy,15.0,10.0,2017.0
60,Curb Your Enthusiasm,9,2,TV Series,8.2,1639,8.8,142212,28.0,Comedy,8.0,10.0,2017.0
60,Curb Your Enthusiasm,9,1,TV Series,8.6,2137,8.8,142212,28.0,Comedy,1.0,10.0,2017.0
60,Curb Your Enthusiasm,8,10,TV Series,8.9,1873,8.8,142212,28.0,Comedy,11.0,9.0,2011.0
60,Curb Your Enthusiasm,8,9,TV Series,8.7,1689,8.8,142212,28.0,Comedy,4.0,9.0,2011.0
60,Curb Your Enthusiasm,8,8,TV Series,7.9,1418,8.8,142212,28.0,Comedy,28.0,8.0,2011.0
60,Curb Your Enthusiasm,8,7,TV Series,7.9,1489,8.8,142212,28.0,Comedy,21.0,8.0,2011.0
60,Curb Your Enthusiasm,8,6,TV Series,8.6,1571,8.8,142212,28.0,Comedy,14.0,8.0,2011.0
60,Curb Your Enthusiasm,11,7,TV Series,7.8,1290,8.8,142212,28.0,Comedy,5.0,12.0,2021.0
60,Curb Your Enthusiasm,6,8,TV Series,8.7,1796,8.8,142212,28.0,Comedy,28.0,10.0,2007.0
60,Curb Your Enthusiasm,6,7,TV Series,8.2,1594,8.8,142212,28.0,Comedy,21.0,10.0,2007.0
60,Curb Your Enthusiasm,6,6,TV Series,8.5,1658,8.8,142212,28.0,Comedy,14.0,10.0,2007.0
60,Curb Your Enthusiasm,6,5,TV Series,8.5,1713,8.8,142212,28.0,Comedy,7.0,10.0,2007.0
60,Curb Your Enthusiasm,6,4,TV Series,8.1,1560,8.8,142212,28.0,Comedy,30.0,9.0,2007.0
60,Curb Your Enthusiasm,6,3,TV Series,8.7,1766,8.8,142212,28.0,Comedy,23.0,9.0,2007.0
60,Curb Your Enthusiasm,2,10,TV Series,8.1,1791,8.8,142212,28.0,Comedy,25.0,11.0,2001.0
60,Curb Your Enthusiasm,2,9,TV Series,8.2,1881,8.8,142212,28.0,Comedy,18.0,11.0,2001.0
60,Curb Your Enthusiasm,2,8,TV Series,8.7,2123,8.8,142212,28.0,Comedy,11.0,11.0,2001.0
60,Curb Your Enthusiasm,2,7,TV Series,9.2,3060,8.8,142212,28.0,Comedy,4.0,11.0,2001.0
60,Curb Your Enthusiasm,2,6,TV Series,7.5,1834,8.8,142212,28.0,Comedy,28.0,10.0,2001.0
60,Curb Your Enthusiasm,2,5,TV Series,7.8,1875,8.8,142212,28.0,Comedy,21.0,10.0,2001.0
60,Curb Your Enthusiasm,2,4,TV Series,8.3,1981,8.8,142212,28.0,Comedy,14.0,10.0,2001.0
60,Curb Your Enthusiasm,2,3,TV Series,8.7,2268,8.8,142212,28.0,Comedy,7.0,10.0,2001.0
60,Curb Your Enthusiasm,2,2,TV Series,8.4,2078,8.8,142212,28.0,Comedy,30.0,9.0,2001.0
60,Curb Your Enthusiasm,5,3,TV Series,8.3,1673,8.8,142212,28.0,Comedy,9.0,10.0,2005.0
60,Curb Your Enthusiasm,10,3,TV Series,8.2,1684,8.8,142212,28.0,Comedy,2.0,2.0,2020.0
60,Curb Your Enthusiasm,12,6,TV Series,7.7,0,8.8,142212,28.0,Comedy,10.0,3.0,2024.0
60,Curb Your Enthusiasm,12,5,TV Series,7.7,0,8.8,142212,28.0,Comedy,3.0,3.0,2024.0
60,Curb Your Enthusiasm,12,4,TV Series,7.7,0,8.8,142212,28.0,Comedy,25.0,2.0,2024.0
60,Curb Your Enthusiasm,12,3,TV Series,8.5,525,8.8,142212,28.0,Comedy,18.0,2.0,2024.0
60,Curb Your Enthusiasm,12,2,TV Series,7.7,662,8.8,142212,28.0,Comedy,11.0,2.0,2024.0
60,Curb Your Enthusiasm,12,1,TV Series,7.7,1096,8.8,142212,28.0,Comedy,4.0,2.0,2024.0
60,Curb Your Enthusiasm,11,10,TV Series,7.7,1344,8.8,142212,28.0,Comedy,26.0,12.0,2021.0
60,Curb Your Enthusiasm,11,9,TV Series,7.6,1158,8.8,142212,28.0,Comedy,19.0,12.0,2021.0
60,Curb Your Enthusiasm,11,8,TV Series,8.5,1355,8.8,142212,28.0,Comedy,12.0,12.0,2021.0
60,Curb Your Enthusiasm,10,10,TV Series,8.6,1487,8.8,142212,28.0,Comedy,22.0,3.0,2020.0
60,Curb Your Enthusiasm,10,9,TV Series,8.1,1286,8.8,142212,28.0,Comedy,15.0,3.0,2020.0
60,Curb Your Enthusiasm,10,8,TV Series,9.1,1936,8.8,142212,28.0,Comedy,8.0,3.0,2020.0
60,Curb Your Enthusiasm,10,7,TV Series,8.5,1555,8.8,142212,28.0,Comedy,1.0,3.0,2020.0
60,Curb Your Enthusiasm,10,6,TV Series,8.1,1411,8.8,142212,28.0,Comedy,23.0,2.0,2020.0
60,Curb Your Enthusiasm,10,5,TV Series,8.2,1477,8.8,142212,28.0,Comedy,16.0,2.0,2020.0
60,Curb Your Enthusiasm,10,4,TV Series,8.6,1738,8.8,142212,28.0,Comedy,9.0,2.0,2020.0
60,Curb Your Enthusiasm,5,2,TV Series,8.2,1630,8.8,142212,28.0,Comedy,2.0,10.0,2005.0
60,Curb Your Enthusiasm,5,1,TV Series,8.0,1622,8.8,142212,28.0,Comedy,25.0,9.0,2005.0
60,Curb Your Enthusiasm,4,10,TV Series,8.9,2291,8.8,142212,28.0,Comedy,14.0,3.0,2004.0
60,Curb Your Enthusiasm,4,9,TV Series,8.5,1779,8.8,142212,28.0,Comedy,7.0,3.0,2004.0
60,Curb Your Enthusiasm,4,8,TV Series,8.2,1618,8.8,142212,28.0,Comedy,29.0,2.0,2004.0
60,Curb Your Enthusiasm,4,7,TV Series,8.6,1792,8.8,142212,28.0,Comedy,22.0,2.0,2004.0
60,Curb Your Enthusiasm,1,4,TV Series,7.7,2363,8.8,142212,28.0,Comedy,5.0,11.0,2000.0
60,Curb Your Enthusiasm,1,3,TV Series,8.0,2659,8.8,142212,28.0,Comedy,29.0,10.0,2000.0
60,Curb Your Enthusiasm,1,2,TV Series,7.6,2616,8.8,142212,28.0,Comedy,22.0,10.0,2000.0
60,Curb Your Enthusiasm,1,1,TV Series,7.9,3138,8.8,142212,28.0,Comedy,15.0,10.0,2000.0
60,Curb Your Enthusiasm,3,7,TV Series,8.4,1728,8.8,142212,28.0,Comedy,27.0,10.0,2002.0
60,Curb Your Enthusiasm,3,6,TV Series,8.2,1793,8.8,142212,28.0,Comedy,20.0,10.0,2002.0
60,Curb Your Enthusiasm,3,5,TV Series,7.7,1711,8.8,142212,28.0,Comedy,13.0,10.0,2002.0
60,Curb Your Enthusiasm,3,4,TV Series,8.2,1827,8.8,142212,28.0,Comedy,6.0,10.0,2002.0
60,Curb Your Enthusiasm,3,3,TV Series,8.3,1808,8.8,142212,28.0,Comedy,29.0,9.0,2002.0
60,Curb Your Enthusiasm,3,2,TV Series,7.7,1744,8.8,142212,28.0,Comedy,23.0,9.0,2002.0
60,Curb Your Enthusiasm,3,1,TV Series,8.3,1864,8.8,142212,28.0,Comedy,15.0,9.0,2002.0
60,Curb Your Enthusiasm,2,1,TV Series,7.9,1989,8.8,142212,28.0,Comedy,23.0,9.0,2001.0
60,Curb Your Enthusiasm,1,10,TV Series,8.6,2348,8.8,142212,28.0,Comedy,17.0,12.0,2000.0
60,Curb Your Enthusiasm,1,9,TV Series,8.0,2124,8.8,142212,28.0,Comedy,10.0,12.0,2000.0
60,Curb Your Enthusiasm,1,8,TV Series,8.7,2454,8.8,142212,28.0,Comedy,3.0,12.0,2000.0
60,Curb Your Enthusiasm,1,7,TV Series,7.4,2072,8.8,142212,28.0,Comedy,26.0,11.0,2000.0
60,Curb Your Enthusiasm,1,6,TV Series,7.9,2190,8.8,142212,28.0,Comedy,19.0,11.0,2000.0
60,Curb Your Enthusiasm,1,5,TV Series,8.3,2433,8.8,142212,28.0,Comedy,12.0,11.0,2000.0
61,One Piece,1,20,TV Series,7.6,1541,9.0,224477,24.0,"Animation ,Action ,Adventure",12.0,4.0,2000.0
61,One Piece,Unknown,Unknown,TV Series,5.4,1934,9.0,224477,24.0,"Animation ,Action ,Adventure",26.0,12.0,2021.0
61,One Piece,Unknown,Unknown,TV Series,7.8,605,9.0,224477,24.0,"Animation ,Action ,Adventure",4.0,2.0,2024.0
61,One Piece,1,24,TV Series,9.1,3959,9.0,224477,24.0,"Animation ,Action ,Adventure",10.0,5.0,2000.0
61,One Piece,1,25,TV Series,7.5,1431,9.0,224477,24.0,"Animation ,Action ,Adventure",17.0,5.0,2000.0
61,One Piece,1,26,TV Series,8.6,2342,9.0,224477,24.0,"Animation ,Action ,Adventure",24.0,5.0,2000.0
61,One Piece,1,27,TV Series,7.5,1404,9.0,224477,24.0,"Animation ,Action ,Adventure",31.0,5.0,2000.0
61,One Piece,1,28,TV Series,7.6,1379,9.0,224477,24.0,"Animation ,Action ,Adventure",7.0,6.0,2000.0
61,One Piece,1,22,TV Series,7.5,1444,9.0,224477,24.0,"Animation ,Action ,Adventure",26.0,4.0,2000.0
61,One Piece,1,23,TV Series,7.7,1489,9.0,224477,24.0,"Animation ,Action ,Adventure",3.0,5.0,2000.0
61,One Piece,1,21,TV Series,7.6,1480,9.0,224477,24.0,"Animation ,Action ,Adventure",12.0,4.0,2000.0
61,One Piece,1,41,TV Series,8.0,1431,9.0,224477,24.0,"Animation ,Action ,Adventure",13.0,9.0,2000.0
61,One Piece,1,40,TV Series,8.0,1454,9.0,224477,24.0,"Animation ,Action ,Adventure",6.0,9.0,2000.0
61,One Piece,1,39,TV Series,8.0,1474,9.0,224477,24.0,"Animation ,Action ,Adventure",30.0,8.0,2000.0
61,One Piece,1,38,TV Series,8.2,1586,9.0,224477,24.0,"Animation ,Action ,Adventure",23.0,8.0,2000.0
61,One Piece,Unknown,Unknown,TV Series,6.0,1319,9.0,224477,24.0,"Animation ,Action ,Adventure",1.0,5.0,2022.0
61,One Piece,1,37,TV Series,9.2,3977,9.0,224477,24.0,"Animation ,Action ,Adventure",16.0,8.0,2000.0
61,One Piece,1,42,TV Series,8.0,1411,9.0,224477,24.0,"Animation ,Action ,Adventure",27.0,9.0,2000.0
61,One Piece,1,43,TV Series,8.6,2098,9.0,224477,24.0,"Animation ,Action ,Adventure",27.0,9.0,2000.0
61,One Piece,1,44,TV Series,7.9,1425,9.0,224477,24.0,"Animation ,Action ,Adventure",11.0,10.0,2000.0
61,One Piece,Unknown,Unknown,TV Series,5.0,728,9.0,224477,24.0,"Animation ,Action ,Adventure",25.0,12.0,2022.0
61,One Piece,Unknown,Unknown,TV Series,6.9,1629,9.0,224477,24.0,"Animation ,Action ,Adventure",9.0,10.0,2022.0
61,One Piece,Unknown,Unknown,TV Series,5.5,871,9.0,224477,24.0,"Animation ,Action ,Adventure",28.0,8.0,2022.0
61,One Piece,Unknown,Unknown,TV Series,6.0,903,9.0,224477,24.0,"Animation ,Action ,Adventure",26.0,6.0,2022.0
61,One Piece,Unknown,Unknown,TV Series,6.7,1139,9.0,224477,24.0,"Animation ,Action ,Adventure",24.0,12.0,2023.0
61,One Piece,Unknown,Unknown,TV Series,4.2,237,9.0,224477,24.0,"Animation ,Action ,Adventure",8.0,10.0,2023.0
61,One Piece,Unknown,Unknown,TV Series,4.3,227,9.0,224477,24.0,"Animation ,Action ,Adventure",27.0,8.0,2023.0
61,One Piece,Unknown,Unknown,TV Series,5.7,1911,9.0,224477,24.0,"Animation ,Action ,Adventure",14.0,5.0,2023.0
61,One Piece,1,12,TV Series,7.6,1739,9.0,224477,24.0,"Animation ,Action ,Adventure",2.0,2.0,2000.0
61,One Piece,1,11,TV Series,7.3,1769,9.0,224477,24.0,"Animation ,Action ,Adventure",26.0,1.0,2000.0
61,One Piece,1,9,TV Series,7.1,1941,9.0,224477,24.0,"Animation ,Action ,Adventure",12.0,1.0,2000.0
61,One Piece,1,10,TV Series,7.4,1846,9.0,224477,24.0,"Animation ,Action ,Adventure",19.0,1.0,2000.0
61,One Piece,1,48,TV Series,7.8,1384,9.0,224477,24.0,"Animation ,Action ,Adventure",22.0,11.0,2000.0
61,One Piece,1,47,TV Series,6.2,1337,9.0,224477,24.0,"Animation ,Action ,Adventure",8.0,11.0,2000.0
61,One Piece,1,49,TV Series,7.9,1534,9.0,224477,24.0,"Animation ,Action ,Adventure",22.0,11.0,2000.0
61,One Piece,1,50,TV Series,7.4,1322,9.0,224477,24.0,"Animation ,Action ,Adventure",29.0,11.0,2000.0
61,One Piece,1,4,TV Series,8.3,3591,9.0,224477,24.0,"Animation ,Action ,Adventure",8.0,12.0,1999.0
61,One Piece,1,35,TV Series,8.1,1559,9.0,224477,24.0,"Animation ,Action ,Adventure",2.0,8.0,2000.0
61,One Piece,1,46,TV Series,6.3,1347,9.0,224477,24.0,"Animation ,Action ,Adventure",1.0,11.0,2000.0
61,One Piece,1,45,TV Series,7.7,1314,9.0,224477,24.0,"Animation ,Action ,Adventure",25.0,10.0,2000.0
61,One Piece,1,32,TV Series,7.7,1302,9.0,224477,24.0,"Animation ,Action ,Adventure",19.0,7.0,2000.0
61,One Piece,1,33,TV Series,7.8,1422,9.0,224477,24.0,"Animation ,Action ,Adventure",19.0,7.0,2000.0
61,One Piece,1,34,TV Series,7.4,1400,9.0,224477,24.0,"Animation ,Action ,Adventure",26.0,7.0,2000.0
61,One Piece,1,1,TV Series,8.1,19735,9.0,224477,24.0,"Animation ,Action ,Adventure",20.0,10.0,1999.0
61,One Piece,1,3,TV Series,7.6,3038,9.0,224477,24.0,"Animation ,Action ,Adventure",24.0,11.0,1999.0
61,One Piece,1,13,TV Series,7.6,1696,9.0,224477,24.0,"Animation ,Action ,Adventure",9.0,2.0,2000.0
61,One Piece,1,14,TV Series,7.6,1644,9.0,224477,24.0,"Animation ,Action ,Adventure",16.0,2.0,2000.0
61,One Piece,1,2,TV Series,7.8,5090,9.0,224477,24.0,"Animation ,Action ,Adventure",17.0,11.0,1999.0
61,One Piece,1,15,TV Series,7.4,1616,9.0,224477,24.0,"Animation ,Action ,Adventure",23.0,2.0,2000.0
61,One Piece,1,16,TV Series,7.6,1590,9.0,224477,24.0,"Animation ,Action ,Adventure",1.0,3.0,2000.0
61,One Piece,1,18,TV Series,6.8,1612,9.0,224477,24.0,"Animation ,Action ,Adventure",15.0,3.0,2000.0
61,One Piece,1,17,TV Series,8.0,1729,9.0,224477,24.0,"Animation ,Action ,Adventure",8.0,3.0,2000.0
61,One Piece,1,29,TV Series,7.9,1406,9.0,224477,24.0,"Animation ,Action ,Adventure",21.0,6.0,2000.0
61,One Piece,1,30,TV Series,8.3,1774,9.0,224477,24.0,"Animation ,Action ,Adventure",28.0,6.0,2000.0
61,One Piece,1,31,TV Series,7.6,1337,9.0,224477,24.0,"Animation ,Action ,Adventure",12.0,7.0,2000.0
61,One Piece,1,19,TV Series,8.9,3272,9.0,224477,24.0,"Animation ,Action ,Adventure",22.0,3.0,2000.0
61,One Piece,1,5,TV Series,7.4,2484,9.0,224477,24.0,"Animation ,Action ,Adventure",15.0,12.0,1999.0
61,One Piece,1,6,TV Series,7.6,2429,9.0,224477,24.0,"Animation ,Action ,Adventure",29.0,12.0,1999.0
61,One Piece,1,7,TV Series,7.6,2269,9.0,224477,24.0,"Animation ,Action ,Adventure",29.0,12.0,1999.0
61,One Piece,1,36,TV Series,8.9,3061,9.0,224477,24.0,"Animation ,Action ,Adventure",9.0,8.0,2000.0
61,One Piece,1,8,TV Series,7.7,2156,9.0,224477,24.0,"Animation ,Action ,Adventure",29.0,12.0,1999.0
62,BoJack Horseman,2,6,TV Series,7.5,3997,8.8,185155,1982.0,"Animation ,Comedy ,Drama",17.0,7.0,2015.0
62,BoJack Horseman,2,8,TV Series,8.8,5301,8.8,185155,1982.0,"Animation ,Comedy ,Drama",17.0,7.0,2015.0
62,BoJack Horseman,2,9,TV Series,8.2,4211,8.8,185155,1982.0,"Animation ,Comedy ,Drama",17.0,7.0,2015.0
62,BoJack Horseman,1,8,TV Series,8.6,5581,8.8,185155,1982.0,"Animation ,Comedy ,Drama",22.0,8.0,2014.0
62,BoJack Horseman,1,9,TV Series,7.8,4570,8.8,185155,1982.0,"Animation ,Comedy ,Drama",22.0,8.0,2014.0
62,BoJack Horseman,1,10,TV Series,7.6,4498,8.8,185155,1982.0,"Animation ,Comedy ,Drama",22.0,8.0,2014.0
62,BoJack Horseman,1,11,TV Series,9.1,7354,8.8,185155,1982.0,"Animation ,Comedy ,Drama",22.0,8.0,2014.0
62,BoJack Horseman,1,12,TV Series,8.3,4955,8.8,185155,1982.0,"Animation ,Comedy ,Drama",22.0,8.0,2014.0
62,BoJack Horseman,2,0,TV Series,7.1,3047,8.8,185155,1982.0,"Animation ,Comedy ,Drama",19.0,12.0,2014.0
62,BoJack Horseman,2,1,TV Series,8.0,4516,8.8,185155,1982.0,"Animation ,Comedy ,Drama",17.0,7.0,2015.0
62,BoJack Horseman,2,2,TV Series,7.8,4250,8.8,185155,1982.0,"Animation ,Comedy ,Drama",17.0,7.0,2015.0
62,BoJack Horseman,4,11,TV Series,9.8,13321,8.8,185155,1982.0,"Animation ,Comedy ,Drama",8.0,9.0,2017.0
62,BoJack Horseman,4,12,TV Series,8.9,4713,8.8,185155,1982.0,"Animation ,Comedy ,Drama",8.0,9.0,2017.0
62,BoJack Horseman,5,1,TV Series,8.0,3914,8.8,185155,1982.0,"Animation ,Comedy ,Drama",14.0,9.0,2018.0
62,BoJack Horseman,5,2,TV Series,9.0,5256,8.8,185155,1982.0,"Animation ,Comedy ,Drama",14.0,9.0,2018.0
62,BoJack Horseman,4,2,TV Series,9.3,7566,8.8,185155,1982.0,"Animation ,Comedy ,Drama",8.0,9.0,2017.0
62,BoJack Horseman,6,9,TV Series,8.3,3535,8.8,185155,1982.0,"Animation ,Comedy ,Drama",31.0,1.0,2020.0
62,BoJack Horseman,6,8,TV Series,8.5,3722,8.8,185155,1982.0,"Animation ,Comedy ,Drama",25.0,10.0,2019.0
62,BoJack Horseman,6,7,TV Series,9.3,5309,8.8,185155,1982.0,"Animation ,Comedy ,Drama",25.0,10.0,2019.0
62,BoJack Horseman,5,6,TV Series,9.8,18038,8.8,185155,1982.0,"Animation ,Comedy ,Drama",14.0,9.0,2018.0
62,BoJack Horseman,4,4,TV Series,7.6,3775,8.8,185155,1982.0,"Animation ,Comedy ,Drama",8.0,9.0,2017.0
62,BoJack Horseman,4,5,TV Series,8.1,4085,8.8,185155,1982.0,"Animation ,Comedy ,Drama",8.0,9.0,2017.0
62,BoJack Horseman,4,6,TV Series,9.2,6293,8.8,185155,1982.0,"Animation ,Comedy ,Drama",8.0,9.0,2017.0
62,BoJack Horseman,6,6,TV Series,8.1,3438,8.8,185155,1982.0,"Animation ,Comedy ,Drama",25.0,10.0,2019.0
62,BoJack Horseman,6,5,TV Series,8.0,3369,8.8,185155,1982.0,"Animation ,Comedy ,Drama",25.0,10.0,2019.0
62,BoJack Horseman,6,4,TV Series,9.0,4378,8.8,185155,1982.0,"Animation ,Comedy ,Drama",25.0,10.0,2019.0
62,BoJack Horseman,6,3,TV Series,8.0,3673,8.8,185155,1982.0,"Animation ,Comedy ,Drama",25.0,10.0,2019.0
62,BoJack Horseman,3,6,TV Series,8.0,4263,8.8,185155,1982.0,"Animation ,Comedy ,Drama",22.0,7.0,2016.0
62,BoJack Horseman,3,5,TV Series,8.1,3989,8.8,185155,1982.0,"Animation ,Comedy ,Drama",22.0,7.0,2016.0
62,BoJack Horseman,3,4,TV Series,9.6,11566,8.8,185155,1982.0,"Animation ,Comedy ,Drama",22.0,7.0,2016.0
62,BoJack Horseman,3,3,TV Series,7.4,3889,8.8,185155,1982.0,"Animation ,Comedy ,Drama",22.0,7.0,2016.0
62,BoJack Horseman,3,2,TV Series,8.0,4056,8.8,185155,1982.0,"Animation ,Comedy ,Drama",22.0,7.0,2016.0
62,BoJack Horseman,3,1,TV Series,7.8,3917,8.8,185155,1982.0,"Animation ,Comedy ,Drama",22.0,7.0,2016.0
62,BoJack Horseman,2,12,TV Series,8.5,4482,8.8,185155,1982.0,"Animation ,Comedy ,Drama",17.0,7.0,2015.0
62,BoJack Horseman,2,11,TV Series,9.3,7538,8.8,185155,1982.0,"Animation ,Comedy ,Drama",17.0,7.0,2015.0
62,BoJack Horseman,5,10,TV Series,8.9,4292,8.8,185155,1982.0,"Animation ,Comedy ,Drama",14.0,9.0,2018.0
62,BoJack Horseman,5,11,TV Series,9.6,6995,8.8,185155,1982.0,"Animation ,Comedy ,Drama",14.0,9.0,2018.0
62,BoJack Horseman,6,12,TV Series,9.2,4330,8.8,185155,1982.0,"Animation ,Comedy ,Drama",31.0,1.0,2020.0
62,BoJack Horseman,6,11,TV Series,8.6,3521,8.8,185155,1982.0,"Animation ,Comedy ,Drama",31.0,1.0,2020.0
62,BoJack Horseman,6,15,TV Series,9.9,20967,8.8,185155,1982.0,"Animation ,Comedy ,Drama",31.0,1.0,2020.0
62,BoJack Horseman,5,7,TV Series,8.8,4646,8.8,185155,1982.0,"Animation ,Comedy ,Drama",14.0,9.0,2018.0
62,BoJack Horseman,5,8,TV Series,8.5,3985,8.8,185155,1982.0,"Animation ,Comedy ,Drama",14.0,9.0,2018.0
62,BoJack Horseman,4,3,TV Series,8.4,4408,8.8,185155,1982.0,"Animation ,Comedy ,Drama",8.0,9.0,2017.0
62,BoJack Horseman,4,10,TV Series,8.4,3990,8.8,185155,1982.0,"Animation ,Comedy ,Drama",8.0,9.0,2017.0
62,BoJack Horseman,4,9,TV Series,8.9,5517,8.8,185155,1982.0,"Animation ,Comedy ,Drama",8.0,9.0,2017.0
62,BoJack Horseman,4,8,TV Series,7.4,3662,8.8,185155,1982.0,"Animation ,Comedy ,Drama",8.0,9.0,2017.0
62,BoJack Horseman,2,7,TV Series,8.2,4326,8.8,185155,1982.0,"Animation ,Comedy ,Drama",17.0,7.0,2015.0
62,BoJack Horseman,3,11,TV Series,9.6,9214,8.8,185155,1982.0,"Animation ,Comedy ,Drama",22.0,7.0,2016.0
62,BoJack Horseman,3,12,TV Series,9.0,5191,8.8,185155,1982.0,"Animation ,Comedy ,Drama",22.0,7.0,2016.0
62,BoJack Horseman,4,1,TV Series,7.6,4071,8.8,185155,1982.0,"Animation ,Comedy ,Drama",8.0,9.0,2017.0
62,BoJack Horseman,1,7,TV Series,7.9,4870,8.8,185155,1982.0,"Animation ,Comedy ,Drama",22.0,8.0,2014.0
62,BoJack Horseman,2,10,TV Series,8.4,4460,8.8,185155,1982.0,"Animation ,Comedy ,Drama",17.0,7.0,2015.0
62,BoJack Horseman,5,5,TV Series,8.4,4092,8.8,185155,1982.0,"Animation ,Comedy ,Drama",14.0,9.0,2018.0
62,BoJack Horseman,5,4,TV Series,8.1,3850,8.8,185155,1982.0,"Animation ,Comedy ,Drama",14.0,9.0,2018.0
62,BoJack Horseman,5,3,TV Series,8.0,3825,8.8,185155,1982.0,"Animation ,Comedy ,Drama",14.0,9.0,2018.0
62,BoJack Horseman,2,4,TV Series,7.9,4250,8.8,185155,1982.0,"Animation ,Comedy ,Drama",17.0,7.0,2015.0
62,BoJack Horseman,2,5,TV Series,7.8,4403,8.8,185155,1982.0,"Animation ,Comedy ,Drama",17.0,7.0,2015.0
62,BoJack Horseman,2,3,TV Series,7.9,4228,8.8,185155,1982.0,"Animation ,Comedy ,Drama",17.0,7.0,2015.0
62,BoJack Horseman,1,4,TV Series,7.4,5035,8.8,185155,1982.0,"Animation ,Comedy ,Drama",22.0,8.0,2014.0
62,BoJack Horseman,3,7,TV Series,8.3,4090,8.8,185155,1982.0,"Animation ,Comedy ,Drama",22.0,7.0,2016.0
62,BoJack Horseman,3,8,TV Series,7.8,3743,8.8,185155,1982.0,"Animation ,Comedy ,Drama",22.0,7.0,2016.0
62,BoJack Horseman,3,9,TV Series,8.5,4315,8.8,185155,1982.0,"Animation ,Comedy ,Drama",22.0,7.0,2016.0
62,BoJack Horseman,3,10,TV Series,8.8,4665,8.8,185155,1982.0,"Animation ,Comedy ,Drama",22.0,7.0,2016.0
62,BoJack Horseman,1,1,TV Series,7.1,6418,8.8,185155,1982.0,"Animation ,Comedy ,Drama",22.0,8.0,2014.0
62,BoJack Horseman,1,3,TV Series,7.3,5227,8.8,185155,1982.0,"Animation ,Comedy ,Drama",22.0,8.0,2014.0
62,BoJack Horseman,1,2,TV Series,7.6,5750,8.8,185155,1982.0,"Animation ,Comedy ,Drama",22.0,8.0,2014.0
62,BoJack Horseman,1,5,TV Series,7.3,4831,8.8,185155,1982.0,"Animation ,Comedy ,Drama",22.0,8.0,2014.0
62,BoJack Horseman,6,2,TV Series,8.5,3964,8.8,185155,1982.0,"Animation ,Comedy ,Drama",25.0,10.0,2019.0
62,BoJack Horseman,6,10,TV Series,8.9,4098,8.8,185155,1982.0,"Animation ,Comedy ,Drama",31.0,1.0,2020.0
62,BoJack Horseman,5,12,TV Series,9.0,4365,8.8,185155,1982.0,"Animation ,Comedy ,Drama",14.0,9.0,2018.0
62,BoJack Horseman,6,1,TV Series,9.0,4695,8.8,185155,1982.0,"Animation ,Comedy ,Drama",25.0,10.0,2019.0
62,BoJack Horseman,4,7,TV Series,8.1,4068,8.8,185155,1982.0,"Animation ,Comedy ,Drama",8.0,9.0,2017.0
62,BoJack Horseman,1,6,TV Series,7.8,4843,8.8,185155,1982.0,"Animation ,Comedy ,Drama",22.0,8.0,2014.0
62,BoJack Horseman,6,16,TV Series,9.5,7868,8.8,185155,1982.0,"Animation ,Comedy ,Drama",31.0,1.0,2020.0
62,BoJack Horseman,6,14,TV Series,9.0,3980,8.8,185155,1982.0,"Animation ,Comedy ,Drama",31.0,1.0,2020.0
62,BoJack Horseman,5,9,TV Series,8.2,3632,8.8,185155,1982.0,"Animation ,Comedy ,Drama",14.0,9.0,2018.0
62,BoJack Horseman,6,13,TV Series,8.6,3509,8.8,185155,1982.0,"Animation ,Comedy ,Drama",31.0,1.0,2020.0
63,Fawlty Towers,1,5,TV Series,8.7,2147,8.8,99481,30.0,Comedy,17.0,10.0,1975.0
63,Fawlty Towers,1,4,TV Series,8.8,2207,8.8,99481,30.0,Comedy,10.0,10.0,1975.0
63,Fawlty Towers,2,1,TV Series,9.2,2313,8.8,99481,30.0,Comedy,19.0,2.0,1979.0
63,Fawlty Towers,1,3,TV Series,8.4,2186,8.8,99481,30.0,Comedy,3.0,10.0,1975.0
63,Fawlty Towers,2,3,TV Series,8.4,2065,8.8,99481,30.0,Comedy,5.0,3.0,1979.0
63,Fawlty Towers,1,6,TV Series,9.3,2844,8.8,99481,30.0,Comedy,24.0,10.0,1975.0
63,Fawlty Towers,2,6,TV Series,9.0,2082,8.8,99481,30.0,Comedy,25.0,10.0,1979.0
63,Fawlty Towers,2,5,TV Series,8.4,1888,8.8,99481,30.0,Comedy,26.0,3.0,1979.0
63,Fawlty Towers,1,2,TV Series,8.4,2331,8.8,99481,30.0,Comedy,26.0,9.0,1975.0
63,Fawlty Towers,2,4,TV Series,9.0,2081,8.8,99481,30.0,Comedy,12.0,3.0,1979.0
63,Fawlty Towers,1,1,TV Series,8.4,2553,8.8,99481,30.0,Comedy,19.0,9.0,1975.0
63,Fawlty Towers,2,2,TV Series,9.1,2210,8.8,99481,30.0,Comedy,26.0,2.0,1979.0
64,Leyla and Mecnun,2,25,TV Series,8.2,303,9.1,96105,80.0,"Adventure ,Comedy ,Drama",13.0,2.0,2012.0
64,Leyla and Mecnun,1,14,TV Series,8.6,390,9.1,96105,80.0,"Adventure ,Comedy ,Drama",18.0,5.0,2011.0
64,Leyla and Mecnun,2,3,TV Series,8.8,390,9.1,96105,80.0,"Adventure ,Comedy ,Drama",29.0,8.0,2011.0
64,Leyla and Mecnun,2,4,TV Series,8.7,364,9.1,96105,80.0,"Adventure ,Comedy ,Drama",29.0,8.0,2011.0
64,Leyla and Mecnun,2,5,TV Series,8.4,341,9.1,96105,80.0,"Adventure ,Comedy ,Drama",5.0,9.0,2011.0
64,Leyla and Mecnun,2,6,TV Series,8.4,339,9.1,96105,80.0,"Adventure ,Comedy ,Drama",12.0,9.0,2011.0
64,Leyla and Mecnun,2,7,TV Series,8.5,352,9.1,96105,80.0,"Adventure ,Comedy ,Drama",19.0,9.0,2011.0
64,Leyla and Mecnun,2,8,TV Series,8.8,366,9.1,96105,80.0,"Adventure ,Comedy ,Drama",26.0,9.0,2011.0
64,Leyla and Mecnun,2,41,TV Series,8.8,337,9.1,96105,80.0,"Adventure ,Comedy ,Drama",4.0,6.0,2012.0
64,Leyla and Mecnun,2,10,TV Series,9.0,411,9.1,96105,80.0,"Adventure ,Comedy ,Drama",31.0,10.0,2011.0
64,Leyla and Mecnun,1,1,TV Series,8.9,769,9.1,96105,80.0,"Adventure ,Comedy ,Drama",9.0,2.0,2011.0
64,Leyla and Mecnun,1,2,TV Series,8.6,551,9.1,96105,80.0,"Adventure ,Comedy ,Drama",16.0,2.0,2011.0
64,Leyla and Mecnun,1,3,TV Series,8.6,497,9.1,96105,80.0,"Adventure ,Comedy ,Drama",23.0,2.0,2011.0
64,Leyla and Mecnun,1,4,TV Series,8.4,481,9.1,96105,80.0,"Adventure ,Comedy ,Drama",2.0,3.0,2011.0
64,Leyla and Mecnun,1,5,TV Series,8.5,480,9.1,96105,80.0,"Adventure ,Comedy ,Drama",9.0,3.0,2011.0
64,Leyla and Mecnun,1,6,TV Series,8.9,486,9.1,96105,80.0,"Adventure ,Comedy ,Drama",16.0,3.0,2011.0
64,Leyla and Mecnun,2,19,TV Series,8.7,365,9.1,96105,80.0,"Adventure ,Comedy ,Drama",31.0,12.0,2011.0
64,Leyla and Mecnun,2,20,TV Series,8.7,374,9.1,96105,80.0,"Adventure ,Comedy ,Drama",9.0,1.0,2012.0
64,Leyla and Mecnun,2,21,TV Series,8.6,331,9.1,96105,80.0,"Adventure ,Comedy ,Drama",16.0,1.0,2012.0
64,Leyla and Mecnun,2,22,TV Series,8.5,332,9.1,96105,80.0,"Adventure ,Comedy ,Drama",23.0,1.0,2012.0
64,Leyla and Mecnun,2,23,TV Series,8.7,322,9.1,96105,80.0,"Adventure ,Comedy ,Drama",30.0,1.0,2012.0
64,Leyla and Mecnun,2,24,TV Series,8.1,305,9.1,96105,80.0,"Adventure ,Comedy ,Drama",6.0,2.0,2012.0
64,Leyla and Mecnun,3,16,TV Series,8.2,260,9.1,96105,80.0,"Adventure ,Comedy ,Drama",17.0,11.0,2012.0
64,Leyla and Mecnun,2,26,TV Series,8.5,287,9.1,96105,80.0,"Adventure ,Comedy ,Drama",20.0,1.0,2012.0
64,Leyla and Mecnun,1,15,TV Series,8.6,403,9.1,96105,80.0,"Adventure ,Comedy ,Drama",25.0,5.0,2011.0
64,Leyla and Mecnun,1,16,TV Series,8.4,402,9.1,96105,80.0,"Adventure ,Comedy ,Drama",8.0,6.0,2011.0
64,Leyla and Mecnun,1,17,TV Series,9.3,494,9.1,96105,80.0,"Adventure ,Comedy ,Drama",13.0,6.0,2011.0
64,Leyla and Mecnun,1,18,TV Series,8.4,386,9.1,96105,80.0,"Adventure ,Comedy ,Drama",20.0,6.0,2011.0
64,Leyla and Mecnun,1,19,TV Series,8.5,397,9.1,96105,80.0,"Adventure ,Comedy ,Drama",27.0,6.0,2011.0
64,Leyla and Mecnun,1,20,TV Series,9.4,553,9.1,96105,80.0,"Adventure ,Comedy ,Drama",4.0,7.0,2011.0
64,Leyla and Mecnun,2,1,TV Series,8.6,434,9.1,96105,80.0,"Adventure ,Comedy ,Drama",8.0,8.0,2011.0
64,Leyla and Mecnun,2,2,TV Series,8.7,387,9.1,96105,80.0,"Adventure ,Comedy ,Drama",15.0,8.0,2011.0
64,Leyla and Mecnun,2,35,TV Series,8.5,294,9.1,96105,80.0,"Adventure ,Comedy ,Drama",23.0,4.0,2012.0
64,Leyla and Mecnun,2,36,TV Series,8.4,280,9.1,96105,80.0,"Adventure ,Comedy ,Drama",30.0,4.0,2012.0
64,Leyla and Mecnun,2,37,TV Series,8.2,263,9.1,96105,80.0,"Adventure ,Comedy ,Drama",7.0,5.0,2012.0
64,Leyla and Mecnun,2,38,TV Series,8.6,276,9.1,96105,80.0,"Adventure ,Comedy ,Drama",14.0,5.0,2012.0
64,Leyla and Mecnun,2,39,TV Series,8.1,268,9.1,96105,80.0,"Adventure ,Comedy ,Drama",21.0,5.0,2012.0
64,Leyla and Mecnun,2,40,TV Series,8.5,272,9.1,96105,80.0,"Adventure ,Comedy ,Drama",28.0,5.0,2012.0
64,Leyla and Mecnun,3,32,TV Series,8.0,242,9.1,96105,80.0,"Adventure ,Comedy ,Drama",8.0,4.0,2013.0
64,Leyla and Mecnun,3,1,TV Series,8.3,372,9.1,96105,80.0,"Adventure ,Comedy ,Drama",3.0,9.0,2012.0
64,Leyla and Mecnun,2,11,TV Series,8.9,363,9.1,96105,80.0,"Adventure ,Comedy ,Drama",7.0,11.0,2011.0
64,Leyla and Mecnun,2,12,TV Series,8.5,322,9.1,96105,80.0,"Adventure ,Comedy ,Drama",14.0,11.0,2011.0
64,Leyla and Mecnun,2,13,TV Series,8.8,336,9.1,96105,80.0,"Adventure ,Comedy ,Drama",21.0,11.0,2011.0
64,Leyla and Mecnun,2,14,TV Series,8.8,331,9.1,96105,80.0,"Adventure ,Comedy ,Drama",28.0,11.0,2011.0
64,Leyla and Mecnun,2,15,TV Series,8.6,327,9.1,96105,80.0,"Adventure ,Comedy ,Drama",5.0,12.0,2011.0
64,Leyla and Mecnun,2,16,TV Series,8.4,321,9.1,96105,80.0,"Adventure ,Comedy ,Drama",12.0,11.0,2011.0
64,Leyla and Mecnun,2,17,TV Series,8.4,321,9.1,96105,80.0,"Adventure ,Comedy ,Drama",19.0,12.0,2011.0
64,Leyla and Mecnun,2,18,TV Series,8.3,324,9.1,96105,80.0,"Adventure ,Comedy ,Drama",26.0,12.0,2011.0
64,Leyla and Mecnun,3,10,TV Series,8.5,275,9.1,96105,80.0,"Adventure ,Comedy ,Drama",5.0,11.0,2012.0
64,Leyla and Mecnun,3,11,TV Series,8.8,289,9.1,96105,80.0,"Adventure ,Comedy ,Drama",12.0,11.0,2012.0
64,Leyla and Mecnun,3,12,TV Series,8.5,277,9.1,96105,80.0,"Adventure ,Comedy ,Drama",19.0,11.0,2012.0
64,Leyla and Mecnun,3,13,TV Series,8.6,274,9.1,96105,80.0,"Adventure ,Comedy ,Drama",26.0,11.0,2012.0
64,Leyla and Mecnun,3,14,TV Series,8.4,270,9.1,96105,80.0,"Adventure ,Comedy ,Drama",3.0,12.0,2012.0
64,Leyla and Mecnun,3,15,TV Series,8.2,272,9.1,96105,80.0,"Adventure ,Comedy ,Drama",10.0,12.0,2012.0
64,Leyla and Mecnun,4,5,TV Series,8.9,349,9.1,96105,80.0,"Adventure ,Comedy ,Drama",1.0,10.0,2021.0
64,Leyla and Mecnun,3,17,TV Series,8.4,269,9.1,96105,80.0,"Adventure ,Comedy ,Drama",24.0,12.0,2012.0
64,Leyla and Mecnun,2,27,TV Series,8.3,298,9.1,96105,80.0,"Adventure ,Comedy ,Drama",27.0,2.0,2012.0
64,Leyla and Mecnun,2,28,TV Series,8.7,293,9.1,96105,80.0,"Adventure ,Comedy ,Drama",5.0,3.0,2012.0
64,Leyla and Mecnun,2,29,TV Series,8.4,284,9.1,96105,80.0,"Adventure ,Comedy ,Drama",12.0,3.0,2012.0
64,Leyla and Mecnun,2,30,TV Series,8.4,278,9.1,96105,80.0,"Adventure ,Comedy ,Drama",19.0,3.0,2012.0
64,Leyla and Mecnun,2,31,TV Series,8.5,282,9.1,96105,80.0,"Adventure ,Comedy ,Drama",26.0,3.0,2012.0
64,Leyla and Mecnun,2,32,TV Series,9.0,315,9.1,96105,80.0,"Adventure ,Comedy ,Drama",2.0,4.0,2012.0
64,Leyla and Mecnun,2,33,TV Series,8.4,272,9.1,96105,80.0,"Adventure ,Comedy ,Drama",9.0,4.0,2012.0
64,Leyla and Mecnun,2,34,TV Series,8.5,289,9.1,96105,80.0,"Adventure ,Comedy ,Drama",16.0,4.0,2012.0
64,Leyla and Mecnun,3,26,TV Series,8.5,278,9.1,96105,80.0,"Adventure ,Comedy ,Drama",25.0,2.0,2013.0
64,Leyla and Mecnun,3,27,TV Series,8.8,279,9.1,96105,80.0,"Adventure ,Comedy ,Drama",4.0,3.0,2013.0
64,Leyla and Mecnun,3,28,TV Series,8.2,247,9.1,96105,80.0,"Adventure ,Comedy ,Drama",11.0,3.0,2013.0
64,Leyla and Mecnun,3,29,TV Series,8.9,312,9.1,96105,80.0,"Adventure ,Comedy ,Drama",18.0,3.0,2013.0
64,Leyla and Mecnun,3,30,TV Series,8.3,255,9.1,96105,80.0,"Adventure ,Comedy ,Drama",25.0,3.0,2013.0
64,Leyla and Mecnun,3,31,TV Series,8.2,257,9.1,96105,80.0,"Adventure ,Comedy ,Drama",1.0,4.0,2013.0
64,Leyla and Mecnun,6,1,TV Series,8.3,190,9.1,96105,80.0,"Adventure ,Comedy ,Drama",9.0,9.0,2022.0
64,Leyla and Mecnun,3,33,TV Series,8.1,255,9.1,96105,80.0,"Adventure ,Comedy ,Drama",15.0,4.0,2013.0
64,Leyla and Mecnun,3,2,TV Series,8.3,331,9.1,96105,80.0,"Adventure ,Comedy ,Drama",10.0,9.0,2012.0
64,Leyla and Mecnun,3,3,TV Series,8.1,297,9.1,96105,80.0,"Adventure ,Comedy ,Drama",17.0,9.0,2012.0
64,Leyla and Mecnun,3,4,TV Series,8.2,276,9.1,96105,80.0,"Adventure ,Comedy ,Drama",24.0,9.0,2012.0
64,Leyla and Mecnun,3,5,TV Series,8.0,275,9.1,96105,80.0,"Adventure ,Comedy ,Drama",1.0,10.0,2012.0
64,Leyla and Mecnun,3,6,TV Series,8.1,281,9.1,96105,80.0,"Adventure ,Comedy ,Drama",8.0,10.0,2012.0
64,Leyla and Mecnun,3,7,TV Series,8.5,289,9.1,96105,80.0,"Adventure ,Comedy ,Drama",15.0,10.0,2012.0
64,Leyla and Mecnun,3,8,TV Series,8.1,282,9.1,96105,80.0,"Adventure ,Comedy ,Drama",22.0,10.0,2012.0
64,Leyla and Mecnun,3,9,TV Series,8.3,270,9.1,96105,80.0,"Adventure ,Comedy ,Drama",29.0,10.0,2012.0
64,Leyla and Mecnun,3,42,TV Series,9.5,426,9.1,96105,80.0,"Adventure ,Comedy ,Drama",17.0,6.0,2013.0
64,Leyla and Mecnun,3,43,TV Series,8.9,378,9.1,96105,80.0,"Adventure ,Comedy ,Drama",29.0,1.0,2014.0
64,Leyla and Mecnun,4,1,TV Series,9.2,828,9.1,96105,80.0,"Adventure ,Comedy ,Drama",3.0,9.0,2021.0
64,Leyla and Mecnun,4,2,TV Series,8.8,384,9.1,96105,80.0,"Adventure ,Comedy ,Drama",10.0,9.0,2021.0
64,Leyla and Mecnun,4,3,TV Series,8.9,352,9.1,96105,80.0,"Adventure ,Comedy ,Drama",17.0,9.0,2021.0
64,Leyla and Mecnun,4,4,TV Series,8.4,312,9.1,96105,80.0,"Adventure ,Comedy ,Drama",24.0,9.0,2021.0
64,Leyla and Mecnun,7,7,TV Series,7.2,121,9.1,96105,80.0,"Adventure ,Comedy ,Drama",10.0,3.0,2023.0
64,Leyla and Mecnun,4,6,TV Series,8.6,242,9.1,96105,80.0,"Adventure ,Comedy ,Drama",8.0,10.0,2021.0
64,Leyla and Mecnun,3,18,TV Series,8.3,259,9.1,96105,80.0,"Adventure ,Comedy ,Drama",31.0,12.0,2012.0
64,Leyla and Mecnun,3,19,TV Series,8.4,292,9.1,96105,80.0,"Adventure ,Comedy ,Drama",7.0,1.0,2013.0
64,Leyla and Mecnun,3,20,TV Series,8.4,271,9.1,96105,80.0,"Adventure ,Comedy ,Drama",14.0,1.0,2013.0
64,Leyla and Mecnun,3,21,TV Series,8.4,269,9.1,96105,80.0,"Adventure ,Comedy ,Drama",21.0,1.0,2013.0
64,Leyla and Mecnun,3,22,TV Series,8.7,297,9.1,96105,80.0,"Adventure ,Comedy ,Drama",28.0,1.0,2013.0
64,Leyla and Mecnun,3,23,TV Series,9.1,410,9.1,96105,80.0,"Adventure ,Comedy ,Drama",4.0,2.0,2013.0
64,Leyla and Mecnun,3,24,TV Series,8.2,249,9.1,96105,80.0,"Adventure ,Comedy ,Drama",11.0,2.0,2013.0
64,Leyla and Mecnun,3,25,TV Series,8.3,258,9.1,96105,80.0,"Adventure ,Comedy ,Drama",18.0,2.0,2013.0
64,Leyla and Mecnun,5,5,TV Series,7.9,184,9.1,96105,80.0,"Adventure ,Comedy ,Drama",28.0,1.0,2022.0
64,Leyla and Mecnun,5,6,TV Series,8.0,182,9.1,96105,80.0,"Adventure ,Comedy ,Drama",4.0,2.0,2022.0
64,Leyla and Mecnun,5,7,TV Series,8.1,186,9.1,96105,80.0,"Adventure ,Comedy ,Drama",11.0,2.0,2022.0
64,Leyla and Mecnun,5,8,TV Series,9.5,343,9.1,96105,80.0,"Adventure ,Comedy ,Drama",18.0,2.0,2022.0
64,Leyla and Mecnun,5,9,TV Series,8.5,185,9.1,96105,80.0,"Adventure ,Comedy ,Drama",25.0,2.0,2022.0
64,Leyla and Mecnun,5,10,TV Series,8.5,188,9.1,96105,80.0,"Adventure ,Comedy ,Drama",4.0,3.0,2022.0
64,Leyla and Mecnun,6,2,TV Series,9.1,200,9.1,96105,80.0,"Adventure ,Comedy ,Drama",16.0,9.0,2022.0
64,Leyla and Mecnun,3,34,TV Series,8.1,250,9.1,96105,80.0,"Adventure ,Comedy ,Drama",22.0,4.0,2013.0
64,Leyla and Mecnun,3,38,TV Series,8.2,254,9.1,96105,80.0,"Adventure ,Comedy ,Drama",20.0,5.0,2013.0
64,Leyla and Mecnun,3,35,TV Series,8.5,261,9.1,96105,80.0,"Adventure ,Comedy ,Drama",29.0,4.0,2013.0
64,Leyla and Mecnun,3,36,TV Series,8.3,252,9.1,96105,80.0,"Adventure ,Comedy ,Drama",6.0,5.0,2013.0
64,Leyla and Mecnun,3,37,TV Series,8.3,267,9.1,96105,80.0,"Adventure ,Comedy ,Drama",13.0,5.0,2013.0
64,Leyla and Mecnun,3,40,TV Series,8.4,273,9.1,96105,80.0,"Adventure ,Comedy ,Drama",3.0,6.0,2013.0
64,Leyla and Mecnun,3,39,TV Series,8.6,303,9.1,96105,80.0,"Adventure ,Comedy ,Drama",27.0,5.0,2013.0
64,Leyla and Mecnun,3,41,TV Series,8.8,308,9.1,96105,80.0,"Adventure ,Comedy ,Drama",10.0,6.0,2013.0
64,Leyla and Mecnun,7,1,TV Series,8.7,171,9.1,96105,80.0,"Adventure ,Comedy ,Drama",6.0,1.0,2023.0
64,Leyla and Mecnun,5,1,TV Series,6.9,214,9.1,96105,80.0,"Adventure ,Comedy ,Drama",31.0,12.0,2021.0
64,Leyla and Mecnun,7,2,TV Series,8.2,145,9.1,96105,80.0,"Adventure ,Comedy ,Drama",13.0,1.0,2023.0
64,Leyla and Mecnun,7,3,TV Series,8.9,172,9.1,96105,80.0,"Adventure ,Comedy ,Drama",20.0,1.0,2023.0
64,Leyla and Mecnun,7,4,TV Series,7.3,141,9.1,96105,80.0,"Adventure ,Comedy ,Drama",27.0,1.0,2023.0
64,Leyla and Mecnun,7,5,TV Series,7.0,139,9.1,96105,80.0,"Adventure ,Comedy ,Drama",3.0,2.0,2023.0
64,Leyla and Mecnun,7,6,TV Series,7.6,126,9.1,96105,80.0,"Adventure ,Comedy ,Drama",3.0,3.0,2023.0
64,Leyla and Mecnun,7,8,TV Series,7.5,118,9.1,96105,80.0,"Adventure ,Comedy ,Drama",17.0,3.0,2023.0
64,Leyla and Mecnun,4,7,TV Series,8.7,241,9.1,96105,80.0,"Adventure ,Comedy ,Drama",15.0,10.0,2021.0
64,Leyla and Mecnun,5,3,TV Series,8.4,203,9.1,96105,80.0,"Adventure ,Comedy ,Drama",14.0,1.0,2022.0
64,Leyla and Mecnun,4,8,TV Series,7.8,267,9.1,96105,80.0,"Adventure ,Comedy ,Drama",22.0,10.0,2021.0
64,Leyla and Mecnun,4,9,TV Series,8.3,204,9.1,96105,80.0,"Adventure ,Comedy ,Drama",29.0,10.0,2021.0
64,Leyla and Mecnun,4,10,TV Series,7.6,210,9.1,96105,80.0,"Adventure ,Comedy ,Drama",5.0,11.0,2021.0
64,Leyla and Mecnun,5,4,TV Series,7.9,184,9.1,96105,80.0,"Adventure ,Comedy ,Drama",21.0,1.0,2022.0
64,Leyla and Mecnun,5,2,TV Series,7.9,193,9.1,96105,80.0,"Adventure ,Comedy ,Drama",7.0,1.0,2022.0
64,Leyla and Mecnun,6,9,TV Series,8.6,143,9.1,96105,80.0,"Adventure ,Comedy ,Drama",4.0,11.0,2022.0
64,Leyla and Mecnun,6,10,TV Series,9.2,235,9.1,96105,80.0,"Adventure ,Comedy ,Drama",11.0,11.0,2022.0
64,Leyla and Mecnun,2,9,TV Series,8.7,360,9.1,96105,80.0,"Adventure ,Comedy ,Drama",3.0,10.0,2011.0
64,Leyla and Mecnun,1,13,TV Series,8.9,438,9.1,96105,80.0,"Adventure ,Comedy ,Drama",11.0,5.0,2011.0
64,Leyla and Mecnun,6,8,TV Series,8.9,153,9.1,96105,80.0,"Adventure ,Comedy ,Drama",28.0,10.0,2022.0
64,Leyla and Mecnun,6,7,TV Series,8.5,153,9.1,96105,80.0,"Adventure ,Comedy ,Drama",21.0,10.0,2022.0
64,Leyla and Mecnun,6,6,TV Series,9.0,178,9.1,96105,80.0,"Adventure ,Comedy ,Drama",14.0,10.0,2022.0
64,Leyla and Mecnun,6,5,TV Series,8.8,174,9.1,96105,80.0,"Adventure ,Comedy ,Drama",7.0,10.0,2022.0
64,Leyla and Mecnun,6,4,TV Series,8.5,162,9.1,96105,80.0,"Adventure ,Comedy ,Drama",30.0,9.0,2022.0
64,Leyla and Mecnun,6,3,TV Series,8.1,176,9.1,96105,80.0,"Adventure ,Comedy ,Drama",23.0,9.0,2022.0
64,Leyla and Mecnun,7,9,TV Series,7.1,117,9.1,96105,80.0,"Adventure ,Comedy ,Drama",24.0,3.0,2023.0
64,Leyla and Mecnun,7,10,TV Series,7.9,133,9.1,96105,80.0,"Adventure ,Comedy ,Drama",31.0,3.0,2023.0
64,Leyla and Mecnun,1,9,TV Series,8.5,438,9.1,96105,80.0,"Adventure ,Comedy ,Drama",13.0,4.0,2011.0
64,Leyla and Mecnun,1,7,TV Series,8.9,469,9.1,96105,80.0,"Adventure ,Comedy ,Drama",23.0,3.0,2011.0
64,Leyla and Mecnun,1,11,TV Series,8.5,410,9.1,96105,80.0,"Adventure ,Comedy ,Drama",27.0,4.0,2011.0
64,Leyla and Mecnun,1,10,TV Series,8.4,434,9.1,96105,80.0,"Adventure ,Comedy ,Drama",20.0,4.0,2011.0
64,Leyla and Mecnun,1,8,TV Series,8.4,427,9.1,96105,80.0,"Adventure ,Comedy ,Drama",30.0,3.0,2011.0
64,Leyla and Mecnun,1,12,TV Series,8.8,439,9.1,96105,80.0,"Adventure ,Comedy ,Drama",4.0,5.0,2011.0
65,Pride and Prejudice,1,1,TV Mini Series,8.2,1016,8.8,91491,327.0,"Drama ,Romance",14.0,1.0,1996.0
65,Pride and Prejudice,1,6,TV Mini Series,8.7,886,8.8,91491,327.0,"Drama ,Romance",16.0,1.0,1996.0
65,Pride and Prejudice,1,3,TV Mini Series,8.5,897,8.8,91491,327.0,"Drama ,Romance",15.0,1.0,1996.0
65,Pride and Prejudice,1,5,TV Mini Series,8.5,867,8.8,91491,327.0,"Drama ,Romance",16.0,1.0,1996.0
65,Pride and Prejudice,1,2,TV Mini Series,8.2,912,8.8,91491,327.0,"Drama ,Romance",14.0,1.0,1996.0
65,Pride and Prejudice,1,4,TV Mini Series,8.6,908,8.8,91491,327.0,"Drama ,Romance",15.0,1.0,1996.0
66,Freaks and Geeks,1,12,TV Series,8.8,1844,8.8,152162,799.0,"Comedy ,Drama",13.0,3.0,2000.0
66,Freaks and Geeks,1,7,TV Series,8.6,1960,8.8,152162,799.0,"Comedy ,Drama",10.0,1.0,2000.0
66,Freaks and Geeks,1,17,TV Series,9.0,1800,8.8,152162,799.0,"Comedy ,Drama",8.0,7.0,2000.0
66,Freaks and Geeks,1,1,TV Series,8.6,2783,8.8,152162,799.0,"Comedy ,Drama",25.0,9.0,1999.0
66,Freaks and Geeks,1,3,TV Series,8.2,2107,8.8,152162,799.0,"Comedy ,Drama",30.0,10.0,1999.0
66,Freaks and Geeks,1,2,TV Series,8.5,2287,8.8,152162,799.0,"Comedy ,Drama",2.0,10.0,1999.0
66,Freaks and Geeks,1,5,TV Series,8.7,2054,8.8,152162,799.0,"Comedy ,Drama",6.0,11.0,1999.0
66,Freaks and Geeks,1,6,TV Series,8.5,1966,8.8,152162,799.0,"Comedy ,Drama",13.0,11.0,1999.0
66,Freaks and Geeks,1,8,TV Series,8.3,1811,8.8,152162,799.0,"Comedy ,Drama",17.0,1.0,2000.0
66,Freaks and Geeks,1,18,TV Series,9.2,2250,8.8,152162,799.0,"Comedy ,Drama",8.0,7.0,2000.0
66,Freaks and Geeks,1,4,TV Series,8.5,2089,8.8,152162,799.0,"Comedy ,Drama",30.0,4.0,2000.0
66,Freaks and Geeks,1,15,TV Series,8.7,1830,8.8,152162,799.0,"Comedy ,Drama",17.0,10.0,2000.0
66,Freaks and Geeks,1,14,TV Series,8.8,1820,8.8,152162,799.0,"Comedy ,Drama",10.0,10.0,2000.0
66,Freaks and Geeks,1,13,TV Series,9.0,1982,8.8,152162,799.0,"Comedy ,Drama",20.0,3.0,2000.0
66,Freaks and Geeks,1,10,TV Series,8.6,1768,8.8,152162,799.0,"Comedy ,Drama",31.0,1.0,2000.0
66,Freaks and Geeks,1,11,TV Series,8.9,1877,8.8,152162,799.0,"Comedy ,Drama",7.0,2.0,2000.0
66,Freaks and Geeks,1,9,TV Series,8.3,1835,8.8,152162,799.0,"Comedy ,Drama",24.0,1.0,2000.0
66,Freaks and Geeks,1,16,TV Series,9.2,2007,8.8,152162,799.0,"Comedy ,Drama",8.0,7.0,2000.0
67,Blackadder Goes Forth,1,5,TV Series,8.7,1077,8.8,56433,175.0,"Comedy ,War",26.0,10.0,1989.0
67,Blackadder Goes Forth,1,6,TV Series,9.4,1793,8.8,56433,175.0,"Comedy ,War",2.0,11.0,1989.0
67,Blackadder Goes Forth,1,1,TV Series,8.2,1075,8.8,56433,175.0,"Comedy ,War",28.0,9.0,1989.0
67,Blackadder Goes Forth,1,2,TV Series,8.8,1169,8.8,56433,175.0,"Comedy ,War",5.0,10.0,1989.0
67,Blackadder Goes Forth,1,4,TV Series,8.5,1121,8.8,56433,175.0,"Comedy ,War",19.0,10.0,1989.0
67,Blackadder Goes Forth,1,3,TV Series,8.4,1037,8.8,56433,175.0,"Comedy ,War",12.0,10.0,1989.0
68,Twin Peaks,2,22,TV Series,9.2,6100,8.8,213133,1505.0,"Crime ,Drama ,Mystery",10.0,6.0,1991.0
68,Twin Peaks,2,7,TV Series,9.4,6299,8.8,213133,1505.0,"Crime ,Drama ,Mystery",10.0,11.0,1990.0
68,Twin Peaks,2,1,TV Series,8.9,5556,8.8,213133,1505.0,"Crime ,Drama ,Mystery",30.0,9.0,1990.0
68,Twin Peaks,2,2,TV Series,8.5,4701,8.8,213133,1505.0,"Crime ,Drama ,Mystery",6.0,10.0,1990.0
68,Twin Peaks,2,3,TV Series,8.2,4380,8.8,213133,1505.0,"Crime ,Drama ,Mystery",13.0,10.0,1990.0
68,Twin Peaks,2,4,TV Series,8.0,4317,8.8,213133,1505.0,"Crime ,Drama ,Mystery",20.0,10.0,1990.0
68,Twin Peaks,2,5,TV Series,8.3,4323,8.8,213133,1505.0,"Crime ,Drama ,Mystery",27.0,10.0,1990.0
68,Twin Peaks,2,6,TV Series,8.4,4326,8.8,213133,1505.0,"Crime ,Drama ,Mystery",3.0,11.0,1990.0
68,Twin Peaks,2,14,TV Series,7.5,3861,8.8,213133,1505.0,"Crime ,Drama ,Mystery",2.0,2.0,1991.0
68,Twin Peaks,2,16,TV Series,7.7,3819,8.8,213133,1505.0,"Crime ,Drama ,Mystery",16.0,2.0,1991.0
68,Twin Peaks,2,20,TV Series,8.2,3776,8.8,213133,1505.0,"Crime ,Drama ,Mystery",18.0,4.0,1991.0
68,Twin Peaks,2,21,TV Series,8.5,3937,8.8,213133,1505.0,"Crime ,Drama ,Mystery",10.0,6.0,1991.0
68,Twin Peaks,2,18,TV Series,7.9,3783,8.8,213133,1505.0,"Crime ,Drama ,Mystery",4.0,4.0,1991.0
68,Twin Peaks,2,19,TV Series,7.9,3730,8.8,213133,1505.0,"Crime ,Drama ,Mystery",11.0,4.0,1991.0
68,Twin Peaks,2,17,TV Series,7.3,3765,8.8,213133,1505.0,"Crime ,Drama ,Mystery",28.0,3.0,1991.0
68,Twin Peaks,1,1,TV Series,8.9,16664,8.8,213133,1505.0,"Crime ,Drama ,Mystery",8.0,4.0,1990.0
68,Twin Peaks,1,2,TV Series,8.3,6213,8.8,213133,1505.0,"Crime ,Drama ,Mystery",12.0,4.0,1990.0
68,Twin Peaks,2,15,TV Series,7.2,3865,8.8,213133,1505.0,"Crime ,Drama ,Mystery",9.0,2.0,1991.0
68,Twin Peaks,1,3,TV Series,8.9,6573,8.8,213133,1505.0,"Crime ,Drama ,Mystery",19.0,4.0,1990.0
68,Twin Peaks,1,4,TV Series,8.2,5520,8.8,213133,1505.0,"Crime ,Drama ,Mystery",26.0,4.0,1990.0
68,Twin Peaks,1,6,TV Series,8.4,5172,8.8,213133,1505.0,"Crime ,Drama ,Mystery",10.0,5.0,1990.0
68,Twin Peaks,1,5,TV Series,8.1,5291,8.8,213133,1505.0,"Crime ,Drama ,Mystery",3.0,5.0,1990.0
68,Twin Peaks,1,8,TV Series,9.0,5627,8.8,213133,1505.0,"Crime ,Drama ,Mystery",23.0,5.0,1990.0
68,Twin Peaks,2,8,TV Series,8.5,4304,8.8,213133,1505.0,"Crime ,Drama ,Mystery",17.0,11.0,1990.0
68,Twin Peaks,2,9,TV Series,9.3,5466,8.8,213133,1505.0,"Crime ,Drama ,Mystery",1.0,12.0,1990.0
68,Twin Peaks,1,7,TV Series,8.5,5064,8.8,213133,1505.0,"Crime ,Drama ,Mystery",17.0,5.0,1990.0
68,Twin Peaks,2,10,TV Series,7.7,4073,8.8,213133,1505.0,"Crime ,Drama ,Mystery",8.0,12.0,1990.0
68,Twin Peaks,2,11,TV Series,7.3,4009,8.8,213133,1505.0,"Crime ,Drama ,Mystery",15.0,12.0,1990.0
68,Twin Peaks,2,12,TV Series,7.3,3923,8.8,213133,1505.0,"Crime ,Drama ,Mystery",12.0,1.0,1991.0
68,Twin Peaks,2,13,TV Series,7.6,3889,8.8,213133,1505.0,"Crime ,Drama ,Mystery",19.0,1.0,1991.0
69,Dragon Ball Z,1,14,TV Series,7.8,1507,8.8,145342,24.0,"Animation ,Action ,Adventure",17.0,1.0,1997.0
69,Dragon Ball Z,1,24,TV Series,8.2,1541,8.8,145342,24.0,"Animation ,Action ,Adventure",10.0,5.0,1997.0
69,Dragon Ball Z,1,23,TV Series,8.5,1693,8.8,145342,24.0,"Animation ,Action ,Adventure",3.0,5.0,1997.0
69,Dragon Ball Z,1,22,TV Series,8.2,1532,8.8,145342,24.0,"Animation ,Action ,Adventure",26.0,4.0,1997.0
69,Dragon Ball Z,1,21,TV Series,8.2,1547,8.8,145342,24.0,"Animation ,Action ,Adventure",19.0,4.0,1997.0
69,Dragon Ball Z,1,20,TV Series,7.9,1512,8.8,145342,24.0,"Animation ,Action ,Adventure",12.0,4.0,1997.0
69,Dragon Ball Z,1,19,TV Series,8.1,1515,8.8,145342,24.0,"Animation ,Action ,Adventure",22.0,2.0,1997.0
69,Dragon Ball Z,1,18,TV Series,8.0,1558,8.8,145342,24.0,"Animation ,Action ,Adventure",15.0,2.0,1997.0
69,Dragon Ball Z,2,23,TV Series,8.0,1418,8.8,145342,24.0,"Animation ,Action ,Adventure",14.0,2.0,1998.0
69,Dragon Ball Z,2,22,TV Series,8.1,1432,8.8,145342,24.0,"Animation ,Action ,Adventure",7.0,2.0,1998.0
69,Dragon Ball Z,2,21,TV Series,7.4,1414,8.8,145342,24.0,"Animation ,Action ,Adventure",7.0,2.0,1998.0
69,Dragon Ball Z,2,20,TV Series,7.3,1415,8.8,145342,24.0,"Animation ,Action ,Adventure",31.0,1.0,1998.0
69,Dragon Ball Z,2,19,TV Series,8.2,1466,8.8,145342,24.0,"Animation ,Action ,Adventure",15.0,11.0,1997.0
69,Dragon Ball Z,2,18,TV Series,7.9,1464,8.8,145342,24.0,"Animation ,Action ,Adventure",8.0,11.0,1997.0
69,Dragon Ball Z,2,17,TV Series,8.1,1461,8.8,145342,24.0,"Animation ,Action ,Adventure",8.0,11.0,1997.0
69,Dragon Ball Z,2,5,TV Series,7.7,1432,8.8,145342,24.0,"Animation ,Action ,Adventure",27.0,9.0,1997.0
69,Dragon Ball Z,1,25,TV Series,8.2,1546,8.8,145342,24.0,"Animation ,Action ,Adventure",17.0,5.0,1997.0
69,Dragon Ball Z,2,14,TV Series,8.0,1739,8.8,145342,24.0,"Animation ,Action ,Adventure",25.0,10.0,1997.0
69,Dragon Ball Z,2,13,TV Series,8.2,1473,8.8,145342,24.0,"Animation ,Action ,Adventure",25.0,10.0,1997.0
69,Dragon Ball Z,2,12,TV Series,8.0,1447,8.8,145342,24.0,"Animation ,Action ,Adventure",18.0,10.0,1997.0
69,Dragon Ball Z,2,11,TV Series,8.1,1474,8.8,145342,24.0,"Animation ,Action ,Adventure",18.0,10.0,1997.0
69,Dragon Ball Z,2,10,TV Series,8.1,1492,8.8,145342,24.0,"Animation ,Action ,Adventure",11.0,10.0,1997.0
69,Dragon Ball Z,2,9,TV Series,8.2,1484,8.8,145342,24.0,"Animation ,Action ,Adventure",11.0,10.0,1997.0
69,Dragon Ball Z,2,8,TV Series,8.0,1475,8.8,145342,24.0,"Animation ,Action ,Adventure",4.0,10.0,1997.0
69,Dragon Ball Z,4,5,TV Series,8.3,1457,8.8,145342,24.0,"Animation ,Action ,Adventure",27.0,9.0,1999.0
69,Dragon Ball Z,4,4,TV Series,8.3,1487,8.8,145342,24.0,"Animation ,Action ,Adventure",24.0,9.0,1999.0
69,Dragon Ball Z,4,3,TV Series,8.0,1429,8.8,145342,24.0,"Animation ,Action ,Adventure",23.0,9.0,1999.0
69,Dragon Ball Z,4,2,TV Series,8.1,1424,8.8,145342,24.0,"Animation ,Action ,Adventure",22.0,9.0,1999.0
69,Dragon Ball Z,4,1,TV Series,7.9,1419,8.8,145342,24.0,"Animation ,Action ,Adventure",21.0,9.0,1999.0
69,Dragon Ball Z,3,7,TV Series,7.9,1427,8.8,145342,24.0,"Animation ,Action ,Adventure",20.0,9.0,1999.0
69,Dragon Ball Z,3,6,TV Series,8.1,1456,8.8,145342,24.0,"Animation ,Action ,Adventure",17.0,9.0,1999.0
69,Dragon Ball Z,1,15,TV Series,8.0,1526,8.8,145342,24.0,"Animation ,Action ,Adventure",24.0,1.0,1997.0
69,Dragon Ball Z,3,4,TV Series,8.2,1452,8.8,145342,24.0,"Animation ,Action ,Adventure",14.0,9.0,1999.0
69,Dragon Ball Z,3,3,TV Series,7.9,1523,8.8,145342,24.0,"Animation ,Action ,Adventure",14.0,9.0,1999.0
69,Dragon Ball Z,3,2,TV Series,8.0,1542,8.8,145342,24.0,"Animation ,Action ,Adventure",13.0,9.0,1999.0
69,Dragon Ball Z,3,1,TV Series,8.1,1559,8.8,145342,24.0,"Animation ,Action ,Adventure",13.0,9.0,1999.0
69,Dragon Ball Z,2,27,TV Series,8.6,1611,8.8,145342,24.0,"Animation ,Action ,Adventure",23.0,5.0,1998.0
69,Dragon Ball Z,2,26,TV Series,8.3,1493,8.8,145342,24.0,"Animation ,Action ,Adventure",23.0,5.0,1998.0
69,Dragon Ball Z,2,25,TV Series,8.1,1477,8.8,145342,24.0,"Animation ,Action ,Adventure",18.0,5.0,1998.0
69,Dragon Ball Z,2,24,TV Series,7.9,1428,8.8,145342,24.0,"Animation ,Action ,Adventure",14.0,2.0,1998.0
69,Dragon Ball Z,4,21,TV Series,8.5,1638,8.8,145342,24.0,"Animation ,Action ,Adventure",19.0,10.0,1999.0
69,Dragon Ball Z,4,20,TV Series,9.2,2387,8.8,145342,24.0,"Animation ,Action ,Adventure",18.0,10.0,1999.0
69,Dragon Ball Z,4,19,TV Series,8.0,1483,8.8,145342,24.0,"Animation ,Action ,Adventure",15.0,10.0,1999.0
69,Dragon Ball Z,4,18,TV Series,7.9,1546,8.8,145342,24.0,"Animation ,Action ,Adventure",14.0,10.0,1999.0
69,Dragon Ball Z,4,17,TV Series,7.7,1574,8.8,145342,24.0,"Animation ,Action ,Adventure",13.0,10.0,1999.0
69,Dragon Ball Z,4,16,TV Series,7.9,1481,8.8,145342,24.0,"Animation ,Action ,Adventure",12.0,10.0,1999.0
69,Dragon Ball Z,4,15,TV Series,7.9,1448,8.8,145342,24.0,"Animation ,Action ,Adventure",11.0,10.0,1999.0
69,Dragon Ball Z,4,14,TV Series,7.7,1442,8.8,145342,24.0,"Animation ,Action ,Adventure",8.0,10.0,1999.0
69,Dragon Ball Z,4,13,TV Series,8.0,1472,8.8,145342,24.0,"Animation ,Action ,Adventure",7.0,10.0,1999.0
69,Dragon Ball Z,4,12,TV Series,8.2,1533,8.8,145342,24.0,"Animation ,Action ,Adventure",6.0,10.0,1999.0
69,Dragon Ball Z,4,11,TV Series,8.6,1619,8.8,145342,24.0,"Animation ,Action ,Adventure",5.0,10.0,1999.0
69,Dragon Ball Z,4,10,TV Series,8.1,1440,8.8,145342,24.0,"Animation ,Action ,Adventure",4.0,10.0,1999.0
69,Dragon Ball Z,4,9,TV Series,7.9,1424,8.8,145342,24.0,"Animation ,Action ,Adventure",1.0,10.0,1999.0
69,Dragon Ball Z,4,8,TV Series,8.1,1432,8.8,145342,24.0,"Animation ,Action ,Adventure",30.0,9.0,1999.0
69,Dragon Ball Z,4,7,TV Series,8.1,1429,8.8,145342,24.0,"Animation ,Action ,Adventure",29.0,9.0,1999.0
69,Dragon Ball Z,4,6,TV Series,8.1,1434,8.8,145342,24.0,"Animation ,Action ,Adventure",28.0,9.0,1999.0
69,Dragon Ball Z,5,5,TV Series,7.6,1392,8.8,145342,24.0,"Animation ,Action ,Adventure",6.0,5.0,2000.0
69,Dragon Ball Z,5,4,TV Series,7.5,1407,8.8,145342,24.0,"Animation ,Action ,Adventure",29.0,4.0,2000.0
69,Dragon Ball Z,5,3,TV Series,7.4,1399,8.8,145342,24.0,"Animation ,Action ,Adventure",22.0,4.0,2000.0
69,Dragon Ball Z,5,2,TV Series,7.6,1415,8.8,145342,24.0,"Animation ,Action ,Adventure",15.0,4.0,2000.0
69,Dragon Ball Z,5,1,TV Series,7.3,1411,8.8,145342,24.0,"Animation ,Action ,Adventure",8.0,4.0,2000.0
69,Dragon Ball Z,4,32,TV Series,8.0,1455,8.8,145342,24.0,"Animation ,Action ,Adventure",3.0,11.0,1999.0
69,Dragon Ball Z,4,31,TV Series,8.0,1474,8.8,145342,24.0,"Animation ,Action ,Adventure",2.0,11.0,1999.0
69,Dragon Ball Z,4,30,TV Series,8.2,1487,8.8,145342,24.0,"Animation ,Action ,Adventure",1.0,11.0,1999.0
69,Dragon Ball Z,4,29,TV Series,8.5,1565,8.8,145342,24.0,"Animation ,Action ,Adventure",29.0,10.0,1999.0
69,Dragon Ball Z,4,28,TV Series,8.2,1493,8.8,145342,24.0,"Animation ,Action ,Adventure",28.0,10.0,1999.0
69,Dragon Ball Z,4,27,TV Series,8.2,1490,8.8,145342,24.0,"Animation ,Action ,Adventure",27.0,10.0,1999.0
69,Dragon Ball Z,4,26,TV Series,8.0,1436,8.8,145342,24.0,"Animation ,Action ,Adventure",26.0,10.0,1999.0
69,Dragon Ball Z,4,25,TV Series,7.9,1454,8.8,145342,24.0,"Animation ,Action ,Adventure",25.0,10.0,1999.0
69,Dragon Ball Z,4,24,TV Series,8.0,1476,8.8,145342,24.0,"Animation ,Action ,Adventure",22.0,10.0,1999.0
69,Dragon Ball Z,4,23,TV Series,8.1,1479,8.8,145342,24.0,"Animation ,Action ,Adventure",21.0,10.0,1999.0
69,Dragon Ball Z,4,22,TV Series,8.2,1501,8.8,145342,24.0,"Animation ,Action ,Adventure",20.0,10.0,1999.0
69,Dragon Ball Z,7,3,TV Series,8.1,1412,8.8,145342,24.0,"Animation ,Action ,Adventure",16.0,9.0,2000.0
69,Dragon Ball Z,7,2,TV Series,8.0,1411,8.8,145342,24.0,"Animation ,Action ,Adventure",15.0,9.0,2000.0
69,Dragon Ball Z,7,1,TV Series,8.1,1410,8.8,145342,24.0,"Animation ,Action ,Adventure",14.0,9.0,2000.0
69,Dragon Ball Z,6,8,TV Series,7.4,1416,8.8,145342,24.0,"Animation ,Action ,Adventure",13.0,9.0,2000.0
69,Dragon Ball Z,6,7,TV Series,7.5,1382,8.8,145342,24.0,"Animation ,Action ,Adventure",12.0,9.0,2000.0
69,Dragon Ball Z,6,6,TV Series,7.2,1384,8.8,145342,24.0,"Animation ,Action ,Adventure",11.0,9.0,2000.0
69,Dragon Ball Z,6,5,TV Series,8.4,1469,8.8,145342,24.0,"Animation ,Action ,Adventure",8.0,9.0,2000.0
69,Dragon Ball Z,6,4,TV Series,8.1,1405,8.8,145342,24.0,"Animation ,Action ,Adventure",7.0,9.0,2000.0
69,Dragon Ball Z,6,3,TV Series,8.7,1624,8.8,145342,24.0,"Animation ,Action ,Adventure",6.0,9.0,2000.0
69,Dragon Ball Z,6,2,TV Series,8.2,1454,8.8,145342,24.0,"Animation ,Action ,Adventure",5.0,9.0,2000.0
69,Dragon Ball Z,6,1,TV Series,8.0,1444,8.8,145342,24.0,"Animation ,Action ,Adventure",4.0,9.0,2000.0
69,Dragon Ball Z,5,10,TV Series,6.8,1393,8.8,145342,24.0,"Animation ,Action ,Adventure",1.0,9.0,2000.0
69,Dragon Ball Z,5,9,TV Series,7.6,1393,8.8,145342,24.0,"Animation ,Action ,Adventure",27.0,5.0,2000.0
69,Dragon Ball Z,5,8,TV Series,7.5,1394,8.8,145342,24.0,"Animation ,Action ,Adventure",27.0,5.0,2000.0
69,Dragon Ball Z,5,7,TV Series,7.5,1391,8.8,145342,24.0,"Animation ,Action ,Adventure",20.0,5.0,2000.0
69,Dragon Ball Z,5,6,TV Series,7.5,1393,8.8,145342,24.0,"Animation ,Action ,Adventure",13.0,5.0,2000.0
69,Dragon Ball Z,8,5,TV Series,7.6,1335,8.8,145342,24.0,"Animation ,Action ,Adventure",10.0,10.0,2000.0
69,Dragon Ball Z,8,4,TV Series,7.7,1339,8.8,145342,24.0,"Animation ,Action ,Adventure",9.0,10.0,2000.0
69,Dragon Ball Z,8,3,TV Series,7.7,1345,8.8,145342,24.0,"Animation ,Action ,Adventure",6.0,10.0,2000.0
69,Dragon Ball Z,8,2,TV Series,7.6,1334,8.8,145342,24.0,"Animation ,Action ,Adventure",5.0,10.0,2000.0
69,Dragon Ball Z,8,1,TV Series,7.5,1353,8.8,145342,24.0,"Animation ,Action ,Adventure",4.0,10.0,2000.0
69,Dragon Ball Z,7,14,TV Series,7.4,1341,8.8,145342,24.0,"Animation ,Action ,Adventure",3.0,10.0,2000.0
69,Dragon Ball Z,7,13,TV Series,7.2,1338,8.8,145342,24.0,"Animation ,Action ,Adventure",2.0,10.0,2000.0
69,Dragon Ball Z,7,12,TV Series,7.3,1341,8.8,145342,24.0,"Animation ,Action ,Adventure",29.0,9.0,2000.0
69,Dragon Ball Z,7,11,TV Series,7.8,1365,8.8,145342,24.0,"Animation ,Action ,Adventure",28.0,9.0,2000.0
69,Dragon Ball Z,7,10,TV Series,7.8,1411,8.8,145342,24.0,"Animation ,Action ,Adventure",27.0,9.0,2000.0
69,Dragon Ball Z,7,9,TV Series,7.8,1361,8.8,145342,24.0,"Animation ,Action ,Adventure",26.0,9.0,2000.0
69,Dragon Ball Z,7,8,TV Series,7.7,1351,8.8,145342,24.0,"Animation ,Action ,Adventure",25.0,9.0,2000.0
69,Dragon Ball Z,7,7,TV Series,7.8,1346,8.8,145342,24.0,"Animation ,Action ,Adventure",22.0,9.0,2000.0
69,Dragon Ball Z,7,6,TV Series,7.8,1355,8.8,145342,24.0,"Animation ,Action ,Adventure",21.0,9.0,2000.0
69,Dragon Ball Z,7,5,TV Series,8.2,1426,8.8,145342,24.0,"Animation ,Action ,Adventure",20.0,9.0,2000.0
69,Dragon Ball Z,7,4,TV Series,8.4,1495,8.8,145342,24.0,"Animation ,Action ,Adventure",19.0,9.0,2000.0
69,Dragon Ball Z,9,8,TV Series,7.4,1384,8.8,145342,24.0,"Animation ,Action ,Adventure",1.0,11.0,2000.0
69,Dragon Ball Z,9,7,TV Series,7.4,1357,8.8,145342,24.0,"Animation ,Action ,Adventure",31.0,10.0,2000.0
69,Dragon Ball Z,9,6,TV Series,7.5,1335,8.8,145342,24.0,"Animation ,Action ,Adventure",30.0,10.0,2000.0
69,Dragon Ball Z,9,5,TV Series,7.6,1338,8.8,145342,24.0,"Animation ,Action ,Adventure",27.0,10.0,2000.0
69,Dragon Ball Z,9,4,TV Series,8.0,1386,8.8,145342,24.0,"Animation ,Action ,Adventure",26.0,10.0,2000.0
69,Dragon Ball Z,9,3,TV Series,8.2,1438,8.8,145342,24.0,"Animation ,Action ,Adventure",25.0,10.0,2000.0
69,Dragon Ball Z,9,2,TV Series,7.7,1343,8.8,145342,24.0,"Animation ,Action ,Adventure",24.0,10.0,2000.0
69,Dragon Ball Z,9,1,TV Series,7.9,1367,8.8,145342,24.0,"Animation ,Action ,Adventure",23.0,10.0,2000.0
69,Dragon Ball Z,8,13,TV Series,7.8,1341,8.8,145342,24.0,"Animation ,Action ,Adventure",20.0,10.0,2000.0
69,Dragon Ball Z,8,12,TV Series,7.8,1338,8.8,145342,24.0,"Animation ,Action ,Adventure",19.0,10.0,2000.0
69,Dragon Ball Z,8,11,TV Series,7.8,1335,8.8,145342,24.0,"Animation ,Action ,Adventure",18.0,10.0,2000.0
69,Dragon Ball Z,8,10,TV Series,7.8,1334,8.8,145342,24.0,"Animation ,Action ,Adventure",17.0,10.0,2000.0
69,Dragon Ball Z,8,9,TV Series,7.8,1331,8.8,145342,24.0,"Animation ,Action ,Adventure",16.0,10.0,2000.0
69,Dragon Ball Z,8,8,TV Series,7.4,1343,8.8,145342,24.0,"Animation ,Action ,Adventure",13.0,10.0,2000.0
69,Dragon Ball Z,8,7,TV Series,7.5,1346,8.8,145342,24.0,"Animation ,Action ,Adventure",12.0,10.0,2000.0
69,Dragon Ball Z,8,6,TV Series,7.4,1324,8.8,145342,24.0,"Animation ,Action ,Adventure",11.0,10.0,2000.0
69,Dragon Ball Z,10,11,TV Series,7.6,1410,8.8,145342,24.0,"Animation ,Action ,Adventure",28.0,11.0,2000.0
69,Dragon Ball Z,10,10,TV Series,7.0,1371,8.8,145342,24.0,"Animation ,Action ,Adventure",27.0,11.0,2000.0
69,Dragon Ball Z,10,9,TV Series,7.1,1355,8.8,145342,24.0,"Animation ,Action ,Adventure",23.0,11.0,2000.0
69,Dragon Ball Z,10,8,TV Series,7.2,1361,8.8,145342,24.0,"Animation ,Action ,Adventure",22.0,11.0,2000.0
69,Dragon Ball Z,10,7,TV Series,7.0,1373,8.8,145342,24.0,"Animation ,Action ,Adventure",21.0,11.0,2000.0
69,Dragon Ball Z,10,6,TV Series,6.9,1361,8.8,145342,24.0,"Animation ,Action ,Adventure",20.0,11.0,2000.0
69,Dragon Ball Z,10,5,TV Series,7.0,1364,8.8,145342,24.0,"Animation ,Action ,Adventure",16.0,11.0,2000.0
69,Dragon Ball Z,10,4,TV Series,7.2,1371,8.8,145342,24.0,"Animation ,Action ,Adventure",15.0,11.0,2000.0
69,Dragon Ball Z,10,3,TV Series,7.0,1373,8.8,145342,24.0,"Animation ,Action ,Adventure",14.0,11.0,2000.0
69,Dragon Ball Z,10,2,TV Series,6.9,1370,8.8,145342,24.0,"Animation ,Action ,Adventure",13.0,11.0,2000.0
69,Dragon Ball Z,10,1,TV Series,6.9,1370,8.8,145342,24.0,"Animation ,Action ,Adventure",9.0,11.0,2000.0
69,Dragon Ball Z,9,13,TV Series,7.2,1377,8.8,145342,24.0,"Animation ,Action ,Adventure",8.0,11.0,2000.0
69,Dragon Ball Z,9,12,TV Series,7.4,1380,8.8,145342,24.0,"Animation ,Action ,Adventure",7.0,11.0,2000.0
69,Dragon Ball Z,9,11,TV Series,7.2,1381,8.8,145342,24.0,"Animation ,Action ,Adventure",6.0,11.0,2000.0
69,Dragon Ball Z,9,10,TV Series,7.4,1380,8.8,145342,24.0,"Animation ,Action ,Adventure",3.0,11.0,2000.0
69,Dragon Ball Z,9,9,TV Series,7.3,1384,8.8,145342,24.0,"Animation ,Action ,Adventure",2.0,11.0,2000.0
69,Dragon Ball Z,10,27,TV Series,7.6,1377,8.8,145342,24.0,"Animation ,Action ,Adventure",27.0,12.0,2000.0
69,Dragon Ball Z,10,26,TV Series,8.0,1537,8.8,145342,24.0,"Animation ,Action ,Adventure",26.0,12.0,2000.0
69,Dragon Ball Z,10,25,TV Series,7.1,1426,8.8,145342,24.0,"Animation ,Action ,Adventure",21.0,12.0,2000.0
69,Dragon Ball Z,10,24,TV Series,7.1,1400,8.8,145342,24.0,"Animation ,Action ,Adventure",20.0,12.0,2000.0
69,Dragon Ball Z,10,23,TV Series,8.1,1420,8.8,145342,24.0,"Animation ,Action ,Adventure",19.0,12.0,2000.0
69,Dragon Ball Z,10,22,TV Series,7.8,1375,8.8,145342,24.0,"Animation ,Action ,Adventure",18.0,12.0,2000.0
69,Dragon Ball Z,10,21,TV Series,8.1,1423,8.8,145342,24.0,"Animation ,Action ,Adventure",14.0,12.0,2000.0
69,Dragon Ball Z,10,20,TV Series,8.2,1492,8.8,145342,24.0,"Animation ,Action ,Adventure",13.0,12.0,2000.0
69,Dragon Ball Z,10,19,TV Series,7.8,1391,8.8,145342,24.0,"Animation ,Action ,Adventure",12.0,12.0,2000.0
69,Dragon Ball Z,10,18,TV Series,7.7,1366,8.8,145342,24.0,"Animation ,Action ,Adventure",11.0,12.0,2000.0
69,Dragon Ball Z,10,17,TV Series,7.3,1380,8.8,145342,24.0,"Animation ,Action ,Adventure",7.0,12.0,2000.0
69,Dragon Ball Z,10,16,TV Series,7.5,1380,8.8,145342,24.0,"Animation ,Action ,Adventure",6.0,12.0,2000.0
69,Dragon Ball Z,10,15,TV Series,7.5,1378,8.8,145342,24.0,"Animation ,Action ,Adventure",5.0,12.0,2000.0
69,Dragon Ball Z,10,14,TV Series,7.5,1389,8.8,145342,24.0,"Animation ,Action ,Adventure",4.0,12.0,2000.0
69,Dragon Ball Z,10,13,TV Series,7.3,1383,8.8,145342,24.0,"Animation ,Action ,Adventure",30.0,11.0,2000.0
69,Dragon Ball Z,10,12,TV Series,7.5,1411,8.8,145342,24.0,"Animation ,Action ,Adventure",29.0,11.0,2000.0
69,Dragon Ball Z,11,14,TV Series,7.8,1360,8.8,145342,24.0,"Animation ,Action ,Adventure",26.0,9.0,2001.0
69,Dragon Ball Z,11,13,TV Series,7.1,1344,8.8,145342,24.0,"Animation ,Action ,Adventure",25.0,9.0,2001.0
69,Dragon Ball Z,11,12,TV Series,7.2,1353,8.8,145342,24.0,"Animation ,Action ,Adventure",24.0,9.0,2001.0
69,Dragon Ball Z,11,11,TV Series,6.9,1356,8.8,145342,24.0,"Animation ,Action ,Adventure",21.0,9.0,2001.0
69,Dragon Ball Z,11,10,TV Series,7.0,1341,8.8,145342,24.0,"Animation ,Action ,Adventure",20.0,9.0,2001.0
69,Dragon Ball Z,11,9,TV Series,6.9,1344,8.8,145342,24.0,"Animation ,Action ,Adventure",19.0,9.0,2001.0
69,Dragon Ball Z,11,8,TV Series,6.4,1348,8.8,145342,24.0,"Animation ,Action ,Adventure",27.0,9.0,2001.0
69,Dragon Ball Z,11,7,TV Series,6.9,1363,8.8,145342,24.0,"Animation ,Action ,Adventure",18.0,9.0,2001.0
69,Dragon Ball Z,11,6,TV Series,7.2,1378,8.8,145342,24.0,"Animation ,Action ,Adventure",17.0,9.0,2001.0
69,Dragon Ball Z,11,5,TV Series,8.0,1369,8.8,145342,24.0,"Animation ,Action ,Adventure",14.0,9.0,2001.0
69,Dragon Ball Z,11,4,TV Series,7.8,1350,8.8,145342,24.0,"Animation ,Action ,Adventure",13.0,9.0,2001.0
69,Dragon Ball Z,11,3,TV Series,7.6,1358,8.8,145342,24.0,"Animation ,Action ,Adventure",12.0,9.0,2001.0
69,Dragon Ball Z,11,2,TV Series,7.5,1341,8.8,145342,24.0,"Animation ,Action ,Adventure",11.0,9.0,2001.0
69,Dragon Ball Z,11,1,TV Series,8.0,1389,8.8,145342,24.0,"Animation ,Action ,Adventure",10.0,9.0,2001.0
69,Dragon Ball Z,10,29,TV Series,7.9,1395,8.8,145342,24.0,"Animation ,Action ,Adventure",29.0,12.0,2000.0
69,Dragon Ball Z,10,28,TV Series,7.3,1356,8.8,145342,24.0,"Animation ,Action ,Adventure",28.0,12.0,2000.0
69,Dragon Ball Z,13,5,TV Series,7.1,1348,8.8,145342,24.0,"Animation ,Action ,Adventure",22.0,10.0,2001.0
69,Dragon Ball Z,13,4,TV Series,7.8,1386,8.8,145342,24.0,"Animation ,Action ,Adventure",18.0,10.0,2001.0
69,Dragon Ball Z,13,3,TV Series,8.0,1403,8.8,145342,24.0,"Animation ,Action ,Adventure",17.0,10.0,2001.0
69,Dragon Ball Z,13,2,TV Series,7.9,1356,8.8,145342,24.0,"Animation ,Action ,Adventure",16.0,10.0,2001.0
69,Dragon Ball Z,13,1,TV Series,7.9,1359,8.8,145342,24.0,"Animation ,Action ,Adventure",15.0,10.0,2001.0
69,Dragon Ball Z,12,10,TV Series,7.9,1356,8.8,145342,24.0,"Animation ,Action ,Adventure",12.0,10.0,2001.0
69,Dragon Ball Z,12,9,TV Series,7.8,1348,8.8,145342,24.0,"Animation ,Action ,Adventure",11.0,10.0,2001.0
69,Dragon Ball Z,12,8,TV Series,8.1,1393,8.8,145342,24.0,"Animation ,Action ,Adventure",10.0,10.0,2001.0
69,Dragon Ball Z,12,7,TV Series,8.0,1378,8.8,145342,24.0,"Animation ,Action ,Adventure",9.0,10.0,2001.0
69,Dragon Ball Z,12,6,TV Series,7.6,1338,8.8,145342,24.0,"Animation ,Action ,Adventure",8.0,10.0,2001.0
69,Dragon Ball Z,12,5,TV Series,7.6,1346,8.8,145342,24.0,"Animation ,Action ,Adventure",5.0,10.0,2001.0
69,Dragon Ball Z,12,4,TV Series,7.0,1345,8.8,145342,24.0,"Animation ,Action ,Adventure",4.0,10.0,2001.0
69,Dragon Ball Z,12,3,TV Series,7.3,1340,8.8,145342,24.0,"Animation ,Action ,Adventure",3.0,10.0,2001.0
69,Dragon Ball Z,12,2,TV Series,7.4,1349,8.8,145342,24.0,"Animation ,Action ,Adventure",2.0,10.0,2001.0
69,Dragon Ball Z,12,1,TV Series,7.7,1357,8.8,145342,24.0,"Animation ,Action ,Adventure",28.0,9.0,2001.0
69,Dragon Ball Z,11,15,TV Series,7.5,1338,8.8,145342,24.0,"Animation ,Action ,Adventure",27.0,9.0,2001.0
69,Dragon Ball Z,14,9,TV Series,7.4,1353,8.8,145342,24.0,"Animation ,Action ,Adventure",18.0,9.0,2002.0
69,Dragon Ball Z,14,8,TV Series,7.5,1364,8.8,145342,24.0,"Animation ,Action ,Adventure",17.0,9.0,2002.0
69,Dragon Ball Z,14,7,TV Series,7.8,1367,8.8,145342,24.0,"Animation ,Action ,Adventure",16.0,9.0,2002.0
69,Dragon Ball Z,14,6,TV Series,9.2,2237,8.8,145342,24.0,"Animation ,Action ,Adventure",13.0,11.0,2001.0
69,Dragon Ball Z,14,5,TV Series,8.2,1430,8.8,145342,24.0,"Animation ,Action ,Adventure",12.0,11.0,2001.0
69,Dragon Ball Z,14,4,TV Series,7.9,1364,8.8,145342,24.0,"Animation ,Action ,Adventure",8.0,11.0,2001.0
69,Dragon Ball Z,14,3,TV Series,7.7,1352,8.8,145342,24.0,"Animation ,Action ,Adventure",7.0,11.0,2001.0
69,Dragon Ball Z,14,2,TV Series,7.8,1351,8.8,145342,24.0,"Animation ,Action ,Adventure",6.0,11.0,2001.0
69,Dragon Ball Z,14,1,TV Series,7.6,1345,8.8,145342,24.0,"Animation ,Action ,Adventure",2.0,11.0,2001.0
69,Dragon Ball Z,13,12,TV Series,7.8,1351,8.8,145342,24.0,"Animation ,Action ,Adventure",1.0,11.0,2001.0
69,Dragon Ball Z,13,11,TV Series,8.3,1491,8.8,145342,24.0,"Animation ,Action ,Adventure",31.0,10.0,2001.0
69,Dragon Ball Z,13,10,TV Series,8.4,1522,8.8,145342,24.0,"Animation ,Action ,Adventure",30.0,10.0,2001.0
69,Dragon Ball Z,13,9,TV Series,8.2,1464,8.8,145342,24.0,"Animation ,Action ,Adventure",29.0,10.0,2001.0
69,Dragon Ball Z,13,8,TV Series,8.0,1368,8.8,145342,24.0,"Animation ,Action ,Adventure",25.0,10.0,2001.0
69,Dragon Ball Z,13,7,TV Series,7.5,1344,8.8,145342,24.0,"Animation ,Action ,Adventure",24.0,10.0,2001.0
69,Dragon Ball Z,13,6,TV Series,7.2,1336,8.8,145342,24.0,"Animation ,Action ,Adventure",23.0,10.0,2001.0
69,Dragon Ball Z,15,3,TV Series,7.5,1359,8.8,145342,24.0,"Animation ,Action ,Adventure",16.0,10.0,2002.0
69,Dragon Ball Z,15,2,TV Series,8.0,1379,8.8,145342,24.0,"Animation ,Action ,Adventure",15.0,10.0,2002.0
69,Dragon Ball Z,15,1,TV Series,8.1,1397,8.8,145342,24.0,"Animation ,Action ,Adventure",14.0,10.0,2002.0
69,Dragon Ball Z,14,22,TV Series,8.0,1374,8.8,145342,24.0,"Animation ,Action ,Adventure",10.0,10.0,2002.0
69,Dragon Ball Z,14,21,TV Series,7.9,1368,8.8,145342,24.0,"Animation ,Action ,Adventure",9.0,10.0,2002.0
69,Dragon Ball Z,14,20,TV Series,7.2,1363,8.8,145342,24.0,"Animation ,Action ,Adventure",8.0,10.0,2002.0
69,Dragon Ball Z,14,19,TV Series,7.3,1349,8.8,145342,24.0,"Animation ,Action ,Adventure",7.0,10.0,2002.0
69,Dragon Ball Z,14,18,TV Series,7.3,1348,8.8,145342,24.0,"Animation ,Action ,Adventure",3.0,10.0,2002.0
69,Dragon Ball Z,14,17,TV Series,7.5,1370,8.8,145342,24.0,"Animation ,Action ,Adventure",2.0,10.0,2002.0
69,Dragon Ball Z,14,16,TV Series,7.0,1363,8.8,145342,24.0,"Animation ,Action ,Adventure",1.0,10.0,2002.0
69,Dragon Ball Z,14,15,TV Series,7.9,1375,8.8,145342,24.0,"Animation ,Action ,Adventure",30.0,9.0,2002.0
69,Dragon Ball Z,14,14,TV Series,8.1,1455,8.8,145342,24.0,"Animation ,Action ,Adventure",26.0,9.0,2002.0
69,Dragon Ball Z,14,13,TV Series,7.4,1354,8.8,145342,24.0,"Animation ,Action ,Adventure",25.0,9.0,2002.0
69,Dragon Ball Z,14,12,TV Series,7.4,1351,8.8,145342,24.0,"Animation ,Action ,Adventure",24.0,9.0,2002.0
69,Dragon Ball Z,14,11,TV Series,7.0,1357,8.8,145342,24.0,"Animation ,Action ,Adventure",23.0,9.0,2002.0
69,Dragon Ball Z,14,10,TV Series,7.5,1352,8.8,145342,24.0,"Animation ,Action ,Adventure",19.0,9.0,2002.0
69,Dragon Ball Z,15,19,TV Series,6.4,1388,8.8,145342,24.0,"Animation ,Action ,Adventure",13.0,11.0,2002.0
69,Dragon Ball Z,15,18,TV Series,6.7,1387,8.8,145342,24.0,"Animation ,Action ,Adventure",12.0,11.0,2002.0
69,Dragon Ball Z,15,17,TV Series,7.4,1380,8.8,145342,24.0,"Animation ,Action ,Adventure",11.0,11.0,2002.0
69,Dragon Ball Z,15,16,TV Series,7.3,1439,8.8,145342,24.0,"Animation ,Action ,Adventure",8.0,11.0,2002.0
69,Dragon Ball Z,15,15,TV Series,7.6,1383,8.8,145342,24.0,"Animation ,Action ,Adventure",7.0,11.0,2002.0
69,Dragon Ball Z,15,14,TV Series,7.3,1365,8.8,145342,24.0,"Animation ,Action ,Adventure",6.0,11.0,2002.0
69,Dragon Ball Z,15,13,TV Series,7.6,1367,8.8,145342,24.0,"Animation ,Action ,Adventure",5.0,11.0,2002.0
69,Dragon Ball Z,15,12,TV Series,7.7,1371,8.8,145342,24.0,"Animation ,Action ,Adventure",4.0,11.0,2002.0
69,Dragon Ball Z,15,11,TV Series,7.6,1369,8.8,145342,24.0,"Animation ,Action ,Adventure",30.0,10.0,2002.0
69,Dragon Ball Z,15,10,TV Series,8.0,1396,8.8,145342,24.0,"Animation ,Action ,Adventure",29.0,10.0,2002.0
69,Dragon Ball Z,15,9,TV Series,7.1,1377,8.8,145342,24.0,"Animation ,Action ,Adventure",28.0,10.0,2002.0
69,Dragon Ball Z,15,8,TV Series,6.9,1381,8.8,145342,24.0,"Animation ,Action ,Adventure",24.0,10.0,2002.0
69,Dragon Ball Z,15,7,TV Series,7.6,1371,8.8,145342,24.0,"Animation ,Action ,Adventure",23.0,10.0,2002.0
69,Dragon Ball Z,15,6,TV Series,7.5,1377,8.8,145342,24.0,"Animation ,Action ,Adventure",22.0,10.0,2002.0
69,Dragon Ball Z,15,5,TV Series,7.1,1372,8.8,145342,24.0,"Animation ,Action ,Adventure",21.0,10.0,2002.0
69,Dragon Ball Z,15,4,TV Series,7.3,1367,8.8,145342,24.0,"Animation ,Action ,Adventure",17.0,10.0,2002.0
69,Dragon Ball Z,16,13,TV Series,7.4,1379,8.8,145342,24.0,"Animation ,Action ,Adventure",2.0,4.0,2003.0
69,Dragon Ball Z,16,12,TV Series,7.5,1377,8.8,145342,24.0,"Animation ,Action ,Adventure",29.0,3.0,2003.0
69,Dragon Ball Z,16,11,TV Series,8.2,1488,8.8,145342,24.0,"Animation ,Action ,Adventure",28.0,3.0,2003.0
69,Dragon Ball Z,16,10,TV Series,8.0,1394,8.8,145342,24.0,"Animation ,Action ,Adventure",27.0,3.0,2003.0
69,Dragon Ball Z,16,9,TV Series,7.4,1369,8.8,145342,24.0,"Animation ,Action ,Adventure",26.0,3.0,2003.0
69,Dragon Ball Z,16,8,TV Series,7.5,1371,8.8,145342,24.0,"Animation ,Action ,Adventure",25.0,3.0,2003.0
69,Dragon Ball Z,16,7,TV Series,7.7,1371,8.8,145342,24.0,"Animation ,Action ,Adventure",24.0,3.0,2003.0
69,Dragon Ball Z,16,6,TV Series,7.8,1392,8.8,145342,24.0,"Animation ,Action ,Adventure",21.0,3.0,2003.0
69,Dragon Ball Z,16,5,TV Series,8.3,1496,8.8,145342,24.0,"Animation ,Action ,Adventure",20.0,3.0,2003.0
69,Dragon Ball Z,16,4,TV Series,7.6,1381,8.8,145342,24.0,"Animation ,Action ,Adventure",19.0,3.0,2003.0
69,Dragon Ball Z,16,3,TV Series,7.7,1391,8.8,145342,24.0,"Animation ,Action ,Adventure",18.0,3.0,2003.0
69,Dragon Ball Z,16,2,TV Series,7.7,1404,8.8,145342,24.0,"Animation ,Action ,Adventure",17.0,3.0,2003.0
69,Dragon Ball Z,16,1,TV Series,7.4,1393,8.8,145342,24.0,"Animation ,Action ,Adventure",19.0,11.0,2002.0
69,Dragon Ball Z,15,22,TV Series,7.1,1371,8.8,145342,24.0,"Animation ,Action ,Adventure",18.0,11.0,2002.0
69,Dragon Ball Z,15,21,TV Series,6.4,1362,8.8,145342,24.0,"Animation ,Action ,Adventure",15.0,11.0,2002.0
69,Dragon Ball Z,15,20,TV Series,6.7,1365,8.8,145342,24.0,"Animation ,Action ,Adventure",14.0,11.0,2002.0
69,Dragon Ball Z,Unknown,Unknown,TV Series,8.2,1359,8.8,145342,24.0,"Animation ,Action ,Adventure",27.0,9.0,1999.0
69,Dragon Ball Z,16,16,TV Series,7.0,1471,8.8,145342,24.0,"Animation ,Action ,Adventure",7.0,4.0,2003.0
69,Dragon Ball Z,16,15,TV Series,7.0,1373,8.8,145342,24.0,"Animation ,Action ,Adventure",4.0,4.0,2003.0
69,Dragon Ball Z,16,14,TV Series,6.6,1383,8.8,145342,24.0,"Animation ,Action ,Adventure",3.0,4.0,2003.0
69,Dragon Ball Z,1,26,TV Series,8.4,1594,8.8,145342,24.0,"Animation ,Action ,Adventure",24.0,5.0,1997.0
69,Dragon Ball Z,2,4,TV Series,7.6,1438,8.8,145342,24.0,"Animation ,Action ,Adventure",20.0,9.0,1997.0
69,Dragon Ball Z,2,3,TV Series,7.4,1447,8.8,145342,24.0,"Animation ,Action ,Adventure",20.0,9.0,1997.0
69,Dragon Ball Z,2,2,TV Series,7.6,1456,8.8,145342,24.0,"Animation ,Action ,Adventure",13.0,9.0,1997.0
69,Dragon Ball Z,2,1,TV Series,7.6,1458,8.8,145342,24.0,"Animation ,Action ,Adventure",24.0,5.0,1997.0
69,Dragon Ball Z,1,10,TV Series,7.3,1512,8.8,145342,24.0,"Animation ,Action ,Adventure",14.0,9.0,1998.0
69,Dragon Ball Z,2,15,TV Series,8.1,1463,8.8,145342,24.0,"Animation ,Action ,Adventure",1.0,11.0,1997.0
69,Dragon Ball Z,1,13,TV Series,7.7,1512,8.8,145342,24.0,"Animation ,Action ,Adventure",10.0,1.0,1997.0
69,Dragon Ball Z,1,12,TV Series,7.8,1510,8.8,145342,24.0,"Animation ,Action ,Adventure",3.0,1.0,1997.0
69,Dragon Ball Z,1,11,TV Series,7.6,1507,8.8,145342,24.0,"Animation ,Action ,Adventure",15.0,11.0,1996.0
69,Dragon Ball Z,2,16,TV Series,8.1,1466,8.8,145342,24.0,"Animation ,Action ,Adventure",1.0,11.0,1997.0
69,Dragon Ball Z,1,9,TV Series,7.3,1527,8.8,145342,24.0,"Animation ,Action ,Adventure",8.0,11.0,1996.0
69,Dragon Ball Z,1,8,TV Series,7.3,1523,8.8,145342,24.0,"Animation ,Action ,Adventure",1.0,11.0,1996.0
69,Dragon Ball Z,1,7,TV Series,7.5,1540,8.8,145342,24.0,"Animation ,Action ,Adventure",25.0,10.0,1996.0
69,Dragon Ball Z,1,6,TV Series,7.6,1534,8.8,145342,24.0,"Animation ,Action ,Adventure",18.0,10.0,1996.0
69,Dragon Ball Z,1,5,TV Series,7.8,1539,8.8,145342,24.0,"Animation ,Action ,Adventure",11.0,10.0,1996.0
69,Dragon Ball Z,1,4,TV Series,8.1,1597,8.8,145342,24.0,"Animation ,Action ,Adventure",10.0,10.0,1996.0
69,Dragon Ball Z,1,3,TV Series,8.1,1600,8.8,145342,24.0,"Animation ,Action ,Adventure",27.0,9.0,1996.0
69,Dragon Ball Z,1,2,TV Series,8.0,1643,8.8,145342,24.0,"Animation ,Action ,Adventure",20.0,9.0,1996.0
69,Dragon Ball Z,2,7,TV Series,8.0,1492,8.8,145342,24.0,"Animation ,Action ,Adventure",3.0,10.0,1997.0
69,Dragon Ball Z,2,6,TV Series,8.0,1470,8.8,145342,24.0,"Animation ,Action ,Adventure",27.0,9.0,1997.0
69,Dragon Ball Z,3,5,TV Series,7.9,1422,8.8,145342,24.0,"Animation ,Action ,Adventure",16.0,9.0,1999.0
69,Dragon Ball Z,1,16,TV Series,7.9,1524,8.8,145342,24.0,"Animation ,Action ,Adventure",1.0,2.0,1997.0
69,Dragon Ball Z,1,17,TV Series,7.9,1524,8.8,145342,24.0,"Animation ,Action ,Adventure",8.0,2.0,1997.0
69,Dragon Ball Z,1,1,TV Series,7.8,1823,8.8,145342,24.0,"Animation ,Action ,Adventure",13.0,9.0,1996.0
70,Narcos,2,5,TV Series,8.5,4740,8.8,465025,49.0,"Biography ,Crime ,Drama",2.0,9.0,2016.0
70,Narcos,2,4,TV Series,9.3,6537,8.8,465025,49.0,"Biography ,Crime ,Drama",2.0,9.0,2016.0
70,Narcos,2,3,TV Series,8.6,4973,8.8,465025,49.0,"Biography ,Crime ,Drama",2.0,9.0,2016.0
70,Narcos,2,1,TV Series,8.3,5358,8.8,465025,49.0,"Biography ,Crime ,Drama",2.0,9.0,2016.0
70,Narcos,2,2,TV Series,8.5,5085,8.8,465025,49.0,"Biography ,Crime ,Drama",2.0,9.0,2016.0
70,Narcos,1,1,TV Series,8.8,9484,8.8,465025,49.0,"Biography ,Crime ,Drama",28.0,8.0,2015.0
70,Narcos,1,2,TV Series,8.4,7181,8.8,465025,49.0,"Biography ,Crime ,Drama",28.0,8.0,2015.0
70,Narcos,1,3,TV Series,8.4,6594,8.8,465025,49.0,"Biography ,Crime ,Drama",28.0,8.0,2015.0
70,Narcos,1,4,TV Series,8.6,6499,8.8,465025,49.0,"Biography ,Crime ,Drama",28.0,8.0,2015.0
70,Narcos,1,7,TV Series,8.5,5815,8.8,465025,49.0,"Biography ,Crime ,Drama",28.0,8.0,2015.0
70,Narcos,1,10,TV Series,8.8,6156,8.8,465025,49.0,"Biography ,Crime ,Drama",28.0,8.0,2015.0
70,Narcos,1,8,TV Series,8.9,6248,8.8,465025,49.0,"Biography ,Crime ,Drama",28.0,8.0,2015.0
70,Narcos,1,5,TV Series,8.3,6031,8.8,465025,49.0,"Biography ,Crime ,Drama",28.0,8.0,2015.0
70,Narcos,1,6,TV Series,9.0,6733,8.8,465025,49.0,"Biography ,Crime ,Drama",28.0,8.0,2015.0
70,Narcos,2,6,TV Series,9.1,5565,8.8,465025,49.0,"Biography ,Crime ,Drama",2.0,9.0,2016.0
70,Narcos,3,3,TV Series,8.0,3946,8.8,465025,49.0,"Biography ,Crime ,Drama",1.0,9.0,2017.0
70,Narcos,3,4,TV Series,8.9,4247,8.8,465025,49.0,"Biography ,Crime ,Drama",1.0,9.0,2017.0
70,Narcos,3,10,TV Series,9.1,4517,8.8,465025,49.0,"Biography ,Crime ,Drama",1.0,9.0,2017.0
70,Narcos,3,9,TV Series,9.3,4707,8.8,465025,49.0,"Biography ,Crime ,Drama",1.0,9.0,2017.0
70,Narcos,3,5,TV Series,8.4,3846,8.8,465025,49.0,"Biography ,Crime ,Drama",1.0,9.0,2017.0
70,Narcos,3,6,TV Series,8.8,3987,8.8,465025,49.0,"Biography ,Crime ,Drama",1.0,9.0,2017.0
70,Narcos,3,7,TV Series,8.9,4050,8.8,465025,49.0,"Biography ,Crime ,Drama",1.0,9.0,2017.0
70,Narcos,3,8,TV Series,8.7,3916,8.8,465025,49.0,"Biography ,Crime ,Drama",1.0,9.0,2017.0
70,Narcos,1,9,TV Series,8.6,5713,8.8,465025,49.0,"Biography ,Crime ,Drama",28.0,8.0,2015.0
70,Narcos,3,2,TV Series,7.9,4017,8.8,465025,49.0,"Biography ,Crime ,Drama",1.0,9.0,2017.0
70,Narcos,3,1,TV Series,7.9,4763,8.8,465025,49.0,"Biography ,Crime ,Drama",1.0,9.0,2017.0
70,Narcos,2,10,TV Series,9.4,7799,8.8,465025,49.0,"Biography ,Crime ,Drama",2.0,9.0,2016.0
70,Narcos,2,9,TV Series,8.5,4800,8.8,465025,49.0,"Biography ,Crime ,Drama",2.0,9.0,2016.0
70,Narcos,2,8,TV Series,8.7,4830,8.8,465025,49.0,"Biography ,Crime ,Drama",2.0,9.0,2016.0
70,Narcos,2,7,TV Series,8.6,4851,8.8,465025,49.0,"Biography ,Crime ,Drama",2.0,9.0,2016.0
71,Chappelle's Show,1,8,TV Series,7.7,536,8.8,71191,22.0,"Comedy ,Music",12.0,3.0,2003.0
71,Chappelle's Show,1,7,TV Series,7.7,562,8.8,71191,22.0,"Comedy ,Music",5.0,3.0,2003.0
71,Chappelle's Show,1,6,TV Series,8.0,649,8.8,71191,22.0,"Comedy ,Music",26.0,2.0,2003.0
71,Chappelle's Show,1,5,TV Series,7.8,622,8.8,71191,22.0,"Comedy ,Music",19.0,2.0,2003.0
71,Chappelle's Show,1,4,TV Series,7.8,638,8.8,71191,22.0,"Comedy ,Music",12.0,2.0,2003.0
71,Chappelle's Show,1,2,TV Series,7.9,740,8.8,71191,22.0,"Comedy ,Music",29.0,1.0,2003.0
71,Chappelle's Show,1,1,TV Series,8.6,1055,8.8,71191,22.0,"Comedy ,Music",22.0,1.0,2003.0
71,Chappelle's Show,2,16,TV Series,7.5,178,8.8,71191,22.0,"Comedy ,Music",3.0,5.0,2004.0
71,Chappelle's Show,2,15,TV Series,7.1,188,8.8,71191,22.0,"Comedy ,Music",27.0,4.0,2004.0
71,Chappelle's Show,2,14,TV Series,7.5,184,8.8,71191,22.0,"Comedy ,Music",21.0,4.0,2004.0
71,Chappelle's Show,2,13,TV Series,8.1,462,8.8,71191,22.0,"Comedy ,Music",14.0,4.0,2004.0
71,Chappelle's Show,2,12,TV Series,9.0,632,8.8,71191,22.0,"Comedy ,Music",7.0,4.0,2004.0
71,Chappelle's Show,2,11,TV Series,7.5,420,8.8,71191,22.0,"Comedy ,Music",31.0,3.0,2004.0
71,Chappelle's Show,2,10,TV Series,8.1,479,8.8,71191,22.0,"Comedy ,Music",24.0,3.0,2004.0
71,Chappelle's Show,2,9,TV Series,8.0,438,8.8,71191,22.0,"Comedy ,Music",17.0,3.0,2004.0
71,Chappelle's Show,2,8,TV Series,8.1,470,8.8,71191,22.0,"Comedy ,Music",10.0,3.0,2004.0
71,Chappelle's Show,2,7,TV Series,8.0,477,8.8,71191,22.0,"Comedy ,Music",3.0,3.0,2004.0
71,Chappelle's Show,2,6,TV Series,7.9,484,8.8,71191,22.0,"Comedy ,Music",25.0,2.0,2004.0
71,Chappelle's Show,2,5,TV Series,8.8,618,8.8,71191,22.0,"Comedy ,Music",18.0,2.0,2004.0
71,Chappelle's Show,2,4,TV Series,9.4,1051,8.8,71191,22.0,"Comedy ,Music",11.0,2.0,2004.0
71,Chappelle's Show,2,3,TV Series,8.0,501,8.8,71191,22.0,"Comedy ,Music",4.0,2.0,2004.0
71,Chappelle's Show,2,2,TV Series,8.4,556,8.8,71191,22.0,"Comedy ,Music",28.0,1.0,2004.0
71,Chappelle's Show,2,1,TV Series,8.6,598,8.8,71191,22.0,"Comedy ,Music",21.0,1.0,2004.0
71,Chappelle's Show,3,3,TV Series,7.3,312,8.8,71191,22.0,"Comedy ,Music",23.0,7.0,2006.0
71,Chappelle's Show,3,2,TV Series,7.4,296,8.8,71191,22.0,"Comedy ,Music",16.0,7.0,2006.0
71,Chappelle's Show,3,1,TV Series,7.7,388,8.8,71191,22.0,"Comedy ,Music",9.0,7.0,2006.0
71,Chappelle's Show,1,3,TV Series,7.5,657,8.8,71191,22.0,"Comedy ,Music",5.0,2.0,2003.0
71,Chappelle's Show,1,14,TV Series,7.4,212,8.8,71191,22.0,"Comedy ,Music",16.0,7.0,2003.0
71,Chappelle's Show,1,13,TV Series,7.6,221,8.8,71191,22.0,"Comedy ,Music",16.0,4.0,2003.0
71,Chappelle's Show,1,12,TV Series,7.7,497,8.8,71191,22.0,"Comedy ,Music",9.0,4.0,2003.0
71,Chappelle's Show,1,11,TV Series,7.6,504,8.8,71191,22.0,"Comedy ,Music",2.0,4.0,2003.0
71,Chappelle's Show,1,10,TV Series,8.0,525,8.8,71191,22.0,"Comedy ,Music",26.0,3.0,2003.0
71,Chappelle's Show,1,9,TV Series,7.9,559,8.8,71191,22.0,"Comedy ,Music",19.0,3.0,2003.0
72,Dragon Ball Z,1,17,TV Series,7.2,1349,8.8,86733,24.0,"Animation ,Action ,Adventure",30.0,8.0,1989.0
72,Dragon Ball Z,1,16,TV Series,6.5,1346,8.8,86733,24.0,"Animation ,Action ,Adventure",16.0,8.0,1989.0
72,Dragon Ball Z,1,15,TV Series,6.7,1351,8.8,86733,24.0,"Animation ,Action ,Adventure",9.0,8.0,1989.0
72,Dragon Ball Z,1,14,TV Series,6.7,1361,8.8,86733,24.0,"Animation ,Action ,Adventure",2.0,8.0,1989.0
72,Dragon Ball Z,1,45,TV Series,7.8,1325,8.8,86733,24.0,"Animation ,Action ,Adventure",25.0,4.0,1990.0
72,Dragon Ball Z,1,44,TV Series,7.5,1330,8.8,86733,24.0,"Animation ,Action ,Adventure",18.0,4.0,1990.0
72,Dragon Ball Z,1,43,TV Series,7.0,1287,8.8,86733,24.0,"Animation ,Action ,Adventure",11.0,4.0,1990.0
72,Dragon Ball Z,1,42,TV Series,7.2,1306,8.8,86733,24.0,"Animation ,Action ,Adventure",4.0,4.0,1990.0
72,Dragon Ball Z,1,41,TV Series,6.9,1289,8.8,86733,24.0,"Animation ,Action ,Adventure",21.0,3.0,1990.0
72,Dragon Ball Z,1,40,TV Series,6.8,1289,8.8,86733,24.0,"Animation ,Action ,Adventure",14.0,3.0,1990.0
72,Dragon Ball Z,1,39,TV Series,6.8,1293,8.8,86733,24.0,"Animation ,Action ,Adventure",7.0,3.0,1990.0
72,Dragon Ball Z,1,38,TV Series,6.9,1299,8.8,86733,24.0,"Animation ,Action ,Adventure",28.0,2.0,1990.0
72,Dragon Ball Z,1,37,TV Series,7.2,1300,8.8,86733,24.0,"Animation ,Action ,Adventure",21.0,2.0,1990.0
72,Dragon Ball Z,1,36,TV Series,7.5,1313,8.8,86733,24.0,"Animation ,Action ,Adventure",14.0,2.0,1990.0
72,Dragon Ball Z,1,35,TV Series,8.1,1281,8.8,86733,24.0,"Animation ,Action ,Adventure",7.0,2.0,1990.0
72,Dragon Ball Z,1,34,TV Series,7.9,1325,8.8,86733,24.0,"Animation ,Action ,Adventure",31.0,1.0,1990.0
72,Dragon Ball Z,1,33,TV Series,7.8,1323,8.8,86733,24.0,"Animation ,Action ,Adventure",24.0,1.0,1990.0
72,Dragon Ball Z,1,32,TV Series,7.8,1323,8.8,86733,24.0,"Animation ,Action ,Adventure",17.0,1.0,1990.0
72,Dragon Ball Z,1,31,TV Series,8.2,1412,8.8,86733,24.0,"Animation ,Action ,Adventure",20.0,12.0,1989.0
72,Dragon Ball Z,1,30,TV Series,8.1,1412,8.8,86733,24.0,"Animation ,Action ,Adventure",13.0,12.0,1989.0
72,Dragon Ball Z,1,50,TV Series,7.6,1313,8.8,86733,24.0,"Animation ,Action ,Adventure",30.0,5.0,1990.0
72,Dragon Ball Z,1,26,TV Series,7.3,1332,8.8,86733,24.0,"Animation ,Action ,Adventure",8.0,11.0,1989.0
72,Dragon Ball Z,1,48,TV Series,7.8,1369,8.8,86733,24.0,"Animation ,Action ,Adventure",16.0,5.0,1990.0
72,Dragon Ball Z,1,47,TV Series,7.7,1329,8.8,86733,24.0,"Animation ,Action ,Adventure",9.0,5.0,1990.0
72,Dragon Ball Z,1,46,TV Series,7.6,1329,8.8,86733,24.0,"Animation ,Action ,Adventure",2.0,5.0,1990.0
72,Dragon Ball Z,1,18,TV Series,7.4,1356,8.8,86733,24.0,"Animation ,Action ,Adventure",6.0,9.0,1989.0
72,Dragon Ball Z,1,27,TV Series,7.9,1346,8.8,86733,24.0,"Animation ,Action ,Adventure",22.0,11.0,1989.0
72,Dragon Ball Z,1,28,TV Series,8.4,1406,8.8,86733,24.0,"Animation ,Action ,Adventure",29.0,11.0,1989.0
72,Dragon Ball Z,1,29,TV Series,8.1,1358,8.8,86733,24.0,"Animation ,Action ,Adventure",6.0,12.0,1989.0
72,Dragon Ball Z,1,1,TV Series,7.3,1449,8.8,86733,24.0,"Animation ,Action ,Adventure",30.0,9.0,1996.0
72,Dragon Ball Z,1,2,TV Series,7.6,1410,8.8,86733,24.0,"Animation ,Action ,Adventure",3.0,5.0,1989.0
72,Dragon Ball Z,1,3,TV Series,7.6,1399,8.8,86733,24.0,"Animation ,Action ,Adventure",10.0,5.0,1989.0
72,Dragon Ball Z,1,4,TV Series,8.0,1408,8.8,86733,24.0,"Animation ,Action ,Adventure",17.0,5.0,1989.0
72,Dragon Ball Z,1,5,TV Series,8.0,1388,8.8,86733,24.0,"Animation ,Action ,Adventure",24.0,5.0,1989.0
72,Dragon Ball Z,1,6,TV Series,7.5,1365,8.8,86733,24.0,"Animation ,Action ,Adventure",7.0,6.0,1989.0
72,Dragon Ball Z,1,24,TV Series,8.0,1363,8.8,86733,24.0,"Animation ,Action ,Adventure",25.0,10.0,1989.0
72,Dragon Ball Z,1,7,TV Series,7.2,1393,8.8,86733,24.0,"Animation ,Action ,Adventure",14.0,6.0,1989.0
72,Dragon Ball Z,1,8,TV Series,7.2,1389,8.8,86733,24.0,"Animation ,Action ,Adventure",21.0,6.0,1989.0
72,Dragon Ball Z,1,9,TV Series,7.0,1390,8.8,86733,24.0,"Animation ,Action ,Adventure",28.0,6.0,1989.0
72,Dragon Ball Z,1,10,TV Series,6.9,1374,8.8,86733,24.0,"Animation ,Action ,Adventure",5.0,7.0,1989.0
72,Dragon Ball Z,1,11,TV Series,7.1,1371,8.8,86733,24.0,"Animation ,Action ,Adventure",12.0,7.0,1989.0
72,Dragon Ball Z,1,12,TV Series,6.9,1356,8.8,86733,24.0,"Animation ,Action ,Adventure",19.0,7.0,1989.0
72,Dragon Ball Z,1,13,TV Series,6.9,1355,8.8,86733,24.0,"Animation ,Action ,Adventure",26.0,7.0,1989.0
72,Dragon Ball Z,1,23,TV Series,7.8,1363,8.8,86733,24.0,"Animation ,Action ,Adventure",18.0,10.0,1989.0
72,Dragon Ball Z,1,22,TV Series,7.5,1350,8.8,86733,24.0,"Animation ,Action ,Adventure",11.0,10.0,1989.0
72,Dragon Ball Z,1,21,TV Series,7.4,1339,8.8,86733,24.0,"Animation ,Action ,Adventure",27.0,9.0,1989.0
72,Dragon Ball Z,1,20,TV Series,7.5,1346,8.8,86733,24.0,"Animation ,Action ,Adventure",20.0,9.0,1989.0
72,Dragon Ball Z,1,19,TV Series,7.3,1352,8.8,86733,24.0,"Animation ,Action ,Adventure",13.0,9.0,1989.0
72,Dragon Ball Z,1,25,TV Series,7.9,1357,8.8,86733,24.0,"Animation ,Action ,Adventure",1.0,11.0,1989.0
72,Dragon Ball Z,1,49,TV Series,7.7,1369,8.8,86733,24.0,"Animation ,Action ,Adventure",23.0,5.0,1990.0
73,Reply 1988,1,1,TV Series,8.0,200,9.1,10470,90.0,"Comedy ,Drama ,Family",5.0,11.0,2015.0
73,Reply 1988,1,11,TV Series,8.3,134,9.1,10470,90.0,"Comedy ,Drama ,Family",11.0,12.0,2015.0
73,Reply 1988,1,10,TV Series,8.3,136,9.1,10470,90.0,"Comedy ,Drama ,Family",5.0,12.0,2015.0
73,Reply 1988,1,9,TV Series,8.5,145,9.1,10470,90.0,"Comedy ,Drama ,Family",4.0,12.0,2015.0
73,Reply 1988,1,8,TV Series,8.5,139,9.1,10470,90.0,"Comedy ,Drama ,Family",28.0,11.0,2015.0
73,Reply 1988,1,7,TV Series,8.4,139,9.1,10470,90.0,"Comedy ,Drama ,Family",27.0,11.0,2015.0
73,Reply 1988,1,20,TV Series,9.0,192,9.1,10470,90.0,"Comedy ,Drama ,Family",16.0,1.0,2016.0
73,Reply 1988,1,19,TV Series,8.8,149,9.1,10470,90.0,"Comedy ,Drama ,Family",15.0,1.0,2016.0
73,Reply 1988,1,18,TV Series,8.6,145,9.1,10470,90.0,"Comedy ,Drama ,Family",9.0,1.0,2016.0
73,Reply 1988,1,17,TV Series,8.2,137,9.1,10470,90.0,"Comedy ,Drama ,Family",8.0,1.0,2016.0
73,Reply 1988,1,16,TV Series,8.2,126,9.1,10470,90.0,"Comedy ,Drama ,Family",26.0,12.0,2015.0
73,Reply 1988,1,15,TV Series,8.1,127,9.1,10470,90.0,"Comedy ,Drama ,Family",25.0,12.0,2015.0
73,Reply 1988,1,14,TV Series,8.4,129,9.1,10470,90.0,"Comedy ,Drama ,Family",19.0,12.0,2015.0
73,Reply 1988,1,13,TV Series,8.7,146,9.1,10470,90.0,"Comedy ,Drama ,Family",18.0,12.0,2015.0
73,Reply 1988,1,12,TV Series,8.4,132,9.1,10470,90.0,"Comedy ,Drama ,Family",12.0,12.0,2015.0
73,Reply 1988,1,6,TV Series,8.3,147,9.1,10470,90.0,"Comedy ,Drama ,Family",21.0,11.0,2015.0
73,Reply 1988,1,5,TV Series,8.4,152,9.1,10470,90.0,"Comedy ,Drama ,Family",20.0,11.0,2015.0
73,Reply 1988,1,4,TV Series,8.1,154,9.1,10470,90.0,"Comedy ,Drama ,Family",14.0,11.0,2015.0
73,Reply 1988,1,3,TV Series,8.2,154,9.1,10470,90.0,"Comedy ,Drama ,Family",13.0,11.0,2015.0
73,Reply 1988,1,2,TV Series,8.1,163,9.1,10470,90.0,"Comedy ,Drama ,Family",7.0,11.0,2015.0
74,"I, Claudius",1,4,TV Mini Series,8.4,389,8.8,19192,669.0,"Biography ,Drama ,History",4.0,10.0,1976.0
74,"I, Claudius",1,3,TV Mini Series,8.4,396,8.8,19192,669.0,"Biography ,Drama ,History",27.0,9.0,1976.0
74,"I, Claudius",1,2,TV Mini Series,8.3,370,8.8,19192,669.0,"Biography ,Drama ,History",20.0,9.0,1976.0
74,"I, Claudius",1,1,TV Mini Series,8.3,503,8.8,19192,669.0,"Biography ,Drama ,History",20.0,9.0,1976.0
74,"I, Claudius",1,7,TV Mini Series,8.6,389,8.8,19192,669.0,"Biography ,Drama ,History",25.0,10.0,1976.0
74,"I, Claudius",1,5,TV Mini Series,8.8,397,8.8,19192,669.0,"Biography ,Drama ,History",11.0,10.0,1976.0
74,"I, Claudius",1,6,TV Mini Series,8.3,374,8.8,19192,669.0,"Biography ,Drama ,History",18.0,10.0,1976.0
74,"I, Claudius",1,10,TV Mini Series,8.8,378,8.8,19192,669.0,"Biography ,Drama ,History",15.0,11.0,1976.0
74,"I, Claudius",1,13,TV Mini Series,8.7,343,8.8,19192,669.0,"Biography ,Drama ,History",6.0,12.0,1976.0
74,"I, Claudius",1,12,TV Mini Series,8.7,347,8.8,19192,669.0,"Biography ,Drama ,History",29.0,11.0,1976.0
74,"I, Claudius",1,11,TV Mini Series,8.6,352,8.8,19192,669.0,"Biography ,Drama ,History",22.0,11.0,1976.0
74,"I, Claudius",1,9,TV Mini Series,8.7,371,8.8,19192,669.0,"Biography ,Drama ,History",8.0,11.0,1976.0
74,"I, Claudius",1,8,TV Mini Series,8.8,384,8.8,19192,669.0,"Biography ,Drama ,History",1.0,11.0,1976.0
75,Black Mirror,6,5,TV Series,6.7,21452,8.7,632179,60.0,"Drama ,Mystery ,Sci-Fi",15.0,6.0,2023.0
75,Black Mirror,4,5,TV Series,6.6,41404,8.7,632179,60.0,"Drama ,Mystery ,Sci-Fi",29.0,12.0,2017.0
75,Black Mirror,4,4,TV Series,8.7,59936,8.7,632179,60.0,"Drama ,Mystery ,Sci-Fi",29.0,12.0,2017.0
75,Black Mirror,4,3,TV Series,7.3,43529,8.7,632179,60.0,"Drama ,Mystery ,Sci-Fi",29.0,12.0,2017.0
75,Black Mirror,4,1,TV Series,8.3,59425,8.7,632179,60.0,"Drama ,Mystery ,Sci-Fi",29.0,12.0,2017.0
75,Black Mirror,3,6,TV Series,8.5,47702,8.7,632179,60.0,"Drama ,Mystery ,Sci-Fi",21.0,10.0,2016.0
75,Black Mirror,3,5,TV Series,7.5,41242,8.7,632179,60.0,"Drama ,Mystery ,Sci-Fi",21.0,10.0,2016.0
75,Black Mirror,3,4,TV Series,8.5,66476,8.7,632179,60.0,"Drama ,Mystery ,Sci-Fi",21.0,10.0,2016.0
75,Black Mirror,4,6,TV Series,8.6,49929,8.7,632179,60.0,"Drama ,Mystery ,Sci-Fi",29.0,12.0,2017.0
75,Black Mirror,6,2,TV Series,7.3,31573,8.7,632179,60.0,"Drama ,Mystery ,Sci-Fi",15.0,6.0,2023.0
75,Black Mirror,3,3,TV Series,8.4,56314,8.7,632179,60.0,"Drama ,Mystery ,Sci-Fi",21.0,10.0,2016.0
75,Black Mirror,3,2,TV Series,8.0,53186,8.7,632179,60.0,"Drama ,Mystery ,Sci-Fi",21.0,10.0,2016.0
75,Black Mirror,3,1,TV Series,8.3,63739,8.7,632179,60.0,"Drama ,Mystery ,Sci-Fi",21.0,10.0,2016.0
75,Black Mirror,4,2,TV Series,7.3,46049,8.7,632179,60.0,"Drama ,Mystery ,Sci-Fi",29.0,12.0,2017.0
75,Black Mirror,2,3,TV Series,6.6,44132,8.7,632179,60.0,"Drama ,Mystery ,Sci-Fi",25.0,2.0,2013.0
75,Black Mirror,2,2,TV Series,8.0,53538,8.7,632179,60.0,"Drama ,Mystery ,Sci-Fi",18.0,2.0,2013.0
75,Black Mirror,2,1,TV Series,8.0,52827,8.7,632179,60.0,"Drama ,Mystery ,Sci-Fi",11.0,2.0,2013.0
75,Black Mirror,1,3,TV Series,8.5,64255,8.7,632179,60.0,"Drama ,Mystery ,Sci-Fi",18.0,12.0,2011.0
75,Black Mirror,6,1,TV Series,7.4,37260,8.7,632179,60.0,"Drama ,Mystery ,Sci-Fi",15.0,6.0,2023.0
75,Black Mirror,1,1,TV Series,7.6,62225,8.7,632179,60.0,"Drama ,Mystery ,Sci-Fi",4.0,12.0,2011.0
75,Black Mirror,5,3,TV Series,6.1,41623,8.7,632179,60.0,"Drama ,Mystery ,Sci-Fi",5.0,6.0,2019.0
75,Black Mirror,5,2,TV Series,7.5,41265,8.7,632179,60.0,"Drama ,Mystery ,Sci-Fi",5.0,6.0,2019.0
75,Black Mirror,5,1,TV Series,6.8,45547,8.7,632179,60.0,"Drama ,Mystery ,Sci-Fi",5.0,6.0,2019.0
75,Black Mirror,1,2,TV Series,8.0,62350,8.7,632179,60.0,"Drama ,Mystery ,Sci-Fi",11.0,12.0,2011.0
75,Black Mirror,7,2,TV Series,7.3,0,8.7,632179,60.0,"Drama ,Mystery ,Sci-Fi",35.0,15.0,2050.0
75,Black Mirror,7,1,TV Series,7.3,0,8.7,632179,60.0,"Drama ,Mystery ,Sci-Fi",35.0,15.0,2050.0
75,Black Mirror,6,4,TV Series,5.3,25017,8.7,632179,60.0,"Drama ,Mystery ,Sci-Fi",15.0,6.0,2023.0
75,Black Mirror,6,3,TV Series,7.4,31852,8.7,632179,60.0,"Drama ,Mystery ,Sci-Fi",15.0,6.0,2023.0
75,Black Mirror,2,4,TV Series,9.1,67714,8.7,632179,60.0,"Drama ,Mystery ,Sci-Fi",16.0,12.0,2014.0
76,South Park,3,14,TV Series,8.3,2950,8.7,402999,22.0,"Animation ,Comedy",24.0,11.0,1999.0
76,South Park,3,15,TV Series,7.3,2843,8.7,402999,22.0,"Animation ,Comedy",1.0,12.0,1999.0
76,South Park,3,16,TV Series,7.8,2653,8.7,402999,22.0,"Animation ,Comedy",29.0,12.0,1999.0
76,South Park,3,17,TV Series,8.1,2736,8.7,402999,22.0,"Animation ,Comedy",12.0,1.0,2000.0
76,South Park,4,1,TV Series,8.2,2981,8.7,402999,22.0,"Animation ,Comedy",5.0,4.0,2000.0
76,South Park,4,2,TV Series,8.6,3228,8.7,402999,22.0,"Animation ,Comedy",12.0,4.0,2000.0
76,South Park,4,3,TV Series,8.1,2924,8.7,402999,22.0,"Animation ,Comedy",19.0,4.0,2000.0
76,South Park,4,4,TV Series,7.3,2653,8.7,402999,22.0,"Animation ,Comedy",26.0,4.0,2000.0
76,South Park,6,6,TV Series,8.5,3227,8.7,402999,22.0,"Animation ,Comedy",10.0,4.0,2002.0
76,South Park,4,6,TV Series,8.0,2755,8.7,402999,22.0,"Animation ,Comedy",28.0,6.0,2000.0
76,South Park,4,7,TV Series,8.2,2813,8.7,402999,22.0,"Animation ,Comedy",5.0,7.0,2000.0
76,South Park,2,14,TV Series,7.8,2925,8.7,402999,22.0,"Animation ,Comedy",7.0,10.0,1998.0
76,South Park,3,13,TV Series,8.0,2754,8.7,402999,22.0,"Animation ,Comedy",17.0,11.0,1999.0
76,South Park,1,13,TV Series,8.6,4174,8.7,402999,22.0,"Animation ,Comedy",25.0,2.0,1998.0
76,South Park,2,1,TV Series,6.2,3689,8.7,402999,22.0,"Animation ,Comedy",1.0,4.0,1998.0
76,South Park,2,2,TV Series,8.2,3627,8.7,402999,22.0,"Animation ,Comedy",22.0,4.0,1998.0
76,South Park,3,9,TV Series,7.4,2790,8.7,402999,22.0,"Animation ,Comedy",28.0,7.0,1999.0
76,South Park,3,10,TV Series,7.8,3095,8.7,402999,22.0,"Animation ,Comedy",27.0,10.0,1999.0
76,South Park,2,15,TV Series,8.4,3321,8.7,402999,22.0,"Animation ,Comedy",28.0,10.0,1998.0
76,South Park,1,0,TV Series,7.5,1186,8.7,402999,22.0,"Animation ,Comedy",13.0,8.0,1997.0
76,South Park,1,3,TV Series,7.6,4192,8.7,402999,22.0,"Animation ,Comedy",20.0,8.0,1997.0
76,South Park,1,4,TV Series,7.6,4030,8.7,402999,22.0,"Animation ,Comedy",3.0,9.0,1997.0
76,South Park,3,6,TV Series,8.2,3268,8.7,402999,22.0,"Animation ,Comedy",7.0,7.0,1999.0
76,South Park,2,11,TV Series,7.5,2914,8.7,402999,22.0,"Animation ,Comedy",2.0,9.0,1998.0
76,South Park,2,12,TV Series,7.9,2923,8.7,402999,22.0,"Animation ,Comedy",23.0,9.0,1998.0
76,South Park,1,1,TV Series,7.9,5470,8.7,402999,22.0,"Animation ,Comedy",13.0,8.0,1997.0
76,South Park,2,8,TV Series,7.4,2936,8.7,402999,22.0,"Animation ,Comedy",24.0,6.0,1998.0
76,South Park,1,12,TV Series,7.5,3589,8.7,402999,22.0,"Animation ,Comedy",18.0,2.0,1998.0
76,South Park,1,11,TV Series,7.9,3547,8.7,402999,22.0,"Animation ,Comedy",11.0,2.0,1998.0
76,South Park,1,10,TV Series,7.8,3568,8.7,402999,22.0,"Animation ,Comedy",4.0,2.0,1998.0
76,South Park,1,9,TV Series,8.1,3879,8.7,402999,22.0,"Animation ,Comedy",17.0,12.0,1997.0
76,South Park,1,6,TV Series,8.0,3876,8.7,402999,22.0,"Animation ,Comedy",17.0,9.0,1997.0
76,South Park,2,3,TV Series,8.0,3367,8.7,402999,22.0,"Animation ,Comedy",20.0,5.0,1998.0
76,South Park,2,4,TV Series,8.0,3318,8.7,402999,22.0,"Animation ,Comedy",27.0,5.0,1998.0
76,South Park,2,5,TV Series,7.6,3142,8.7,402999,22.0,"Animation ,Comedy",3.0,6.0,1998.0
76,South Park,2,6,TV Series,7.5,3051,8.7,402999,22.0,"Animation ,Comedy",10.0,6.0,1998.0
76,South Park,2,7,TV Series,7.3,3116,8.7,402999,22.0,"Animation ,Comedy",17.0,6.0,1998.0
76,South Park,4,5,TV Series,9.0,4189,8.7,402999,22.0,"Animation ,Comedy",21.0,6.0,2000.0
76,South Park,2,9,TV Series,7.6,2993,8.7,402999,22.0,"Animation ,Comedy",19.0,8.0,1998.0
76,South Park,2,10,TV Series,8.0,3007,8.7,402999,22.0,"Animation ,Comedy",26.0,8.0,1998.0
76,South Park,4,8,TV Series,8.0,2836,8.7,402999,22.0,"Animation ,Comedy",12.0,7.0,2000.0
76,South Park,4,9,TV Series,8.3,2900,8.7,402999,22.0,"Animation ,Comedy",19.0,7.0,2000.0
76,South Park,4,10,TV Series,8.2,2782,8.7,402999,22.0,"Animation ,Comedy",26.0,7.0,2000.0
76,South Park,6,12,TV Series,8.7,3461,8.7,402999,22.0,"Animation ,Comedy",6.0,11.0,2002.0
76,South Park,6,13,TV Series,9.3,5876,8.7,402999,22.0,"Animation ,Comedy",13.0,11.0,2002.0
76,South Park,4,13,TV Series,7.7,2568,8.7,402999,22.0,"Animation ,Comedy",22.0,11.0,2000.0
76,South Park,4,14,TV Series,6.6,2865,8.7,402999,22.0,"Animation ,Comedy",29.0,11.0,2000.0
76,South Park,4,15,TV Series,8.4,3090,8.7,402999,22.0,"Animation ,Comedy",6.0,12.0,2000.0
76,South Park,4,16,TV Series,8.7,3349,8.7,402999,22.0,"Animation ,Comedy",13.0,12.0,2000.0
76,South Park,4,17,TV Series,7.5,2472,8.7,402999,22.0,"Animation ,Comedy",20.0,12.0,2000.0
76,South Park,5,1,TV Series,8.3,3216,8.7,402999,22.0,"Animation ,Comedy",20.0,6.0,2001.0
76,South Park,5,2,TV Series,8.3,3145,8.7,402999,22.0,"Animation ,Comedy",27.0,6.0,2001.0
76,South Park,5,3,TV Series,8.2,2742,8.7,402999,22.0,"Animation ,Comedy",4.0,7.0,2001.0
76,South Park,7,5,TV Series,8.4,3271,8.7,402999,22.0,"Animation ,Comedy",16.0,4.0,2003.0
76,South Park,5,5,TV Series,7.0,2691,8.7,402999,22.0,"Animation ,Comedy",18.0,7.0,2001.0
76,South Park,5,6,TV Series,8.9,4121,8.7,402999,22.0,"Animation ,Comedy",25.0,7.0,2001.0
76,South Park,5,7,TV Series,8.6,3260,8.7,402999,22.0,"Animation ,Comedy",1.0,8.0,2001.0
76,South Park,5,8,TV Series,8.3,3356,8.7,402999,22.0,"Animation ,Comedy",8.0,8.0,2001.0
76,South Park,5,9,TV Series,7.8,3128,8.7,402999,22.0,"Animation ,Comedy",7.0,11.0,2001.0
76,South Park,7,11,TV Series,9.2,4988,8.7,402999,22.0,"Animation ,Comedy",12.0,11.0,2003.0
76,South Park,7,12,TV Series,8.9,4093,8.7,402999,22.0,"Animation ,Comedy",19.0,11.0,2003.0
76,South Park,5,12,TV Series,8.0,2836,8.7,402999,22.0,"Animation ,Comedy",28.0,11.0,2001.0
76,South Park,5,13,TV Series,8.8,4045,8.7,402999,22.0,"Animation ,Comedy",5.0,12.0,2001.0
76,South Park,5,14,TV Series,9.0,4456,8.7,402999,22.0,"Animation ,Comedy",12.0,12.0,2001.0
76,South Park,6,1,TV Series,8.0,2955,8.7,402999,22.0,"Animation ,Comedy",6.0,3.0,2002.0
76,South Park,6,2,TV Series,8.3,3342,8.7,402999,22.0,"Animation ,Comedy",13.0,3.0,2002.0
76,South Park,6,3,TV Series,7.9,2765,8.7,402999,22.0,"Animation ,Comedy",20.0,3.0,2002.0
76,South Park,6,4,TV Series,7.9,2804,8.7,402999,22.0,"Animation ,Comedy",27.0,3.0,2002.0
76,South Park,6,5,TV Series,8.0,3013,8.7,402999,22.0,"Animation ,Comedy",3.0,4.0,2002.0
76,South Park,8,6,TV Series,8.6,3540,8.7,402999,22.0,"Animation ,Comedy",21.0,4.0,2004.0
76,South Park,6,7,TV Series,8.8,3999,8.7,402999,22.0,"Animation ,Comedy",26.0,6.0,2002.0
76,South Park,6,8,TV Series,8.2,3012,8.7,402999,22.0,"Animation ,Comedy",3.0,7.0,2002.0
76,South Park,6,9,TV Series,8.2,2953,8.7,402999,22.0,"Animation ,Comedy",10.0,7.0,2002.0
76,South Park,6,10,TV Series,8.2,3075,8.7,402999,22.0,"Animation ,Comedy",17.0,7.0,2002.0
76,South Park,6,11,TV Series,8.5,3085,8.7,402999,22.0,"Animation ,Comedy",24.0,7.0,2002.0
76,South Park,8,12,TV Series,8.4,3254,8.7,402999,22.0,"Animation ,Comedy",1.0,12.0,2004.0
76,South Park,8,13,TV Series,8.6,3157,8.7,402999,22.0,"Animation ,Comedy",8.0,12.0,2004.0
76,South Park,6,14,TV Series,8.7,3403,8.7,402999,22.0,"Animation ,Comedy",20.0,11.0,2002.0
76,South Park,6,15,TV Series,8.6,3236,8.7,402999,22.0,"Animation ,Comedy",27.0,11.0,2002.0
76,South Park,6,16,TV Series,8.6,3130,8.7,402999,22.0,"Animation ,Comedy",4.0,12.0,2002.0
76,South Park,6,17,TV Series,8.0,2748,8.7,402999,22.0,"Animation ,Comedy",11.0,12.0,2002.0
76,South Park,7,1,TV Series,8.4,3213,8.7,402999,22.0,"Animation ,Comedy",19.0,3.0,2003.0
76,South Park,7,2,TV Series,8.2,3099,8.7,402999,22.0,"Animation ,Comedy",26.0,3.0,2003.0
76,South Park,7,3,TV Series,8.3,2996,8.7,402999,22.0,"Animation ,Comedy",2.0,4.0,2003.0
76,South Park,7,4,TV Series,8.0,2840,8.7,402999,22.0,"Animation ,Comedy",9.0,4.0,2003.0
76,South Park,9,8,TV Series,8.5,3185,8.7,402999,22.0,"Animation ,Comedy",19.0,10.0,2005.0
76,South Park,7,6,TV Series,8.6,3120,8.7,402999,22.0,"Animation ,Comedy",23.0,4.0,2003.0
76,South Park,7,7,TV Series,7.6,2658,8.7,402999,22.0,"Animation ,Comedy",30.0,4.0,2003.0
76,South Park,7,8,TV Series,8.1,3030,8.7,402999,22.0,"Animation ,Comedy",22.0,10.0,2003.0
76,South Park,7,9,TV Series,9.0,4369,8.7,402999,22.0,"Animation ,Comedy",29.0,10.0,2003.0
76,South Park,7,10,TV Series,8.1,2752,8.7,402999,22.0,"Animation ,Comedy",5.0,11.0,2003.0
76,South Park,9,14,TV Series,7.9,2796,8.7,402999,22.0,"Animation ,Comedy",7.0,12.0,2005.0
76,South Park,10,1,TV Series,8.1,3272,8.7,402999,22.0,"Animation ,Comedy",22.0,3.0,2006.0
76,South Park,7,13,TV Series,7.9,2806,8.7,402999,22.0,"Animation ,Comedy",3.0,12.0,2003.0
76,South Park,7,14,TV Series,8.5,3232,8.7,402999,22.0,"Animation ,Comedy",10.0,12.0,2003.0
76,South Park,7,15,TV Series,7.6,2610,8.7,402999,22.0,"Animation ,Comedy",17.0,12.0,2003.0
76,South Park,8,1,TV Series,9.1,5270,8.7,402999,22.0,"Animation ,Comedy",17.0,3.0,2004.0
76,South Park,8,2,TV Series,8.5,3337,8.7,402999,22.0,"Animation ,Comedy",24.0,3.0,2004.0
76,South Park,8,3,TV Series,8.6,3796,8.7,402999,22.0,"Animation ,Comedy",31.0,3.0,2004.0
76,South Park,8,4,TV Series,8.1,3008,8.7,402999,22.0,"Animation ,Comedy",7.0,4.0,2004.0
76,South Park,8,5,TV Series,9.2,5254,8.7,402999,22.0,"Animation ,Comedy",14.0,4.0,2004.0
76,South Park,10,10,TV Series,8.5,3458,8.7,402999,22.0,"Animation ,Comedy",18.0,10.0,2006.0
76,South Park,8,7,TV Series,8.3,3285,8.7,402999,22.0,"Animation ,Comedy",28.0,4.0,2004.0
76,South Park,8,8,TV Series,8.4,3127,8.7,402999,22.0,"Animation ,Comedy",27.0,10.0,2004.0
76,South Park,8,9,TV Series,8.6,3235,8.7,402999,22.0,"Animation ,Comedy",3.0,11.0,2004.0
76,South Park,8,10,TV Series,8.4,3041,8.7,402999,22.0,"Animation ,Comedy",10.0,11.0,2004.0
76,South Park,8,11,TV Series,8.2,2852,8.7,402999,22.0,"Animation ,Comedy",17.0,11.0,2004.0
76,South Park,11,2,TV Series,8.9,4165,8.7,402999,22.0,"Animation ,Comedy",14.0,3.0,2007.0
76,South Park,11,3,TV Series,8.0,3195,8.7,402999,22.0,"Animation ,Comedy",21.0,3.0,2007.0
76,South Park,8,14,TV Series,9.1,5083,8.7,402999,22.0,"Animation ,Comedy",15.0,12.0,2004.0
76,South Park,9,1,TV Series,7.6,3217,8.7,402999,22.0,"Animation ,Comedy",9.0,3.0,2005.0
76,South Park,9,2,TV Series,8.7,3579,8.7,402999,22.0,"Animation ,Comedy",16.0,3.0,2005.0
76,South Park,9,3,TV Series,7.4,2687,8.7,402999,22.0,"Animation ,Comedy",23.0,3.0,2005.0
76,South Park,9,4,TV Series,8.5,3203,8.7,402999,22.0,"Animation ,Comedy",30.0,3.0,2005.0
76,South Park,9,5,TV Series,8.8,3464,8.7,402999,22.0,"Animation ,Comedy",6.0,4.0,2005.0
76,South Park,9,6,TV Series,9.1,4581,8.7,402999,22.0,"Animation ,Comedy",13.0,4.0,2005.0
76,South Park,9,7,TV Series,7.6,2767,8.7,402999,22.0,"Animation ,Comedy",20.0,4.0,2005.0
76,South Park,11,12,TV Series,9.0,4149,8.7,402999,22.0,"Animation ,Comedy",31.0,10.0,2007.0
76,South Park,9,9,TV Series,8.8,3494,8.7,402999,22.0,"Animation ,Comedy",26.0,10.0,2005.0
76,South Park,9,10,TV Series,8.0,2633,8.7,402999,22.0,"Animation ,Comedy",2.0,11.0,2005.0
76,South Park,9,11,TV Series,8.8,3572,8.7,402999,22.0,"Animation ,Comedy",9.0,11.0,2005.0
76,South Park,9,12,TV Series,9.1,5297,8.7,402999,22.0,"Animation ,Comedy",16.0,11.0,2005.0
76,South Park,9,13,TV Series,8.1,2957,8.7,402999,22.0,"Animation ,Comedy",30.0,11.0,2005.0
76,South Park,12,4,TV Series,7.7,2907,8.7,402999,22.0,"Animation ,Comedy",2.0,4.0,2008.0
76,South Park,12,5,TV Series,7.6,2792,8.7,402999,22.0,"Animation ,Comedy",9.0,4.0,2008.0
76,South Park,10,2,TV Series,8.1,3018,8.7,402999,22.0,"Animation ,Comedy",29.0,3.0,2006.0
76,South Park,10,3,TV Series,8.7,3440,8.7,402999,22.0,"Animation ,Comedy",5.0,4.0,2006.0
76,South Park,10,4,TV Series,8.8,3339,8.7,402999,22.0,"Animation ,Comedy",12.0,4.0,2006.0
76,South Park,10,5,TV Series,6.2,3509,8.7,402999,22.0,"Animation ,Comedy",19.0,4.0,2006.0
76,South Park,10,6,TV Series,7.9,3327,8.7,402999,22.0,"Animation ,Comedy",26.0,4.0,2006.0
76,South Park,10,7,TV Series,9.1,4631,8.7,402999,22.0,"Animation ,Comedy",3.0,5.0,2006.0
76,South Park,10,8,TV Series,9.5,8877,8.7,402999,22.0,"Animation ,Comedy",4.0,10.0,2006.0
76,South Park,10,9,TV Series,8.2,3085,8.7,402999,22.0,"Animation ,Comedy",11.0,10.0,2006.0
76,South Park,12,14,TV Series,7.7,2616,8.7,402999,22.0,"Animation ,Comedy",19.0,11.0,2008.0
76,South Park,10,11,TV Series,8.0,2939,8.7,402999,22.0,"Animation ,Comedy",25.0,10.0,2006.0
76,South Park,10,12,TV Series,8.6,3282,8.7,402999,22.0,"Animation ,Comedy",1.0,11.0,2006.0
76,South Park,10,13,TV Series,8.6,3191,8.7,402999,22.0,"Animation ,Comedy",8.0,11.0,2006.0
76,South Park,10,14,TV Series,7.4,3361,8.7,402999,22.0,"Animation ,Comedy",15.0,11.0,2006.0
76,South Park,11,1,TV Series,8.8,4354,8.7,402999,22.0,"Animation ,Comedy",7.0,3.0,2007.0
76,South Park,13,6,TV Series,7.8,2712,8.7,402999,22.0,"Animation ,Comedy",15.0,4.0,2009.0
76,South Park,13,7,TV Series,8.1,2917,8.7,402999,22.0,"Animation ,Comedy",22.0,4.0,2009.0
76,South Park,11,4,TV Series,8.1,3164,8.7,402999,22.0,"Animation ,Comedy",28.0,3.0,2007.0
76,South Park,11,5,TV Series,8.1,2961,8.7,402999,22.0,"Animation ,Comedy",4.0,4.0,2007.0
76,South Park,11,6,TV Series,7.7,3041,8.7,402999,22.0,"Animation ,Comedy",11.0,4.0,2007.0
76,South Park,11,7,TV Series,8.7,3829,8.7,402999,22.0,"Animation ,Comedy",18.0,4.0,2007.0
76,South Park,11,8,TV Series,8.9,4212,8.7,402999,22.0,"Animation ,Comedy",3.0,10.0,2007.0
76,South Park,11,9,TV Series,8.1,3236,8.7,402999,22.0,"Animation ,Comedy",10.0,10.0,2007.0
76,South Park,11,10,TV Series,9.0,4785,8.7,402999,22.0,"Animation ,Comedy",17.0,10.0,2007.0
76,South Park,11,11,TV Series,8.9,4173,8.7,402999,22.0,"Animation ,Comedy",24.0,10.0,2007.0
76,South Park,14,2,TV Series,7.9,2868,8.7,402999,22.0,"Animation ,Comedy",24.0,3.0,2010.0
76,South Park,11,13,TV Series,8.3,3459,8.7,402999,22.0,"Animation ,Comedy",7.0,11.0,2007.0
76,South Park,11,14,TV Series,8.5,3344,8.7,402999,22.0,"Animation ,Comedy",14.0,11.0,2007.0
76,South Park,12,1,TV Series,7.9,3172,8.7,402999,22.0,"Animation ,Comedy",12.0,3.0,2008.0
76,South Park,12,2,TV Series,7.1,3215,8.7,402999,22.0,"Animation ,Comedy",19.0,3.0,2008.0
76,South Park,12,3,TV Series,8.7,3950,8.7,402999,22.0,"Animation ,Comedy",26.0,3.0,2008.0
76,South Park,14,8,TV Series,7.5,2550,8.7,402999,22.0,"Animation ,Comedy",6.0,10.0,2010.0
76,South Park,14,9,TV Series,7.8,2783,8.7,402999,22.0,"Animation ,Comedy",13.0,10.0,2010.0
76,South Park,12,6,TV Series,8.6,3359,8.7,402999,22.0,"Animation ,Comedy",16.0,4.0,2008.0
76,South Park,12,7,TV Series,8.3,3042,8.7,402999,22.0,"Animation ,Comedy",23.0,4.0,2008.0
76,South Park,12,8,TV Series,7.7,3066,8.7,402999,22.0,"Animation ,Comedy",8.0,10.0,2008.0
76,South Park,12,9,TV Series,8.7,3422,8.7,402999,22.0,"Animation ,Comedy",15.0,10.0,2008.0
76,South Park,12,10,TV Series,8.0,2713,8.7,402999,22.0,"Animation ,Comedy",22.0,10.0,2008.0
76,South Park,12,11,TV Series,7.8,2634,8.7,402999,22.0,"Animation ,Comedy",29.0,10.0,2008.0
76,South Park,12,12,TV Series,7.7,2649,8.7,402999,22.0,"Animation ,Comedy",5.0,11.0,2008.0
76,South Park,12,13,TV Series,7.6,2658,8.7,402999,22.0,"Animation ,Comedy",12.0,11.0,2008.0
76,South Park,15,4,TV Series,8.0,2716,8.7,402999,22.0,"Animation ,Comedy",18.0,5.0,2011.0
76,South Park,13,1,TV Series,8.1,3165,8.7,402999,22.0,"Animation ,Comedy",11.0,3.0,2009.0
76,South Park,13,2,TV Series,8.4,3295,8.7,402999,22.0,"Animation ,Comedy",18.0,3.0,2009.0
76,South Park,13,3,TV Series,8.5,3327,8.7,402999,22.0,"Animation ,Comedy",25.0,3.0,2009.0
76,South Park,13,4,TV Series,6.5,2905,8.7,402999,22.0,"Animation ,Comedy",1.0,4.0,2009.0
76,South Park,13,5,TV Series,8.7,4165,8.7,402999,22.0,"Animation ,Comedy",8.0,4.0,2009.0
76,South Park,15,10,TV Series,7.5,2383,8.7,402999,22.0,"Animation ,Comedy",19.0,10.0,2011.0
76,South Park,15,11,TV Series,7.8,2436,8.7,402999,22.0,"Animation ,Comedy",26.0,10.0,2011.0
76,South Park,13,8,TV Series,7.7,2668,8.7,402999,22.0,"Animation ,Comedy",7.0,10.0,2009.0
76,South Park,13,9,TV Series,8.8,3694,8.7,402999,22.0,"Animation ,Comedy",14.0,10.0,2009.0
76,South Park,13,10,TV Series,8.2,2804,8.7,402999,22.0,"Animation ,Comedy",21.0,10.0,2009.0
76,South Park,13,11,TV Series,8.1,2787,8.7,402999,22.0,"Animation ,Comedy",28.0,10.0,2009.0
76,South Park,13,12,TV Series,8.1,2797,8.7,402999,22.0,"Animation ,Comedy",4.0,11.0,2009.0
76,South Park,13,13,TV Series,8.1,2695,8.7,402999,22.0,"Animation ,Comedy",11.0,11.0,2009.0
76,South Park,13,14,TV Series,7.7,2654,8.7,402999,22.0,"Animation ,Comedy",18.0,11.0,2009.0
76,South Park,14,1,TV Series,7.5,2686,8.7,402999,22.0,"Animation ,Comedy",17.0,3.0,2010.0
76,South Park,16,6,TV Series,7.0,3134,8.7,402999,22.0,"Animation ,Comedy",18.0,4.0,2012.0
76,South Park,14,3,TV Series,8.7,3679,8.7,402999,22.0,"Animation ,Comedy",31.0,3.0,2010.0
76,South Park,14,4,TV Series,8.7,3551,8.7,402999,22.0,"Animation ,Comedy",7.0,4.0,2010.0
76,South Park,14,5,TV Series,8.7,2974,8.7,402999,22.0,"Animation ,Comedy",14.0,4.0,2010.0
76,South Park,14,6,TV Series,8.7,2702,8.7,402999,22.0,"Animation ,Comedy",21.0,4.0,2010.0
76,South Park,14,7,TV Series,6.8,2776,8.7,402999,22.0,"Animation ,Comedy",28.0,4.0,2010.0
76,South Park,16,12,TV Series,8.3,2667,8.7,402999,22.0,"Animation ,Comedy",24.0,10.0,2012.0
76,South Park,16,13,TV Series,7.1,2093,8.7,402999,22.0,"Animation ,Comedy",31.0,10.0,2012.0
76,South Park,14,10,TV Series,8.1,2674,8.7,402999,22.0,"Animation ,Comedy",20.0,10.0,2010.0
76,South Park,14,11,TV Series,8.1,2582,8.7,402999,22.0,"Animation ,Comedy",27.0,10.0,2010.0
76,South Park,14,12,TV Series,8.3,2663,8.7,402999,22.0,"Animation ,Comedy",3.0,11.0,2010.0
76,South Park,14,13,TV Series,8.3,2577,8.7,402999,22.0,"Animation ,Comedy",10.0,11.0,2010.0
76,South Park,14,14,TV Series,8.2,2808,8.7,402999,22.0,"Animation ,Comedy",17.0,11.0,2010.0
76,South Park,15,1,TV Series,7.7,3377,8.7,402999,22.0,"Animation ,Comedy",27.0,4.0,2011.0
76,South Park,15,2,TV Series,6.3,2702,8.7,402999,22.0,"Animation ,Comedy",4.0,5.0,2011.0
76,South Park,15,3,TV Series,6.7,2623,8.7,402999,22.0,"Animation ,Comedy",11.0,5.0,2011.0
76,South Park,17,8,TV Series,8.8,3394,8.7,402999,22.0,"Animation ,Comedy",20.0,11.0,2013.0
76,South Park,15,5,TV Series,7.5,2555,8.7,402999,22.0,"Animation ,Comedy",25.0,5.0,2011.0
76,South Park,15,6,TV Series,8.0,2805,8.7,402999,22.0,"Animation ,Comedy",1.0,6.0,2011.0
76,South Park,15,7,TV Series,8.5,3598,8.7,402999,22.0,"Animation ,Comedy",8.0,6.0,2011.0
76,South Park,15,8,TV Series,8.1,2910,8.7,402999,22.0,"Animation ,Comedy",5.0,10.0,2011.0
76,South Park,15,9,TV Series,8.1,2616,8.7,402999,22.0,"Animation ,Comedy",12.0,10.0,2011.0
76,South Park,18,4,TV Series,7.3,2484,8.7,402999,22.0,"Animation ,Comedy",15.0,10.0,2014.0
76,South Park,18,5,TV Series,7.9,2451,8.7,402999,22.0,"Animation ,Comedy",29.0,10.0,2014.0
76,South Park,15,12,TV Series,7.8,2401,8.7,402999,22.0,"Animation ,Comedy",2.0,11.0,2011.0
76,South Park,15,13,TV Series,7.2,2270,8.7,402999,22.0,"Animation ,Comedy",9.0,11.0,2011.0
76,South Park,15,14,TV Series,7.9,2391,8.7,402999,22.0,"Animation ,Comedy",16.0,11.0,2011.0
76,South Park,16,1,TV Series,7.7,2809,8.7,402999,22.0,"Animation ,Comedy",14.0,3.0,2012.0
76,South Park,16,2,TV Series,7.9,2787,8.7,402999,22.0,"Animation ,Comedy",21.0,3.0,2012.0
76,South Park,16,3,TV Series,7.1,2542,8.7,402999,22.0,"Animation ,Comedy",28.0,3.0,2012.0
76,South Park,16,4,TV Series,6.7,2453,8.7,402999,22.0,"Animation ,Comedy",4.0,4.0,2012.0
76,South Park,16,5,TV Series,7.5,2562,8.7,402999,22.0,"Animation ,Comedy",11.0,4.0,2012.0
76,South Park,19,4,TV Series,8.0,2760,8.7,402999,22.0,"Animation ,Comedy",14.0,10.0,2015.0
76,South Park,16,7,TV Series,8.0,2679,8.7,402999,22.0,"Animation ,Comedy",25.0,4.0,2012.0
76,South Park,16,8,TV Series,7.5,2518,8.7,402999,22.0,"Animation ,Comedy",26.0,9.0,2012.0
76,South Park,16,9,TV Series,8.1,2623,8.7,402999,22.0,"Animation ,Comedy",3.0,10.0,2012.0
76,South Park,16,10,TV Series,8.3,2654,8.7,402999,22.0,"Animation ,Comedy",10.0,10.0,2012.0
76,South Park,16,11,TV Series,6.7,2291,8.7,402999,22.0,"Animation ,Comedy",17.0,10.0,2012.0
76,South Park,19,10,TV Series,7.9,2249,8.7,402999,22.0,"Animation ,Comedy",9.0,12.0,2015.0
76,South Park,20,1,TV Series,7.8,2741,8.7,402999,22.0,"Animation ,Comedy",14.0,9.0,2016.0
76,South Park,16,14,TV Series,7.4,2217,8.7,402999,22.0,"Animation ,Comedy",7.0,11.0,2012.0
76,South Park,17,1,TV Series,7.4,2510,8.7,402999,22.0,"Animation ,Comedy",25.0,9.0,2013.0
76,South Park,17,2,TV Series,8.0,2754,8.7,402999,22.0,"Animation ,Comedy",2.0,10.0,2013.0
76,South Park,17,3,TV Series,7.7,2725,8.7,402999,22.0,"Animation ,Comedy",9.0,10.0,2013.0
76,South Park,17,4,TV Series,6.8,2508,8.7,402999,22.0,"Animation ,Comedy",23.0,10.0,2013.0
76,South Park,17,5,TV Series,7.0,2275,8.7,402999,22.0,"Animation ,Comedy",30.0,10.0,2013.0
76,South Park,17,6,TV Series,7.7,2445,8.7,402999,22.0,"Animation ,Comedy",6.0,11.0,2013.0
76,South Park,17,7,TV Series,8.9,3913,8.7,402999,22.0,"Animation ,Comedy",13.0,11.0,2013.0
76,South Park,20,10,TV Series,7.1,2063,8.7,402999,22.0,"Animation ,Comedy",7.0,12.0,2016.0
76,South Park,17,9,TV Series,8.8,3179,8.7,402999,22.0,"Animation ,Comedy",4.0,12.0,2013.0
76,South Park,17,10,TV Series,8.4,2934,8.7,402999,22.0,"Animation ,Comedy",11.0,12.0,2013.0
76,South Park,18,1,TV Series,7.7,2856,8.7,402999,22.0,"Animation ,Comedy",24.0,9.0,2014.0
76,South Park,18,2,TV Series,7.7,2564,8.7,402999,22.0,"Animation ,Comedy",1.0,10.0,2014.0
76,South Park,18,3,TV Series,8.5,3218,8.7,402999,22.0,"Animation ,Comedy",8.0,10.0,2014.0
76,South Park,21,6,TV Series,7.3,2132,8.7,402999,22.0,"Animation ,Comedy",23.0,10.0,2017.0
76,South Park,21,7,TV Series,7.5,2114,8.7,402999,22.0,"Animation ,Comedy",8.0,11.0,2017.0
76,South Park,18,6,TV Series,8.1,2587,8.7,402999,22.0,"Animation ,Comedy",5.0,11.0,2014.0
76,South Park,18,7,TV Series,9.1,4721,8.7,402999,22.0,"Animation ,Comedy",12.0,11.0,2014.0
76,South Park,18,8,TV Series,8.3,2832,8.7,402999,22.0,"Animation ,Comedy",19.0,11.0,2014.0
76,South Park,18,9,TV Series,7.3,2259,8.7,402999,22.0,"Animation ,Comedy",3.0,12.0,2014.0
76,South Park,18,10,TV Series,6.8,2372,8.7,402999,22.0,"Animation ,Comedy",10.0,12.0,2014.0
76,South Park,19,1,TV Series,7.6,3199,8.7,402999,22.0,"Animation ,Comedy",16.0,9.0,2015.0
76,South Park,19,2,TV Series,8.1,2919,8.7,402999,22.0,"Animation ,Comedy",23.0,9.0,2015.0
76,South Park,19,3,TV Series,7.6,2684,8.7,402999,22.0,"Animation ,Comedy",30.0,9.0,2015.0
76,South Park,22,6,TV Series,7.7,2230,8.7,402999,22.0,"Animation ,Comedy",7.0,11.0,2018.0
76,South Park,19,5,TV Series,8.3,3066,8.7,402999,22.0,"Animation ,Comedy",21.0,10.0,2015.0
76,South Park,19,6,TV Series,8.1,3229,8.7,402999,22.0,"Animation ,Comedy",28.0,10.0,2015.0
76,South Park,19,7,TV Series,8.2,2535,8.7,402999,22.0,"Animation ,Comedy",11.0,11.0,2015.0
76,South Park,19,8,TV Series,8.8,3188,8.7,402999,22.0,"Animation ,Comedy",18.0,11.0,2015.0
76,South Park,19,9,TV Series,8.1,2260,8.7,402999,22.0,"Animation ,Comedy",2.0,12.0,2015.0
76,South Park,23,2,TV Series,8.6,3504,8.7,402999,22.0,"Animation ,Comedy",2.0,10.0,2019.0
76,South Park,23,3,TV Series,7.5,2273,8.7,402999,22.0,"Animation ,Comedy",9.0,10.0,2019.0
76,South Park,20,2,TV Series,8.1,2414,8.7,402999,22.0,"Animation ,Comedy",21.0,9.0,2016.0
76,South Park,20,3,TV Series,8.1,2279,8.7,402999,22.0,"Animation ,Comedy",28.0,9.0,2016.0
76,South Park,20,4,TV Series,7.9,2169,8.7,402999,22.0,"Animation ,Comedy",12.0,10.0,2016.0
76,South Park,20,5,TV Series,7.3,2078,8.7,402999,22.0,"Animation ,Comedy",19.0,10.0,2016.0
76,South Park,20,6,TV Series,7.4,2024,8.7,402999,22.0,"Animation ,Comedy",26.0,10.0,2016.0
76,South Park,20,7,TV Series,7.1,2031,8.7,402999,22.0,"Animation ,Comedy",9.0,11.0,2016.0
76,South Park,20,8,TV Series,7.4,1973,8.7,402999,22.0,"Animation ,Comedy",16.0,11.0,2016.0
76,South Park,20,9,TV Series,7.3,1883,8.7,402999,22.0,"Animation ,Comedy",30.0,11.0,2016.0
76,South Park,24,2,TV Series,7.5,3760,8.7,402999,22.0,"Animation ,Comedy",10.0,3.0,2021.0
76,South Park,21,1,TV Series,6.8,2938,8.7,402999,22.0,"Animation ,Comedy",13.0,9.0,2017.0
76,South Park,21,2,TV Series,8.0,3099,8.7,402999,22.0,"Animation ,Comedy",20.0,9.0,2017.0
76,South Park,21,3,TV Series,7.6,2311,8.7,402999,22.0,"Animation ,Comedy",27.0,9.0,2017.0
76,South Park,21,4,TV Series,7.4,2235,8.7,402999,22.0,"Animation ,Comedy",11.0,10.0,2017.0
76,South Park,21,5,TV Series,7.3,2254,8.7,402999,22.0,"Animation ,Comedy",18.0,10.0,2017.0
76,South Park,25,4,TV Series,6.6,1936,8.7,402999,22.0,"Animation ,Comedy",2.0,3.0,2022.0
76,South Park,25,5,TV Series,7.6,1979,8.7,402999,22.0,"Animation ,Comedy",9.0,3.0,2022.0
76,South Park,21,8,TV Series,7.0,1884,8.7,402999,22.0,"Animation ,Comedy",15.0,11.0,2017.0
76,South Park,21,9,TV Series,7.7,2022,8.7,402999,22.0,"Animation ,Comedy",29.0,11.0,2017.0
76,South Park,21,10,TV Series,7.2,2118,8.7,402999,22.0,"Animation ,Comedy",6.0,12.0,2017.0
76,South Park,22,1,TV Series,8.0,3087,8.7,402999,22.0,"Animation ,Comedy",26.0,9.0,2018.0
76,South Park,22,2,TV Series,7.6,2461,8.7,402999,22.0,"Animation ,Comedy",3.0,10.0,2018.0
76,South Park,22,3,TV Series,6.4,2290,8.7,402999,22.0,"Animation ,Comedy",10.0,10.0,2018.0
76,South Park,22,4,TV Series,7.8,2338,8.7,402999,22.0,"Animation ,Comedy",17.0,10.0,2018.0
76,South Park,22,5,TV Series,8.0,2263,8.7,402999,22.0,"Animation ,Comedy",31.0,10.0,2018.0
76,South Park,26,6,TV Series,6.5,1654,8.7,402999,22.0,"Animation ,Comedy",29.0,3.0,2023.0
76,South Park,22,7,TV Series,7.7,2079,8.7,402999,22.0,"Animation ,Comedy",14.0,11.0,2018.0
76,South Park,22,8,TV Series,7.3,1990,8.7,402999,22.0,"Animation ,Comedy",28.0,11.0,2018.0
76,South Park,22,9,TV Series,7.6,1863,8.7,402999,22.0,"Animation ,Comedy",5.0,12.0,2018.0
76,South Park,22,10,TV Series,7.6,1826,8.7,402999,22.0,"Animation ,Comedy",12.0,12.0,2018.0
76,South Park,23,1,TV Series,7.4,2750,8.7,402999,22.0,"Animation ,Comedy",25.0,9.0,2019.0
76,South Park,23,4,TV Series,7.9,2228,8.7,402999,22.0,"Animation ,Comedy",16.0,10.0,2019.0
76,South Park,23,5,TV Series,7.1,2037,8.7,402999,22.0,"Animation ,Comedy",30.0,10.0,2019.0
76,South Park,23,6,TV Series,7.2,2017,8.7,402999,22.0,"Animation ,Comedy",6.0,11.0,2019.0
76,South Park,23,7,TV Series,8.1,2564,8.7,402999,22.0,"Animation ,Comedy",13.0,11.0,2019.0
76,South Park,23,8,TV Series,7.5,2042,8.7,402999,22.0,"Animation ,Comedy",27.0,11.0,2019.0
76,South Park,23,9,TV Series,7.7,1917,8.7,402999,22.0,"Animation ,Comedy",4.0,12.0,2019.0
76,South Park,23,10,TV Series,7.6,1929,8.7,402999,22.0,"Animation ,Comedy",11.0,12.0,2019.0
76,South Park,24,1,TV Series,8.3,5557,8.7,402999,22.0,"Animation ,Comedy",30.0,9.0,2020.0
76,South Park,24,3,TV Series,7.5,11278,8.7,402999,22.0,"Animation ,Comedy",25.0,11.0,2021.0
76,South Park,24,4,TV Series,7.5,7514,8.7,402999,22.0,"Animation ,Comedy",16.0,12.0,2021.0
76,South Park,25,1,TV Series,7.2,2407,8.7,402999,22.0,"Animation ,Comedy",2.0,2.0,2022.0
76,South Park,25,2,TV Series,8.0,2372,8.7,402999,22.0,"Animation ,Comedy",9.0,2.0,2022.0
76,South Park,25,3,TV Series,7.3,1967,8.7,402999,22.0,"Animation ,Comedy",16.0,2.0,2022.0
76,South Park,25,6,TV Series,7.1,1630,8.7,402999,22.0,"Animation ,Comedy",16.0,3.0,2022.0
76,South Park,25,7,TV Series,6.7,4788,8.7,402999,22.0,"Animation ,Comedy",1.0,6.0,2022.0
76,South Park,25,8,TV Series,6.6,2896,8.7,402999,22.0,"Animation ,Comedy",13.0,7.0,2022.0
76,South Park,26,1,TV Series,7.3,2526,8.7,402999,22.0,"Animation ,Comedy",8.0,2.0,2023.0
76,South Park,26,2,TV Series,8.4,3777,8.7,402999,22.0,"Animation ,Comedy",15.0,2.0,2023.0
76,South Park,26,3,TV Series,7.7,2080,8.7,402999,22.0,"Animation ,Comedy",1.0,3.0,2023.0
76,South Park,26,4,TV Series,8.3,2212,8.7,402999,22.0,"Animation ,Comedy",8.0,3.0,2023.0
76,South Park,26,5,TV Series,7.8,1754,8.7,402999,22.0,"Animation ,Comedy",22.0,3.0,2023.0
76,South Park,27,1,TV Series,7.3,0,8.7,402999,22.0,"Animation ,Comedy",35.0,15.0,2050.0
76,South Park,28,1,TV Series,7.3,0,8.7,402999,22.0,"Animation ,Comedy",35.0,15.0,2050.0
76,South Park,29,1,TV Series,7.3,0,8.7,402999,22.0,"Animation ,Comedy",35.0,15.0,2050.0
76,South Park,30,1,TV Series,7.3,0,8.7,402999,22.0,"Animation ,Comedy",35.0,15.0,2050.0
76,South Park,1,8,TV Series,8.1,3904,8.7,402999,22.0,"Animation ,Comedy",19.0,11.0,1997.0
76,South Park,1,7,TV Series,8.3,4006,8.7,402999,22.0,"Animation ,Comedy",29.0,10.0,1997.0
76,South Park,4,12,TV Series,8.0,2733,8.7,402999,22.0,"Animation ,Comedy",15.0,11.0,2000.0
76,South Park,2,16,TV Series,8.1,3027,8.7,402999,22.0,"Animation ,Comedy",9.0,12.0,1998.0
76,South Park,2,17,TV Series,8.3,3157,8.7,402999,22.0,"Animation ,Comedy",16.0,12.0,1998.0
76,South Park,2,18,TV Series,7.9,2889,8.7,402999,22.0,"Animation ,Comedy",20.0,1.0,1999.0
76,South Park,3,1,TV Series,8.4,3589,8.7,402999,22.0,"Animation ,Comedy",7.0,4.0,1999.0
76,South Park,3,2,TV Series,8.1,3039,8.7,402999,22.0,"Animation ,Comedy",14.0,4.0,1999.0
76,South Park,3,3,TV Series,8.0,3114,8.7,402999,22.0,"Animation ,Comedy",21.0,4.0,1999.0
76,South Park,3,4,TV Series,6.4,3075,8.7,402999,22.0,"Animation ,Comedy",16.0,6.0,1999.0
76,South Park,3,5,TV Series,7.6,3013,8.7,402999,22.0,"Animation ,Comedy",23.0,6.0,1999.0
76,South Park,5,4,TV Series,9.6,10437,8.7,402999,22.0,"Animation ,Comedy",11.0,7.0,2001.0
76,South Park,3,7,TV Series,7.9,2995,8.7,402999,22.0,"Animation ,Comedy",14.0,7.0,1999.0
76,South Park,3,8,TV Series,8.0,2972,8.7,402999,22.0,"Animation ,Comedy",21.0,7.0,1999.0
76,South Park,2,13,TV Series,7.6,2819,8.7,402999,22.0,"Animation ,Comedy",30.0,9.0,1998.0
76,South Park,5,10,TV Series,8.0,2972,8.7,402999,22.0,"Animation ,Comedy",14.0,11.0,2001.0
76,South Park,5,11,TV Series,8.2,2933,8.7,402999,22.0,"Animation ,Comedy",21.0,11.0,2001.0
76,South Park,1,5,TV Series,7.5,3751,8.7,402999,22.0,"Animation ,Comedy",10.0,9.0,1997.0
76,South Park,1,2,TV Series,7.5,4344,8.7,402999,22.0,"Animation ,Comedy",27.0,8.0,1997.0
76,South Park,3,11,TV Series,8.7,3800,8.7,402999,22.0,"Animation ,Comedy",3.0,11.0,1999.0
76,South Park,3,12,TV Series,8.0,2801,8.7,402999,22.0,"Animation ,Comedy",10.0,11.0,1999.0
76,South Park,4,11,TV Series,8.1,2738,8.7,402999,22.0,"Animation ,Comedy",8.0,11.0,2000.0
77,Over the Garden Wall,1,1,TV Mini Series,7.9,2482,8.8,69152,22.0,"Animation ,Short ,Adventure",3.0,11.0,2014.0
77,Over the Garden Wall,1,2,TV Mini Series,8.4,2405,8.8,69152,22.0,"Animation ,Short ,Adventure",3.0,11.0,2014.0
77,Over the Garden Wall,1,4,TV Mini Series,8.2,2230,8.8,69152,22.0,"Animation ,Short ,Adventure",4.0,11.0,2014.0
77,Over the Garden Wall,1,5,TV Mini Series,7.9,2173,8.8,69152,22.0,"Animation ,Short ,Adventure",5.0,11.0,2014.0
77,Over the Garden Wall,1,6,TV Mini Series,8.5,2198,8.8,69152,22.0,"Animation ,Short ,Adventure",5.0,11.0,2014.0
77,Over the Garden Wall,1,7,TV Mini Series,8.8,2288,8.8,69152,22.0,"Animation ,Short ,Adventure",6.0,11.0,2014.0
77,Over the Garden Wall,1,8,TV Mini Series,8.0,2158,8.8,69152,22.0,"Animation ,Short ,Adventure",6.0,11.0,2014.0
77,Over the Garden Wall,1,9,TV Mini Series,9.1,2399,8.8,69152,22.0,"Animation ,Short ,Adventure",7.0,11.0,2014.0
77,Over the Garden Wall,1,10,TV Mini Series,9.4,2696,8.8,69152,22.0,"Animation ,Short ,Adventure",7.0,11.0,2014.0
77,Over the Garden Wall,1,3,TV Mini Series,7.7,2304,8.8,69152,22.0,"Animation ,Short ,Adventure",4.0,11.0,2014.0
78,Ted Lasso,2,9,TV Series,6.9,14365,8.8,337971,1453.0,"Comedy ,Drama ,Sport",17.0,9.0,2021.0
78,Ted Lasso,2,10,TV Series,8.5,7609,8.8,337971,1453.0,"Comedy ,Drama ,Sport",24.0,9.0,2021.0
78,Ted Lasso,2,11,TV Series,8.2,5909,8.8,337971,1453.0,"Comedy ,Drama ,Sport",1.0,10.0,2021.0
78,Ted Lasso,2,12,TV Series,8.8,6911,8.8,337971,1453.0,"Comedy ,Drama ,Sport",8.0,10.0,2021.0
78,Ted Lasso,3,1,TV Series,7.7,6418,8.8,337971,1453.0,"Comedy ,Drama ,Sport",15.0,3.0,2023.0
78,Ted Lasso,3,4,TV Series,8.1,5399,8.8,337971,1453.0,"Comedy ,Drama ,Sport",5.0,4.0,2023.0
78,Ted Lasso,3,5,TV Series,7.1,5900,8.8,337971,1453.0,"Comedy ,Drama ,Sport",12.0,4.0,2023.0
78,Ted Lasso,3,6,TV Series,8.9,10988,8.8,337971,1453.0,"Comedy ,Drama ,Sport",19.0,4.0,2023.0
78,Ted Lasso,3,8,TV Series,6.6,6746,8.8,337971,1453.0,"Comedy ,Drama ,Sport",3.0,5.0,2023.0
78,Ted Lasso,3,9,TV Series,8.4,6783,8.8,337971,1453.0,"Comedy ,Drama ,Sport",10.0,5.0,2023.0
78,Ted Lasso,3,10,TV Series,8.5,6608,8.8,337971,1453.0,"Comedy ,Drama ,Sport",17.0,5.0,2023.0
78,Ted Lasso,3,11,TV Series,9.3,9960,8.8,337971,1453.0,"Comedy ,Drama ,Sport",24.0,5.0,2023.0
78,Ted Lasso,3,7,TV Series,8.3,6913,8.8,337971,1453.0,"Comedy ,Drama ,Sport",26.0,4.0,2023.0
78,Ted Lasso,1,8,TV Series,8.7,7201,8.8,337971,1453.0,"Comedy ,Drama ,Sport",18.0,9.0,2020.0
78,Ted Lasso,1,9,TV Series,8.6,6703,8.8,337971,1453.0,"Comedy ,Drama ,Sport",25.0,9.0,2020.0
78,Ted Lasso,1,2,TV Series,8.1,7675,8.8,337971,1453.0,"Comedy ,Drama ,Sport",14.0,8.0,2020.0
78,Ted Lasso,1,7,TV Series,9.0,8273,8.8,337971,1453.0,"Comedy ,Drama ,Sport",11.0,9.0,2020.0
78,Ted Lasso,2,8,TV Series,9.0,8304,8.8,337971,1453.0,"Comedy ,Drama ,Sport",10.0,9.0,2021.0
78,Ted Lasso,3,2,TV Series,8.2,5927,8.8,337971,1453.0,"Comedy ,Drama ,Sport",22.0,3.0,2023.0
78,Ted Lasso,3,3,TV Series,7.9,5806,8.8,337971,1453.0,"Comedy ,Drama ,Sport",29.0,3.0,2023.0
78,Ted Lasso,1,10,TV Series,9.1,8286,8.8,337971,1453.0,"Comedy ,Drama ,Sport",2.0,10.0,2020.0
78,Ted Lasso,2,1,TV Series,7.6,6995,8.8,337971,1453.0,"Comedy ,Drama ,Sport",23.0,7.0,2021.0
78,Ted Lasso,2,2,TV Series,8.0,6359,8.8,337971,1453.0,"Comedy ,Drama ,Sport",30.0,7.0,2021.0
78,Ted Lasso,2,3,TV Series,8.4,7050,8.8,337971,1453.0,"Comedy ,Drama ,Sport",6.0,8.0,2021.0
78,Ted Lasso,2,4,TV Series,8.6,8704,8.8,337971,1453.0,"Comedy ,Drama ,Sport",13.0,8.0,2021.0
78,Ted Lasso,2,5,TV Series,8.9,7823,8.8,337971,1453.0,"Comedy ,Drama ,Sport",20.0,8.0,2021.0
78,Ted Lasso,2,6,TV Series,8.6,6369,8.8,337971,1453.0,"Comedy ,Drama ,Sport",27.0,8.0,2021.0
78,Ted Lasso,1,1,TV Series,7.8,8592,8.8,337971,1453.0,"Comedy ,Drama ,Sport",14.0,8.0,2020.0
78,Ted Lasso,3,12,TV Series,9.4,12193,8.8,337971,1453.0,"Comedy ,Drama ,Sport",31.0,5.0,2023.0
78,Ted Lasso,1,3,TV Series,8.5,7724,8.8,337971,1453.0,"Comedy ,Drama ,Sport",14.0,8.0,2020.0
78,Ted Lasso,2,7,TV Series,7.7,6025,8.8,337971,1453.0,"Comedy ,Drama ,Sport",3.0,9.0,2021.0
78,Ted Lasso,1,5,TV Series,8.9,7853,8.8,337971,1453.0,"Comedy ,Drama ,Sport",28.0,8.0,2020.0
78,Ted Lasso,1,6,TV Series,8.5,7113,8.8,337971,1453.0,"Comedy ,Drama ,Sport",4.0,9.0,2020.0
78,Ted Lasso,1,4,TV Series,8.2,7437,8.8,337971,1453.0,"Comedy ,Drama ,Sport",21.0,8.0,2020.0
79,Vinland Saga,2,7,TV Series,8.1,2422,8.8,67852,24.0,"Animation ,Action ,Adventure",20.0,2.0,2023.0
79,Vinland Saga,2,6,TV Series,7.9,2575,8.8,67852,24.0,"Animation ,Action ,Adventure",14.0,2.0,2023.0
79,Vinland Saga,2,10,TV Series,8.6,2429,8.8,67852,24.0,"Animation ,Action ,Adventure",14.0,3.0,2023.0
79,Vinland Saga,2,5,TV Series,8.5,2701,8.8,67852,24.0,"Animation ,Action ,Adventure",7.0,2.0,2023.0
79,Vinland Saga,2,9,TV Series,9.6,5425,8.8,67852,24.0,"Animation ,Action ,Adventure",21.0,3.0,2023.0
79,Vinland Saga,2,22,TV Series,9.7,5721,8.8,67852,24.0,"Animation ,Action ,Adventure",5.0,6.0,2023.0
79,Vinland Saga,2,23,TV Series,9.7,5002,8.8,67852,24.0,"Animation ,Action ,Adventure",12.0,6.0,2023.0
79,Vinland Saga,2,21,TV Series,8.8,2472,8.8,67852,24.0,"Animation ,Action ,Adventure",30.0,5.0,2023.0
79,Vinland Saga,1,20,TV Series,8.8,2751,8.8,67852,24.0,"Animation ,Action ,Adventure",2.0,12.0,2019.0
79,Vinland Saga,1,19,TV Series,9.5,3815,8.8,67852,24.0,"Animation ,Action ,Adventure",25.0,11.0,2019.0
79,Vinland Saga,1,21,TV Series,9.3,3390,8.8,67852,24.0,"Animation ,Action ,Adventure",9.0,12.0,2019.0
79,Vinland Saga,1,24,TV Series,9.9,16062,8.8,67852,24.0,"Animation ,Action ,Adventure",29.0,12.0,2019.0
79,Vinland Saga,2,1,TV Series,8.7,3613,8.8,67852,24.0,"Animation ,Action ,Adventure",9.0,1.0,2023.0
79,Vinland Saga,2,2,TV Series,7.8,2924,8.8,67852,24.0,"Animation ,Action ,Adventure",16.0,1.0,2023.0
79,Vinland Saga,2,3,TV Series,8.5,2819,8.8,67852,24.0,"Animation ,Action ,Adventure",23.0,1.0,2023.0
79,Vinland Saga,2,4,TV Series,8.8,3054,8.8,67852,24.0,"Animation ,Action ,Adventure",31.0,1.0,2023.0
79,Vinland Saga,2,12,TV Series,9.2,2835,8.8,67852,24.0,"Animation ,Action ,Adventure",27.0,3.0,2023.0
79,Vinland Saga,2,11,TV Series,7.8,2230,8.8,67852,24.0,"Animation ,Action ,Adventure",21.0,3.0,2023.0
79,Vinland Saga,2,13,TV Series,8.3,2237,8.8,67852,24.0,"Animation ,Action ,Adventure",3.0,4.0,2023.0
79,Vinland Saga,2,16,TV Series,9.1,2779,8.8,67852,24.0,"Animation ,Action ,Adventure",25.0,4.0,2023.0
79,Vinland Saga,2,17,TV Series,9.5,4137,8.8,67852,24.0,"Animation ,Action ,Adventure",1.0,5.0,2023.0
79,Vinland Saga,2,18,TV Series,9.0,2564,8.8,67852,24.0,"Animation ,Action ,Adventure",18.0,5.0,2023.0
79,Vinland Saga,2,19,TV Series,8.7,2275,8.8,67852,24.0,"Animation ,Action ,Adventure",16.0,5.0,2023.0
79,Vinland Saga,2,20,TV Series,9.6,3815,8.8,67852,24.0,"Animation ,Action ,Adventure",22.0,5.0,2023.0
79,Vinland Saga,1,4,TV Series,9.6,6223,8.8,67852,24.0,"Animation ,Action ,Adventure",29.0,7.0,2019.0
79,Vinland Saga,1,3,TV Series,8.7,3332,8.8,67852,24.0,"Animation ,Action ,Adventure",8.0,7.0,2019.0
79,Vinland Saga,2,24,TV Series,9.2,3026,8.8,67852,24.0,"Animation ,Action ,Adventure",19.0,6.0,2023.0
79,Vinland Saga,1,15,TV Series,8.6,2690,8.8,67852,24.0,"Animation ,Action ,Adventure",21.0,10.0,2019.0
79,Vinland Saga,1,18,TV Series,9.2,3439,8.8,67852,24.0,"Animation ,Action ,Adventure",18.0,11.0,2019.0
79,Vinland Saga,1,17,TV Series,9.4,3412,8.8,67852,24.0,"Animation ,Action ,Adventure",4.0,11.0,2019.0
79,Vinland Saga,1,13,TV Series,7.9,2735,8.8,67852,24.0,"Animation ,Action ,Adventure",7.0,10.0,2019.0
79,Vinland Saga,1,14,TV Series,9.0,3294,8.8,67852,24.0,"Animation ,Action ,Adventure",14.0,10.0,2019.0
79,Vinland Saga,1,7,TV Series,8.8,3067,8.8,67852,24.0,"Animation ,Action ,Adventure",19.0,8.0,2019.0
79,Vinland Saga,1,6,TV Series,9.4,4197,8.8,67852,24.0,"Animation ,Action ,Adventure",12.0,8.0,2019.0
79,Vinland Saga,1,10,TV Series,8.3,2772,8.8,67852,24.0,"Animation ,Action ,Adventure",16.0,9.0,2019.0
79,Vinland Saga,1,9,TV Series,9.1,3349,8.8,67852,24.0,"Animation ,Action ,Adventure",2.0,9.0,2019.0
79,Vinland Saga,1,8,TV Series,8.4,2814,8.8,67852,24.0,"Animation ,Action ,Adventure",26.0,8.0,2019.0
79,Vinland Saga,2,15,TV Series,8.8,2459,8.8,67852,24.0,"Animation ,Action ,Adventure",18.0,4.0,2023.0
79,Vinland Saga,2,14,TV Series,8.5,2275,8.8,67852,24.0,"Animation ,Action ,Adventure",10.0,4.0,2023.0
79,Vinland Saga,1,5,TV Series,8.6,3064,8.8,67852,24.0,"Animation ,Action ,Adventure",5.0,8.0,2019.0
79,Vinland Saga,1,12,TV Series,7.9,2744,8.8,67852,24.0,"Animation ,Action ,Adventure",30.0,9.0,2019.0
79,Vinland Saga,1,11,TV Series,8.6,2717,8.8,67852,24.0,"Animation ,Action ,Adventure",23.0,9.0,2019.0
79,Vinland Saga,1,2,TV Series,8.2,3308,8.8,67852,24.0,"Animation ,Action ,Adventure",8.0,7.0,2019.0
79,Vinland Saga,1,1,TV Series,8.3,3635,8.8,67852,24.0,"Animation ,Action ,Adventure",6.0,7.0,2019.0
79,Vinland Saga,2,8,TV Series,9.0,3009,8.8,67852,24.0,"Animation ,Action ,Adventure",27.0,2.0,2023.0
79,Vinland Saga,1,23,TV Series,8.7,2791,8.8,67852,24.0,"Animation ,Action ,Adventure",23.0,12.0,2019.0
79,Vinland Saga,1,22,TV Series,9.5,4030,8.8,67852,24.0,"Animation ,Action ,Adventure",16.0,12.0,2019.0
79,Vinland Saga,1,16,TV Series,8.5,2616,8.8,67852,24.0,"Animation ,Action ,Adventure",28.0,10.0,2019.0
80,The Last of Us,2,1,TV Series,7.3,0,8.8,500632,50.0,"Action ,Adventure ,Drama",35.0,15.0,2025.0
80,The Last of Us,1,9,TV Series,9.0,43569,8.8,500632,50.0,"Action ,Adventure ,Drama",12.0,3.0,2023.0
80,The Last of Us,1,1,TV Series,9.1,110049,8.8,500632,50.0,"Action ,Adventure ,Drama",15.0,1.0,2023.0
80,The Last of Us,1,7,TV Series,7.4,66926,8.8,500632,50.0,"Action ,Adventure ,Drama",26.0,2.0,2023.0
80,The Last of Us,1,3,TV Series,8.1,224536,8.8,500632,50.0,"Action ,Adventure ,Drama",29.0,1.0,2023.0
80,The Last of Us,1,4,TV Series,8.4,67982,8.8,500632,50.0,"Action ,Adventure ,Drama",5.0,2.0,2023.0
80,The Last of Us,1,5,TV Series,9.4,77820,8.8,500632,50.0,"Action ,Adventure ,Drama",10.0,2.0,2023.0
80,The Last of Us,1,8,TV Series,9.3,57065,8.8,500632,50.0,"Action ,Adventure ,Drama",5.0,3.0,2023.0
80,The Last of Us,1,6,TV Series,8.8,56565,8.8,500632,50.0,"Action ,Adventure ,Drama",19.0,2.0,2023.0
80,The Last of Us,1,2,TV Series,9.1,101138,8.8,500632,50.0,"Action ,Adventure ,Drama",22.0,1.0,2023.0
81,Kota Factory,1,2,TV Series,8.5,1359,9.0,79827,388.0,"Comedy ,Drama",23.0,4.0,2019.0
81,Kota Factory,1,3,TV Series,8.7,1316,9.0,79827,388.0,"Comedy ,Drama",30.0,4.0,2019.0
81,Kota Factory,2,2,TV Series,8.0,431,9.0,79827,388.0,"Comedy ,Drama",24.0,9.0,2021.0
81,Kota Factory,2,3,TV Series,8.5,911,9.0,79827,388.0,"Comedy ,Drama",24.0,9.0,2021.0
81,Kota Factory,1,5,TV Series,9.0,1452,9.0,79827,388.0,"Comedy ,Drama",14.0,5.0,2019.0
81,Kota Factory,1,4,TV Series,8.2,1279,9.0,79827,388.0,"Comedy ,Drama",7.0,5.0,2019.0
81,Kota Factory,2,4,TV Series,8.6,888,9.0,79827,388.0,"Comedy ,Drama",24.0,9.0,2021.0
81,Kota Factory,2,5,TV Series,9.1,1339,9.0,79827,388.0,"Comedy ,Drama",24.0,9.0,2021.0
81,Kota Factory,2,1,TV Series,8.8,1421,9.0,79827,388.0,"Comedy ,Drama",24.0,9.0,2021.0
81,Kota Factory,1,1,TV Series,8.9,1651,9.0,79827,388.0,"Comedy ,Drama",28.0,8.0,2021.0
82,Peaky Blinders,3,5,TV Series,8.3,7560,8.8,636162,2109.0,"Crime ,Drama",31.0,5.0,2016.0
82,Peaky Blinders,3,4,TV Series,8.6,7800,8.8,636162,2109.0,"Crime ,Drama",31.0,5.0,2016.0
82,Peaky Blinders,6,3,TV Series,8.0,7490,8.8,636162,2109.0,"Crime ,Drama",10.0,6.0,2022.0
82,Peaky Blinders,3,3,TV Series,8.6,7740,8.8,636162,2109.0,"Crime ,Drama",31.0,5.0,2016.0
82,Peaky Blinders,1,5,TV Series,8.8,10688,8.8,636162,2109.0,"Crime ,Drama",30.0,9.0,2014.0
82,Peaky Blinders,1,6,TV Series,9.1,11898,8.8,636162,2109.0,"Crime ,Drama",30.0,9.0,2014.0
82,Peaky Blinders,2,4,TV Series,8.4,8235,8.8,636162,2109.0,"Crime ,Drama",23.0,10.0,2014.0
82,Peaky Blinders,2,3,TV Series,8.5,8424,8.8,636162,2109.0,"Crime ,Drama",16.0,10.0,2014.0
82,Peaky Blinders,3,1,TV Series,8.1,8422,8.8,636162,2109.0,"Crime ,Drama",31.0,5.0,2016.0
82,Peaky Blinders,3,2,TV Series,8.8,8404,8.8,636162,2109.0,"Crime ,Drama",31.0,5.0,2016.0
82,Peaky Blinders,4,1,TV Series,9.4,11964,8.8,636162,2109.0,"Crime ,Drama",21.0,12.0,2017.0
82,Peaky Blinders,2,5,TV Series,8.7,8395,8.8,636162,2109.0,"Crime ,Drama",30.0,10.0,2014.0
82,Peaky Blinders,1,2,TV Series,8.2,11096,8.8,636162,2109.0,"Crime ,Drama",30.0,9.0,2014.0
82,Peaky Blinders,1,3,TV Series,8.1,10413,8.8,636162,2109.0,"Crime ,Drama",30.0,9.0,2014.0
82,Peaky Blinders,5,4,TV Series,8.8,7800,8.8,636162,2109.0,"Crime ,Drama",4.0,10.0,2019.0
82,Peaky Blinders,3,6,TV Series,9.5,12416,8.8,636162,2109.0,"Crime ,Drama",31.0,5.0,2016.0
82,Peaky Blinders,2,6,TV Series,9.5,14205,8.8,636162,2109.0,"Crime ,Drama",6.0,11.0,2014.0
82,Peaky Blinders,6,6,TV Series,9.2,13607,8.8,636162,2109.0,"Crime ,Drama",10.0,6.0,2022.0
82,Peaky Blinders,4,3,TV Series,8.5,7932,8.8,636162,2109.0,"Crime ,Drama",21.0,12.0,2017.0
82,Peaky Blinders,4,2,TV Series,9.0,9182,8.8,636162,2109.0,"Crime ,Drama",21.0,12.0,2017.0
82,Peaky Blinders,4,4,TV Series,8.5,7750,8.8,636162,2109.0,"Crime ,Drama",21.0,12.0,2017.0
82,Peaky Blinders,4,5,TV Series,8.7,8072,8.8,636162,2109.0,"Crime ,Drama",21.0,12.0,2017.0
82,Peaky Blinders,1,1,TV Series,8.0,13203,8.8,636162,2109.0,"Crime ,Drama",30.0,9.0,2014.0
82,Peaky Blinders,6,4,TV Series,8.0,6957,8.8,636162,2109.0,"Crime ,Drama",10.0,6.0,2022.0
82,Peaky Blinders,1,4,TV Series,8.5,10162,8.8,636162,2109.0,"Crime ,Drama",30.0,9.0,2014.0
82,Peaky Blinders,6,5,TV Series,8.0,6571,8.8,636162,2109.0,"Crime ,Drama",10.0,6.0,2022.0
82,Peaky Blinders,2,2,TV Series,8.3,8596,8.8,636162,2109.0,"Crime ,Drama",9.0,10.0,2014.0
82,Peaky Blinders,2,1,TV Series,8.4,9225,8.8,636162,2109.0,"Crime ,Drama",2.0,10.0,2014.0
82,Peaky Blinders,6,1,TV Series,8.8,11858,8.8,636162,2109.0,"Crime ,Drama",10.0,6.0,2022.0
82,Peaky Blinders,6,2,TV Series,8.2,8217,8.8,636162,2109.0,"Crime ,Drama",10.0,6.0,2022.0
82,Peaky Blinders,5,6,TV Series,9.2,10415,8.8,636162,2109.0,"Crime ,Drama",4.0,10.0,2019.0
82,Peaky Blinders,5,5,TV Series,8.5,6983,8.8,636162,2109.0,"Crime ,Drama",4.0,10.0,2019.0
82,Peaky Blinders,5,3,TV Series,8.4,7414,8.8,636162,2109.0,"Crime ,Drama",4.0,10.0,2019.0
82,Peaky Blinders,5,2,TV Series,8.7,8449,8.8,636162,2109.0,"Crime ,Drama",4.0,10.0,2019.0
82,Peaky Blinders,5,1,TV Series,8.3,9017,8.8,636162,2109.0,"Crime ,Drama",4.0,10.0,2019.0
82,Peaky Blinders,4,6,TV Series,9.4,12058,8.8,636162,2109.0,"Crime ,Drama",21.0,12.0,2017.0
83,Gullak,3,2,TV Series,8.7,379,9.1,20955,24.0,"Comedy ,Drama ,Family",7.0,4.0,2022.0
83,Gullak,1,2,TV Series,9.0,469,9.1,20955,24.0,"Comedy ,Drama ,Family",27.0,6.0,2019.0
83,Gullak,2,2,TV Series,9.1,607,9.1,20955,24.0,"Comedy ,Drama ,Family",15.0,1.0,2021.0
83,Gullak,2,1,TV Series,9.0,662,9.1,20955,24.0,"Comedy ,Drama ,Family",15.0,1.0,2021.0
83,Gullak,1,5,TV Series,9.0,473,9.1,20955,24.0,"Comedy ,Drama ,Family",27.0,6.0,2019.0
83,Gullak,1,4,TV Series,8.7,437,9.1,20955,24.0,"Comedy ,Drama ,Family",27.0,6.0,2019.0
83,Gullak,1,3,TV Series,8.9,463,9.1,20955,24.0,"Comedy ,Drama ,Family",27.0,6.0,2019.0
83,Gullak,1,1,TV Series,8.6,558,9.1,20955,24.0,"Comedy ,Drama ,Family",27.0,6.0,2019.0
83,Gullak,2,3,TV Series,9.1,698,9.1,20955,24.0,"Comedy ,Drama ,Family",15.0,1.0,2021.0
83,Gullak,2,4,TV Series,9.0,597,9.1,20955,24.0,"Comedy ,Drama ,Family",15.0,1.0,2021.0
83,Gullak,3,3,TV Series,9.2,424,9.1,20955,24.0,"Comedy ,Drama ,Family",7.0,4.0,2022.0
83,Gullak,3,5,TV Series,9.6,712,9.1,20955,24.0,"Comedy ,Drama ,Family",7.0,4.0,2022.0
83,Gullak,3,4,TV Series,8.8,367,9.1,20955,24.0,"Comedy ,Drama ,Family",7.0,4.0,2022.0
83,Gullak,3,1,TV Series,8.9,403,9.1,20955,24.0,"Comedy ,Drama ,Family",7.0,4.0,2022.0
83,Gullak,2,5,TV Series,9.6,1066,9.1,20955,24.0,"Comedy ,Drama ,Family",15.0,1.0,2021.0
84,Six Feet Under,2,2,TV Series,8.2,1796,8.7,147647,60.0,"Comedy ,Drama",10.0,3.0,2002.0
84,Six Feet Under,2,3,TV Series,8.2,1761,8.7,147647,60.0,"Comedy ,Drama",17.0,3.0,2002.0
84,Six Feet Under,2,12,TV Series,8.9,1937,8.7,147647,60.0,"Comedy ,Drama",19.0,5.0,2002.0
84,Six Feet Under,3,4,TV Series,8.6,1814,8.7,147647,60.0,"Comedy ,Drama",23.0,3.0,2003.0
84,Six Feet Under,3,5,TV Series,7.9,1539,8.7,147647,60.0,"Comedy ,Drama",30.0,3.0,2003.0
84,Six Feet Under,3,6,TV Series,7.9,1620,8.7,147647,60.0,"Comedy ,Drama",6.0,4.0,2003.0
84,Six Feet Under,1,1,TV Series,8.7,3944,8.7,147647,60.0,"Comedy ,Drama",3.0,6.0,2001.0
84,Six Feet Under,1,2,TV Series,8.0,2675,8.7,147647,60.0,"Comedy ,Drama",10.0,6.0,2001.0
84,Six Feet Under,1,3,TV Series,8.4,2566,8.7,147647,60.0,"Comedy ,Drama",17.0,6.0,2001.0
84,Six Feet Under,2,7,TV Series,8.1,1706,8.7,147647,60.0,"Comedy ,Drama",14.0,4.0,2002.0
84,Six Feet Under,2,8,TV Series,9.0,2097,8.7,147647,60.0,"Comedy ,Drama",21.0,4.0,2002.0
84,Six Feet Under,2,9,TV Series,7.9,1633,8.7,147647,60.0,"Comedy ,Drama",28.0,4.0,2002.0
84,Six Feet Under,2,10,TV Series,8.1,1646,8.7,147647,60.0,"Comedy ,Drama",5.0,5.0,2002.0
84,Six Feet Under,2,11,TV Series,8.3,1654,8.7,147647,60.0,"Comedy ,Drama",12.0,5.0,2002.0
84,Six Feet Under,5,6,TV Series,8.5,1632,8.7,147647,60.0,"Comedy ,Drama",10.0,7.0,2005.0
84,Six Feet Under,2,13,TV Series,9.2,2099,8.7,147647,60.0,"Comedy ,Drama",2.0,6.0,2002.0
84,Six Feet Under,3,1,TV Series,8.2,1847,8.7,147647,60.0,"Comedy ,Drama",2.0,3.0,2003.0
84,Six Feet Under,3,2,TV Series,7.8,1582,8.7,147647,60.0,"Comedy ,Drama",9.0,3.0,2003.0
84,Six Feet Under,3,3,TV Series,7.8,1564,8.7,147647,60.0,"Comedy ,Drama",16.0,3.0,2003.0
84,Six Feet Under,5,11,TV Series,9.1,2201,8.7,147647,60.0,"Comedy ,Drama",14.0,8.0,2005.0
84,Six Feet Under,5,12,TV Series,9.9,12025,8.7,147647,60.0,"Comedy ,Drama",21.0,8.0,2005.0
84,Six Feet Under,3,7,TV Series,8.0,1529,8.7,147647,60.0,"Comedy ,Drama",13.0,4.0,2003.0
84,Six Feet Under,3,8,TV Series,7.9,1554,8.7,147647,60.0,"Comedy ,Drama",20.0,4.0,2003.0
84,Six Feet Under,3,9,TV Series,8.0,1494,8.7,147647,60.0,"Comedy ,Drama",27.0,4.0,2003.0
84,Six Feet Under,3,13,TV Series,9.1,2112,8.7,147647,60.0,"Comedy ,Drama",1.0,6.0,2003.0
84,Six Feet Under,3,10,TV Series,8.4,1584,8.7,147647,60.0,"Comedy ,Drama",4.0,5.0,2003.0
84,Six Feet Under,3,11,TV Series,8.8,1697,8.7,147647,60.0,"Comedy ,Drama",11.0,5.0,2003.0
84,Six Feet Under,3,12,TV Series,8.4,1576,8.7,147647,60.0,"Comedy ,Drama",18.0,5.0,2003.0
84,Six Feet Under,4,3,TV Series,8.0,1561,8.7,147647,60.0,"Comedy ,Drama",27.0,6.0,2004.0
84,Six Feet Under,4,1,TV Series,8.9,2042,8.7,147647,60.0,"Comedy ,Drama",13.0,6.0,2004.0
84,Six Feet Under,4,5,TV Series,8.8,2562,8.7,147647,60.0,"Comedy ,Drama",18.0,7.0,2004.0
84,Six Feet Under,4,4,TV Series,7.7,1465,8.7,147647,60.0,"Comedy ,Drama",11.0,7.0,2004.0
84,Six Feet Under,5,4,TV Series,8.7,1689,8.7,147647,60.0,"Comedy ,Drama",27.0,6.0,2005.0
84,Six Feet Under,5,5,TV Series,8.1,1479,8.7,147647,60.0,"Comedy ,Drama",4.0,7.0,2005.0
84,Six Feet Under,4,6,TV Series,8.3,1572,8.7,147647,60.0,"Comedy ,Drama",25.0,7.0,2004.0
84,Six Feet Under,4,11,TV Series,8.0,1467,8.7,147647,60.0,"Comedy ,Drama",29.0,8.0,2004.0
84,Six Feet Under,4,10,TV Series,7.7,1443,8.7,147647,60.0,"Comedy ,Drama",22.0,8.0,2004.0
84,Six Feet Under,5,2,TV Series,8.0,1541,8.7,147647,60.0,"Comedy ,Drama",13.0,6.0,2005.0
84,Six Feet Under,5,1,TV Series,8.4,1638,8.7,147647,60.0,"Comedy ,Drama",6.0,6.0,2005.0
84,Six Feet Under,4,12,TV Series,9.1,2014,8.7,147647,60.0,"Comedy ,Drama",12.0,9.0,2004.0
84,Six Feet Under,5,9,TV Series,9.5,2753,8.7,147647,60.0,"Comedy ,Drama",31.0,7.0,2005.0
84,Six Feet Under,5,10,TV Series,9.6,3368,8.7,147647,60.0,"Comedy ,Drama",7.0,8.0,2005.0
84,Six Feet Under,5,7,TV Series,8.0,1505,8.7,147647,60.0,"Comedy ,Drama",17.0,7.0,2005.0
84,Six Feet Under,5,3,TV Series,8.2,1520,8.7,147647,60.0,"Comedy ,Drama",20.0,6.0,2005.0
84,Six Feet Under,5,8,TV Series,8.7,1691,8.7,147647,60.0,"Comedy ,Drama",24.0,7.0,2005.0
84,Six Feet Under,1,11,TV Series,8.3,2025,8.7,147647,60.0,"Comedy ,Drama",12.0,8.0,2001.0
84,Six Feet Under,1,9,TV Series,8.6,2202,8.7,147647,60.0,"Comedy ,Drama",29.0,7.0,2001.0
84,Six Feet Under,2,1,TV Series,8.3,1969,8.7,147647,60.0,"Comedy ,Drama",3.0,3.0,2002.0
84,Six Feet Under,2,4,TV Series,8.4,1802,8.7,147647,60.0,"Comedy ,Drama",24.0,3.0,2002.0
84,Six Feet Under,2,5,TV Series,8.4,1780,8.7,147647,60.0,"Comedy ,Drama",31.0,3.0,2002.0
84,Six Feet Under,2,6,TV Series,8.1,1675,8.7,147647,60.0,"Comedy ,Drama",7.0,4.0,2002.0
84,Six Feet Under,1,4,TV Series,8.3,2477,8.7,147647,60.0,"Comedy ,Drama",24.0,6.0,2001.0
84,Six Feet Under,1,8,TV Series,8.1,2102,8.7,147647,60.0,"Comedy ,Drama",22.0,7.0,2001.0
84,Six Feet Under,1,7,TV Series,8.0,2131,8.7,147647,60.0,"Comedy ,Drama",15.0,7.0,2001.0
84,Six Feet Under,1,6,TV Series,8.6,2446,8.7,147647,60.0,"Comedy ,Drama",8.0,7.0,2001.0
84,Six Feet Under,1,5,TV Series,8.3,2359,8.7,147647,60.0,"Comedy ,Drama",1.0,7.0,2001.0
84,Six Feet Under,1,13,TV Series,8.7,2184,8.7,147647,60.0,"Comedy ,Drama",19.0,8.0,2001.0
84,Six Feet Under,4,7,TV Series,7.9,1469,8.7,147647,60.0,"Comedy ,Drama",1.0,8.0,2004.0
84,Six Feet Under,4,8,TV Series,8.0,1461,8.7,147647,60.0,"Comedy ,Drama",8.0,8.0,2004.0
84,Six Feet Under,1,12,TV Series,8.8,2262,8.7,147647,60.0,"Comedy ,Drama",19.0,8.0,2001.0
84,Six Feet Under,4,9,TV Series,7.7,1465,8.7,147647,60.0,"Comedy ,Drama",15.0,8.0,2004.0
84,Six Feet Under,4,2,TV Series,7.8,1501,8.7,147647,60.0,"Comedy ,Drama",20.0,6.0,2004.0
84,Six Feet Under,1,10,TV Series,8.3,2064,8.7,147647,60.0,"Comedy ,Drama",5.0,8.0,2001.0
85,Rome,1,1,TV Series,8.0,3108,8.7,183690,1193.0,"Action ,Drama ,Romance",28.0,8.0,2005.0
85,Rome,2,9,TV Series,8.7,2004,8.7,183690,1193.0,"Action ,Drama ,Romance",18.0,3.0,2007.0
85,Rome,2,10,TV Series,9.0,2376,8.7,183690,1193.0,"Action ,Drama ,Romance",25.0,3.0,2007.0
85,Rome,2,8,TV Series,8.6,1992,8.7,183690,1193.0,"Action ,Drama ,Romance",11.0,3.0,2007.0
85,Rome,1,3,TV Series,8.0,2485,8.7,183690,1193.0,"Action ,Drama ,Romance",11.0,9.0,2005.0
85,Rome,1,2,TV Series,8.2,2692,8.7,183690,1193.0,"Action ,Drama ,Romance",4.0,9.0,2005.0
85,Rome,1,6,TV Series,8.0,2309,8.7,183690,1193.0,"Action ,Drama ,Romance",2.0,10.0,2005.0
85,Rome,1,5,TV Series,8.1,2398,8.7,183690,1193.0,"Action ,Drama ,Romance",25.0,9.0,2005.0
85,Rome,1,4,TV Series,8.0,2401,8.7,183690,1193.0,"Action ,Drama ,Romance",18.0,9.0,2005.0
85,Rome,1,11,TV Series,8.9,2525,8.7,183690,1193.0,"Action ,Drama ,Romance",13.0,11.0,2005.0
85,Rome,1,9,TV Series,8.2,2211,8.7,183690,1193.0,"Action ,Drama ,Romance",30.0,10.0,2005.0
85,Rome,1,7,TV Series,8.4,2294,8.7,183690,1193.0,"Action ,Drama ,Romance",9.0,10.0,2005.0
85,Rome,2,6,TV Series,8.7,2126,8.7,183690,1193.0,"Action ,Drama ,Romance",18.0,2.0,2007.0
85,Rome,2,7,TV Series,8.1,1959,8.7,183690,1193.0,"Action ,Drama ,Romance",4.0,3.0,2007.0
85,Rome,2,2,TV Series,8.4,2104,8.7,183690,1193.0,"Action ,Drama ,Romance",21.0,1.0,2007.0
85,Rome,1,10,TV Series,8.3,2181,8.7,183690,1193.0,"Action ,Drama ,Romance",6.0,11.0,2005.0
85,Rome,2,4,TV Series,8.4,2055,8.7,183690,1193.0,"Action ,Drama ,Romance",4.0,2.0,2007.0
85,Rome,1,8,TV Series,8.4,2314,8.7,183690,1193.0,"Action ,Drama ,Romance",16.0,10.0,2005.0
85,Rome,2,3,TV Series,8.1,2027,8.7,183690,1193.0,"Action ,Drama ,Romance",28.0,1.0,2007.0
85,Rome,2,5,TV Series,8.2,1977,8.7,183690,1193.0,"Action ,Drama ,Romance",11.0,2.0,2007.0
85,Rome,1,12,TV Series,9.1,2716,8.7,183690,1193.0,"Action ,Drama ,Romance",20.0,11.0,2005.0
85,Rome,2,1,TV Series,8.7,2300,8.7,183690,1193.0,"Action ,Drama ,Romance",14.0,1.0,2007.0
86,Oz,2,1,TV Series,8.1,2169,8.7,105865,55.0,"Crime ,Drama ,Thriller",11.0,7.0,1998.0
86,Oz,1,4,TV Series,8.3,2375,8.7,105865,55.0,"Crime ,Drama ,Thriller",28.0,7.0,1997.0
86,Oz,3,4,TV Series,8.5,2041,8.7,105865,55.0,"Crime ,Drama ,Thriller",4.0,8.0,1999.0
86,Oz,4,2,TV Series,8.2,1950,8.7,105865,55.0,"Crime ,Drama ,Thriller",19.0,7.0,2000.0
86,Oz,4,3,TV Series,8.3,1949,8.7,105865,55.0,"Crime ,Drama ,Thriller",26.0,7.0,2000.0
86,Oz,4,1,TV Series,8.8,2123,8.7,105865,55.0,"Crime ,Drama ,Thriller",12.0,7.0,2000.0
86,Oz,1,1,TV Series,8.5,3037,8.7,105865,55.0,"Crime ,Drama ,Thriller",12.0,7.0,1997.0
86,Oz,1,2,TV Series,8.2,2566,8.7,105865,55.0,"Crime ,Drama ,Thriller",14.0,7.0,1997.0
86,Oz,1,3,TV Series,8.0,2421,8.7,105865,55.0,"Crime ,Drama ,Thriller",21.0,7.0,1997.0
86,Oz,2,3,TV Series,8.0,2083,8.7,105865,55.0,"Crime ,Drama ,Thriller",27.0,7.0,1998.0
86,Oz,2,2,TV Series,8.1,2112,8.7,105865,55.0,"Crime ,Drama ,Thriller",20.0,7.0,1998.0
86,Oz,3,6,TV Series,8.2,1977,8.7,105865,55.0,"Crime ,Drama ,Thriller",18.0,8.0,1999.0
86,Oz,3,7,TV Series,8.4,1991,8.7,105865,55.0,"Crime ,Drama ,Thriller",25.0,8.0,1999.0
86,Oz,3,8,TV Series,8.3,2015,8.7,105865,55.0,"Crime ,Drama ,Thriller",1.0,9.0,1999.0
86,Oz,4,5,TV Series,8.5,1965,8.7,105865,55.0,"Crime ,Drama ,Thriller",9.0,8.0,2000.0
86,Oz,4,4,TV Series,8.5,1978,8.7,105865,55.0,"Crime ,Drama ,Thriller",2.0,8.0,2000.0
86,Oz,4,8,TV Series,9.0,2201,8.7,105865,55.0,"Crime ,Drama ,Thriller",30.0,8.0,2000.0
86,Oz,4,7,TV Series,8.8,2079,8.7,105865,55.0,"Crime ,Drama ,Thriller",23.0,8.0,2000.0
86,Oz,4,6,TV Series,8.3,1935,8.7,105865,55.0,"Crime ,Drama ,Thriller",16.0,8.0,2000.0
86,Oz,4,10,TV Series,8.3,1970,8.7,105865,55.0,"Crime ,Drama ,Thriller",14.0,1.0,2001.0
86,Oz,4,11,TV Series,8.5,2048,8.7,105865,55.0,"Crime ,Drama ,Thriller",21.0,1.0,2001.0
86,Oz,4,13,TV Series,8.2,1888,8.7,105865,55.0,"Crime ,Drama ,Thriller",4.0,2.0,2001.0
86,Oz,4,9,TV Series,8.3,1940,8.7,105865,55.0,"Crime ,Drama ,Thriller",7.0,1.0,2001.0
86,Oz,5,5,TV Series,8.4,1867,8.7,105865,55.0,"Crime ,Drama ,Thriller",3.0,2.0,2002.0
86,Oz,4,16,TV Series,8.8,1999,8.7,105865,55.0,"Crime ,Drama ,Thriller",25.0,2.0,2001.0
86,Oz,4,12,TV Series,8.6,1982,8.7,105865,55.0,"Crime ,Drama ,Thriller",28.0,1.0,2001.0
86,Oz,1,5,TV Series,8.2,2267,8.7,105865,55.0,"Crime ,Drama ,Thriller",4.0,8.0,1997.0
86,Oz,1,6,TV Series,8.4,2241,8.7,105865,55.0,"Crime ,Drama ,Thriller",11.0,8.0,1997.0
86,Oz,1,7,TV Series,8.8,2331,8.7,105865,55.0,"Crime ,Drama ,Thriller",18.0,8.0,1997.0
86,Oz,1,8,TV Series,9.2,2758,8.7,105865,55.0,"Crime ,Drama ,Thriller",25.0,8.0,1997.0
86,Oz,5,1,TV Series,8.4,1950,8.7,105865,55.0,"Crime ,Drama ,Thriller",6.0,1.0,2002.0
86,Oz,5,2,TV Series,8.0,1849,8.7,105865,55.0,"Crime ,Drama ,Thriller",13.0,1.0,2002.0
86,Oz,5,3,TV Series,8.1,1849,8.7,105865,55.0,"Crime ,Drama ,Thriller",20.0,1.0,2002.0
86,Oz,2,4,TV Series,8.0,2098,8.7,105865,55.0,"Crime ,Drama ,Thriller",3.0,8.0,1998.0
86,Oz,2,5,TV Series,8.1,2087,8.7,105865,55.0,"Crime ,Drama ,Thriller",10.0,8.0,1998.0
86,Oz,2,6,TV Series,8.1,2079,8.7,105865,55.0,"Crime ,Drama ,Thriller",17.0,8.0,1998.0
86,Oz,2,7,TV Series,8.1,2064,8.7,105865,55.0,"Crime ,Drama ,Thriller",24.0,8.0,1998.0
86,Oz,2,8,TV Series,8.7,2270,8.7,105865,55.0,"Crime ,Drama ,Thriller",31.0,8.0,1998.0
86,Oz,3,1,TV Series,8.5,2064,8.7,105865,55.0,"Crime ,Drama ,Thriller",14.0,7.0,1999.0
86,Oz,3,2,TV Series,8.2,2011,8.7,105865,55.0,"Crime ,Drama ,Thriller",21.0,7.0,1999.0
86,Oz,3,3,TV Series,8.3,2006,8.7,105865,55.0,"Crime ,Drama ,Thriller",28.0,7.0,1999.0
86,Oz,6,4,TV Series,8.1,1848,8.7,105865,55.0,"Crime ,Drama ,Thriller",26.0,1.0,2003.0
86,Oz,3,5,TV Series,8.3,1986,8.7,105865,55.0,"Crime ,Drama ,Thriller",11.0,8.0,1999.0
86,Oz,4,14,TV Series,8.2,1894,8.7,105865,55.0,"Crime ,Drama ,Thriller",11.0,2.0,2001.0
86,Oz,4,15,TV Series,8.2,1888,8.7,105865,55.0,"Crime ,Drama ,Thriller",18.0,2.0,2001.0
86,Oz,6,8,TV Series,8.6,2245,8.7,105865,55.0,"Crime ,Drama ,Thriller",23.0,2.0,2003.0
86,Oz,6,7,TV Series,8.4,1867,8.7,105865,55.0,"Crime ,Drama ,Thriller",16.0,2.0,2003.0
86,Oz,6,1,TV Series,8.0,1878,8.7,105865,55.0,"Crime ,Drama ,Thriller",5.0,1.0,2003.0
86,Oz,6,5,TV Series,8.1,1862,8.7,105865,55.0,"Crime ,Drama ,Thriller",2.0,2.0,2003.0
86,Oz,6,3,TV Series,8.6,1935,8.7,105865,55.0,"Crime ,Drama ,Thriller",19.0,1.0,2003.0
86,Oz,6,6,TV Series,8.9,2140,8.7,105865,55.0,"Crime ,Drama ,Thriller",9.0,2.0,2003.0
86,Oz,5,6,TV Series,8.6,1970,8.7,105865,55.0,"Crime ,Drama ,Thriller",10.0,2.0,2002.0
86,Oz,5,7,TV Series,8.2,1849,8.7,105865,55.0,"Crime ,Drama ,Thriller",17.0,2.0,2002.0
86,Oz,5,8,TV Series,8.5,1911,8.7,105865,55.0,"Crime ,Drama ,Thriller",24.0,2.0,2002.0
86,Oz,5,4,TV Series,8.3,1864,8.7,105865,55.0,"Crime ,Drama ,Thriller",27.0,1.0,2002.0
86,Oz,6,2,TV Series,8.2,1869,8.7,105865,55.0,"Crime ,Drama ,Thriller",12.0,1.0,2003.0
87,Panchayat,1,2,TV Series,8.1,951,8.9,83682,536.0,"Comedy ,Drama",3.0,4.0,2020.0
87,Panchayat,1,1,TV Series,8.3,1172,8.9,83682,536.0,"Comedy ,Drama",5.0,3.0,2020.0
87,Panchayat,1,3,TV Series,8.6,1021,8.9,83682,536.0,"Comedy ,Drama",3.0,4.0,2020.0
87,Panchayat,3,3,TV Series,7.7,0,8.9,83682,536.0,"Comedy ,Drama",35.0,15.0,2024.0
87,Panchayat,3,1,TV Series,7.7,0,8.9,83682,536.0,"Comedy ,Drama",35.0,15.0,2024.0
87,Panchayat,3,2,TV Series,7.7,0,8.9,83682,536.0,"Comedy ,Drama",35.0,15.0,2024.0
87,Panchayat,2,4,TV Series,8.6,1248,8.9,83682,536.0,"Comedy ,Drama",18.0,5.0,2022.0
87,Panchayat,2,8,TV Series,9.6,3569,8.9,83682,536.0,"Comedy ,Drama",18.0,5.0,2022.0
87,Panchayat,2,7,TV Series,8.8,1420,8.9,83682,536.0,"Comedy ,Drama",18.0,5.0,2022.0
87,Panchayat,2,6,TV Series,8.7,1243,8.9,83682,536.0,"Comedy ,Drama",18.0,5.0,2022.0
87,Panchayat,1,8,TV Series,8.7,1009,8.9,83682,536.0,"Comedy ,Drama",3.0,4.0,2020.0
87,Panchayat,1,7,TV Series,8.2,870,8.9,83682,536.0,"Comedy ,Drama",3.0,4.0,2020.0
87,Panchayat,3,8,TV Series,7.7,0,8.9,83682,536.0,"Comedy ,Drama",35.0,15.0,2024.0
87,Panchayat,3,7,TV Series,7.7,0,8.9,83682,536.0,"Comedy ,Drama",35.0,15.0,2024.0
87,Panchayat,2,5,TV Series,8.7,1233,8.9,83682,536.0,"Comedy ,Drama",18.0,5.0,2022.0
87,Panchayat,2,3,TV Series,8.8,1297,8.9,83682,536.0,"Comedy ,Drama",18.0,5.0,2022.0
87,Panchayat,2,2,TV Series,8.5,1304,8.9,83682,536.0,"Comedy ,Drama",18.0,5.0,2022.0
87,Panchayat,2,1,TV Series,8.6,1592,8.9,83682,536.0,"Comedy ,Drama",18.0,5.0,2022.0
87,Panchayat,1,4,TV Series,8.3,905,8.9,83682,536.0,"Comedy ,Drama",3.0,4.0,2020.0
87,Panchayat,3,4,TV Series,7.7,0,8.9,83682,536.0,"Comedy ,Drama",35.0,15.0,2024.0
87,Panchayat,3,6,TV Series,7.7,0,8.9,83682,536.0,"Comedy ,Drama",35.0,15.0,2024.0
87,Panchayat,3,5,TV Series,7.7,0,8.9,83682,536.0,"Comedy ,Drama",35.0,15.0,2024.0
87,Panchayat,1,5,TV Series,8.9,1139,8.9,83682,536.0,"Comedy ,Drama",3.0,4.0,2020.0
87,Panchayat,1,6,TV Series,8.2,930,8.9,83682,536.0,"Comedy ,Drama",3.0,4.0,2020.0
88,Steins;Gate,Unknown,Unknown,TV Series,8.2,696,8.8,72180,24.0,"Animation ,Comedy ,Drama",3.0,12.0,2015.0
88,Steins;Gate,1,7,TV Series,8.3,1376,8.8,72180,24.0,"Animation ,Comedy ,Drama",18.0,5.0,2011.0
88,Steins;Gate,1,6,TV Series,7.6,1366,8.8,72180,24.0,"Animation ,Comedy ,Drama",11.0,5.0,2011.0
88,Steins;Gate,1,12,TV Series,9.2,1798,8.8,72180,24.0,"Animation ,Comedy ,Drama",22.0,6.0,2011.0
88,Steins;Gate,1,5,TV Series,8.0,1387,8.8,72180,24.0,"Animation ,Comedy ,Drama",4.0,5.0,2011.0
88,Steins;Gate,1,1,TV Series,7.4,1716,8.8,72180,24.0,"Animation ,Comedy ,Drama",6.0,4.0,2011.0
88,Steins;Gate,1,2,TV Series,7.5,1513,8.8,72180,24.0,"Animation ,Comedy ,Drama",13.0,4.0,2011.0
88,Steins;Gate,1,3,TV Series,7.6,1441,8.8,72180,24.0,"Animation ,Comedy ,Drama",20.0,4.0,2011.0
88,Steins;Gate,1,8,TV Series,8.1,1319,8.8,72180,24.0,"Animation ,Comedy ,Drama",25.0,5.0,2011.0
88,Steins;Gate,1,14,TV Series,9.1,1533,8.8,72180,24.0,"Animation ,Comedy ,Drama",6.0,7.0,2011.0
88,Steins;Gate,1,20,TV Series,9.1,1506,8.8,72180,24.0,"Animation ,Comedy ,Drama",17.0,8.0,2011.0
88,Steins;Gate,1,25,TV Series,8.3,1303,8.8,72180,24.0,"Animation ,Comedy ,Drama",22.0,2.0,2012.0
88,Steins;Gate,1,13,TV Series,9.1,1601,8.8,72180,24.0,"Animation ,Comedy ,Drama",29.0,6.0,2011.0
88,Steins;Gate,1,17,TV Series,8.4,1338,8.8,72180,24.0,"Animation ,Comedy ,Drama",27.0,7.0,2011.0
88,Steins;Gate,1,23,TV Series,9.4,1892,8.8,72180,24.0,"Animation ,Comedy ,Drama",7.0,9.0,2011.0
88,Steins;Gate,1,24,TV Series,9.5,2468,8.8,72180,24.0,"Animation ,Comedy ,Drama",14.0,9.0,2011.0
88,Steins;Gate,1,22,TV Series,9.5,2430,8.8,72180,24.0,"Animation ,Comedy ,Drama",31.0,8.0,2011.0
88,Steins;Gate,1,21,TV Series,8.7,1417,8.8,72180,24.0,"Animation ,Comedy ,Drama",24.0,8.0,2011.0
88,Steins;Gate,1,19,TV Series,8.6,1366,8.8,72180,24.0,"Animation ,Comedy ,Drama",10.0,8.0,2011.0
88,Steins;Gate,1,18,TV Series,8.0,1332,8.8,72180,24.0,"Animation ,Comedy ,Drama",3.0,8.0,2011.0
88,Steins;Gate,1,16,TV Series,9.3,1658,8.8,72180,24.0,"Animation ,Comedy ,Drama",20.0,7.0,2011.0
88,Steins;Gate,1,15,TV Series,8.3,1315,8.8,72180,24.0,"Animation ,Comedy ,Drama",13.0,7.0,2011.0
88,Steins;Gate,1,10,TV Series,7.9,1296,8.8,72180,24.0,"Animation ,Comedy ,Drama",8.0,6.0,2011.0
88,Steins;Gate,1,11,TV Series,8.2,1317,8.8,72180,24.0,"Animation ,Comedy ,Drama",15.0,6.0,2011.0
88,Steins;Gate,1,4,TV Series,7.2,1403,8.8,72180,24.0,"Animation ,Comedy ,Drama",27.0,4.0,2011.0
88,Steins;Gate,1,9,TV Series,8.3,1349,8.8,72180,24.0,"Animation ,Comedy ,Drama",1.0,6.0,2011.0
89,Blue Eye Samurai,1,6,TV Series,8.8,2311,8.8,56596,377.0,"Animation ,Action ,Adventure",3.0,11.0,2023.0
89,Blue Eye Samurai,1,5,TV Series,9.6,4267,8.8,56596,377.0,"Animation ,Action ,Adventure",3.0,11.0,2023.0
89,Blue Eye Samurai,1,8,TV Series,8.2,2206,8.8,56596,377.0,"Animation ,Action ,Adventure",3.0,11.0,2023.0
89,Blue Eye Samurai,1,7,TV Series,8.6,2036,8.8,56596,377.0,"Animation ,Action ,Adventure",3.0,11.0,2023.0
89,Blue Eye Samurai,1,4,TV Series,8.8,2399,8.8,56596,377.0,"Animation ,Action ,Adventure",3.0,11.0,2023.0
89,Blue Eye Samurai,1,3,TV Series,8.5,2310,8.8,56596,377.0,"Animation ,Action ,Adventure",3.0,11.0,2023.0
89,Blue Eye Samurai,1,2,TV Series,8.6,2411,8.8,56596,377.0,"Animation ,Action ,Adventure",3.0,11.0,2023.0
89,Blue Eye Samurai,1,1,TV Series,8.7,2851,8.8,56596,377.0,"Animation ,Action ,Adventure",3.0,11.0,2023.0
89,Blue Eye Samurai,2,1,TV Series,7.3,0,8.8,56596,377.0,"Animation ,Action ,Adventure",35.0,15.0,2050.0
90,Dark,3,5,TV Series,9.2,14291,8.7,436978,1455.0,"Crime ,Drama ,Mystery",27.0,6.0,2020.0
90,Dark,1,6,TV Series,9.0,13105,8.7,436978,1455.0,"Crime ,Drama ,Mystery",1.0,12.0,2017.0
90,Dark,3,6,TV Series,9.0,13728,8.7,436978,1455.0,"Crime ,Drama ,Mystery",27.0,6.0,2020.0
90,Dark,3,4,TV Series,8.9,13084,8.7,436978,1455.0,"Crime ,Drama ,Mystery",27.0,6.0,2020.0
90,Dark,1,10,TV Series,9.1,13565,8.7,436978,1455.0,"Crime ,Drama ,Mystery",1.0,12.0,2017.0
90,Dark,1,4,TV Series,8.2,12657,8.7,436978,1455.0,"Crime ,Drama ,Mystery",1.0,12.0,2017.0
90,Dark,1,3,TV Series,8.5,13399,8.7,436978,1455.0,"Crime ,Drama ,Mystery",1.0,12.0,2017.0
90,Dark,1,2,TV Series,8.1,13817,8.7,436978,1455.0,"Crime ,Drama ,Mystery",1.0,12.0,2017.0
90,Dark,1,5,TV Series,8.8,13339,8.7,436978,1455.0,"Crime ,Drama ,Mystery",1.0,12.0,2017.0
90,Dark,2,7,TV Series,9.1,12355,8.7,436978,1455.0,"Crime ,Drama ,Mystery",21.0,6.0,2019.0
90,Dark,2,1,TV Series,8.7,13407,8.7,436978,1455.0,"Crime ,Drama ,Mystery",21.0,6.0,2019.0
90,Dark,1,9,TV Series,8.6,11954,8.7,436978,1455.0,"Crime ,Drama ,Mystery",1.0,12.0,2017.0
90,Dark,3,8,TV Series,9.6,24510,8.7,436978,1455.0,"Crime ,Drama ,Mystery",27.0,6.0,2020.0
90,Dark,3,1,TV Series,8.8,14437,8.7,436978,1455.0,"Crime ,Drama ,Mystery",27.0,6.0,2020.0
90,Dark,2,8,TV Series,9.4,15289,8.7,436978,1455.0,"Crime ,Drama ,Mystery",21.0,6.0,2019.0
90,Dark,2,6,TV Series,9.5,15619,8.7,436978,1455.0,"Crime ,Drama ,Mystery",21.0,6.0,2019.0
90,Dark,2,5,TV Series,9.2,12475,8.7,436978,1455.0,"Crime ,Drama ,Mystery",21.0,6.0,2019.0
90,Dark,3,2,TV Series,8.6,13157,8.7,436978,1455.0,"Crime ,Drama ,Mystery",27.0,6.0,2020.0
90,Dark,2,2,TV Series,8.8,12500,8.7,436978,1455.0,"Crime ,Drama ,Mystery",21.0,6.0,2019.0
90,Dark,2,4,TV Series,9.4,13651,8.7,436978,1455.0,"Crime ,Drama ,Mystery",21.0,6.0,2019.0
90,Dark,2,3,TV Series,9.0,12441,8.7,436978,1455.0,"Crime ,Drama ,Mystery",21.0,6.0,2019.0
90,Dark,3,3,TV Series,8.6,12903,8.7,436978,1455.0,"Crime ,Drama ,Mystery",27.0,6.0,2020.0
90,Dark,1,8,TV Series,9.1,12966,8.7,436978,1455.0,"Crime ,Drama ,Mystery",1.0,12.0,2017.0
90,Dark,3,7,TV Series,9.4,17963,8.7,436978,1455.0,"Crime ,Drama ,Mystery",27.0,6.0,2020.0
90,Dark,1,7,TV Series,8.6,12158,8.7,436978,1455.0,"Crime ,Drama ,Mystery",1.0,12.0,2017.0
90,Dark,1,1,TV Series,8.2,15626,8.7,436978,1455.0,"Crime ,Drama ,Mystery",1.0,12.0,2017.0
91,The Boys,2,6,TV Series,8.9,13799,8.7,633315,60.0,"Action ,Comedy ,Crime",25.0,9.0,2020.0
91,The Boys,4,4,TV Series,7.7,0,8.7,633315,60.0,"Action ,Comedy ,Crime",35.0,15.0,2024.0
91,The Boys,4,5,TV Series,7.7,0,8.7,633315,60.0,"Action ,Comedy ,Crime",35.0,15.0,2024.0
91,The Boys,3,3,TV Series,8.2,12580,8.7,633315,60.0,"Action ,Comedy ,Crime",3.0,6.0,2022.0
91,The Boys,3,4,TV Series,8.9,14260,8.7,633315,60.0,"Action ,Comedy ,Crime",10.0,6.0,2022.0
91,The Boys,3,2,TV Series,8.6,13741,8.7,633315,60.0,"Action ,Comedy ,Crime",3.0,6.0,2022.0
91,The Boys,4,1,TV Series,7.7,0,8.7,633315,60.0,"Action ,Comedy ,Crime",35.0,15.0,2024.0
91,The Boys,3,5,TV Series,8.3,12624,8.7,633315,60.0,"Action ,Comedy ,Crime",17.0,6.0,2022.0
91,The Boys,3,6,TV Series,9.6,33461,8.7,633315,60.0,"Action ,Comedy ,Crime",24.0,6.0,2022.0
91,The Boys,3,8,TV Series,8.2,17946,8.7,633315,60.0,"Action ,Comedy ,Crime",8.0,7.0,2022.0
91,The Boys,2,1,TV Series,8.1,13398,8.7,633315,60.0,"Action ,Comedy ,Crime",4.0,9.0,2020.0
91,The Boys,1,3,TV Series,8.3,14499,8.7,633315,60.0,"Action ,Comedy ,Crime",26.0,7.0,2019.0
91,The Boys,1,4,TV Series,8.7,14697,8.7,633315,60.0,"Action ,Comedy ,Crime",26.0,7.0,2019.0
91,The Boys,1,2,TV Series,8.5,15448,8.7,633315,60.0,"Action ,Comedy ,Crime",26.0,7.0,2019.0
91,The Boys,1,5,TV Series,8.4,14057,8.7,633315,60.0,"Action ,Comedy ,Crime",26.0,7.0,2019.0
91,The Boys,4,2,TV Series,7.7,0,8.7,633315,60.0,"Action ,Comedy ,Crime",35.0,15.0,2024.0
91,The Boys,4,3,TV Series,7.7,0,8.7,633315,60.0,"Action ,Comedy ,Crime",35.0,15.0,2024.0
91,The Boys,1,1,TV Series,8.7,18286,8.7,633315,60.0,"Action ,Comedy ,Crime",26.0,7.0,2019.0
91,The Boys,3,7,TV Series,8.8,14591,8.7,633315,60.0,"Action ,Comedy ,Crime",1.0,7.0,2022.0
91,The Boys,3,1,TV Series,8.3,13794,8.7,633315,60.0,"Action ,Comedy ,Crime",3.0,6.0,2022.0
91,The Boys,2,8,TV Series,9.4,19666,8.7,633315,60.0,"Action ,Comedy ,Crime",9.0,10.0,2020.0
91,The Boys,2,7,TV Series,9.0,14199,8.7,633315,60.0,"Action ,Comedy ,Crime",2.0,10.0,2020.0
91,The Boys,2,2,TV Series,7.7,12751,8.7,633315,60.0,"Action ,Comedy ,Crime",4.0,9.0,2020.0
91,The Boys,2,3,TV Series,9.0,14918,8.7,633315,60.0,"Action ,Comedy ,Crime",4.0,9.0,2020.0
91,The Boys,1,6,TV Series,8.1,13282,8.7,633315,60.0,"Action ,Comedy ,Crime",26.0,7.0,2019.0
91,The Boys,1,8,TV Series,9.0,16140,8.7,633315,60.0,"Action ,Comedy ,Crime",26.0,7.0,2019.0
91,The Boys,4,8,TV Series,7.7,0,8.7,633315,60.0,"Action ,Comedy ,Crime",35.0,15.0,2024.0
91,The Boys,4,7,TV Series,7.7,0,8.7,633315,60.0,"Action ,Comedy ,Crime",35.0,15.0,2024.0
91,The Boys,1,7,TV Series,8.7,13638,8.7,633315,60.0,"Action ,Comedy ,Crime",26.0,7.0,2019.0
91,The Boys,2,5,TV Series,8.3,12365,8.7,633315,60.0,"Action ,Comedy ,Crime",18.0,9.0,2020.0
91,The Boys,2,4,TV Series,8.0,12370,8.7,633315,60.0,"Action ,Comedy ,Crime",11.0,9.0,2020.0
91,The Boys,4,6,TV Series,7.7,0,8.7,633315,60.0,"Action ,Comedy ,Crime",35.0,15.0,2024.0
92,Bleach: Thousand-Year Blood War,2,9,TV Series,7.7,2988,9.0,34127,24.0,"Animation ,Action ,Adventure",9.0,9.0,2023.0
92,Bleach: Thousand-Year Blood War,2,8,TV Series,8.9,5266,9.0,34127,24.0,"Animation ,Action ,Adventure",26.0,8.0,2023.0
92,Bleach: Thousand-Year Blood War,2,12,TV Series,9.5,3407,9.0,34127,24.0,"Animation ,Action ,Adventure",30.0,9.0,2023.0
92,Bleach: Thousand-Year Blood War,1,9,TV Series,8.6,4472,9.0,34127,24.0,"Animation ,Action ,Adventure",5.0,12.0,2022.0
92,Bleach: Thousand-Year Blood War,1,8,TV Series,7.9,4515,9.0,34127,24.0,"Animation ,Action ,Adventure",28.0,11.0,2022.0
92,Bleach: Thousand-Year Blood War,1,6,TV Series,9.5,12034,9.0,34127,24.0,"Animation ,Action ,Adventure",14.0,11.0,2022.0
92,Bleach: Thousand-Year Blood War,2,4,TV Series,9.1,4500,9.0,34127,24.0,"Animation ,Action ,Adventure",29.0,7.0,2023.0
92,Bleach: Thousand-Year Blood War,2,3,TV Series,9.1,4650,9.0,34127,24.0,"Animation ,Action ,Adventure",22.0,7.0,2023.0
92,Bleach: Thousand-Year Blood War,2,2,TV Series,8.7,3811,9.0,34127,24.0,"Animation ,Action ,Adventure",15.0,7.0,2023.0
92,Bleach: Thousand-Year Blood War,1,11,TV Series,8.7,3922,9.0,34127,24.0,"Animation ,Action ,Adventure",19.0,12.0,2022.0
92,Bleach: Thousand-Year Blood War,1,10,TV Series,8.9,4641,9.0,34127,24.0,"Animation ,Action ,Adventure",12.0,12.0,2022.0
92,Bleach: Thousand-Year Blood War,1,7,TV Series,9.2,6397,9.0,34127,24.0,"Animation ,Action ,Adventure",21.0,11.0,2022.0
92,Bleach: Thousand-Year Blood War,2,1,TV Series,8.6,4020,9.0,34127,24.0,"Animation ,Action ,Adventure",8.0,7.0,2023.0
92,Bleach: Thousand-Year Blood War,1,12,TV Series,9.1,4108,9.0,34127,24.0,"Animation ,Action ,Adventure",26.0,12.0,2022.0
92,Bleach: Thousand-Year Blood War,1,1,TV Series,8.9,7863,9.0,34127,24.0,"Animation ,Action ,Adventure",10.0,10.0,2022.0
92,Bleach: Thousand-Year Blood War,2,10,TV Series,8.3,2589,9.0,34127,24.0,"Animation ,Action ,Adventure",16.0,9.0,2023.0
92,Bleach: Thousand-Year Blood War,2,5,TV Series,9.0,4607,9.0,34127,24.0,"Animation ,Action ,Adventure",5.0,8.0,2023.0
92,Bleach: Thousand-Year Blood War,2,6,TV Series,9.2,9200,9.0,34127,24.0,"Animation ,Action ,Adventure",12.0,8.0,2023.0
92,Bleach: Thousand-Year Blood War,2,7,TV Series,9.3,11502,9.0,34127,24.0,"Animation ,Action ,Adventure",19.0,8.0,2023.0
92,Bleach: Thousand-Year Blood War,1,3,TV Series,8.5,5657,9.0,34127,24.0,"Animation ,Action ,Adventure",25.0,10.0,2022.0
92,Bleach: Thousand-Year Blood War,1,4,TV Series,8.7,5618,9.0,34127,24.0,"Animation ,Action ,Adventure",1.0,11.0,2022.0
92,Bleach: Thousand-Year Blood War,1,2,TV Series,8.5,6078,9.0,34127,24.0,"Animation ,Action ,Adventure",17.0,10.0,2022.0
92,Bleach: Thousand-Year Blood War,1,5,TV Series,9.1,6538,9.0,34127,24.0,"Animation ,Action ,Adventure",7.0,11.0,2022.0
92,Bleach: Thousand-Year Blood War,Unknown,Unknown,TV Series,6.4,1018,9.0,34127,24.0,"Animation ,Action ,Adventure",9.0,9.0,2023.0
92,Bleach: Thousand-Year Blood War,2,13,TV Series,9.5,3928,9.0,34127,24.0,"Animation ,Action ,Adventure",30.0,9.0,2023.0
92,Bleach: Thousand-Year Blood War,2,11,TV Series,9.4,4137,9.0,34127,24.0,"Animation ,Action ,Adventure",23.0,9.0,2023.0
92,Bleach: Thousand-Year Blood War,1,13,TV Series,9.3,5341,9.0,34127,24.0,"Animation ,Action ,Adventure",26.0,12.0,2022.0
93,Fleabag,2,5,TV Series,8.6,4198,8.7,196418,302.0,"Comedy ,Drama",17.0,5.0,2019.0
93,Fleabag,2,4,TV Series,8.8,4639,8.7,196418,302.0,"Comedy ,Drama",17.0,5.0,2019.0
93,Fleabag,2,3,TV Series,8.9,4604,8.7,196418,302.0,"Comedy ,Drama",17.0,5.0,2019.0
93,Fleabag,2,2,TV Series,8.3,4266,8.7,196418,302.0,"Comedy ,Drama",17.0,5.0,2019.0
93,Fleabag,2,1,TV Series,9.2,6287,8.7,196418,302.0,"Comedy ,Drama",17.0,5.0,2019.0
93,Fleabag,1,6,TV Series,8.8,4760,8.7,196418,302.0,"Comedy ,Drama",16.0,9.0,2016.0
93,Fleabag,1,5,TV Series,8.2,4240,8.7,196418,302.0,"Comedy ,Drama",16.0,9.0,2016.0
93,Fleabag,1,4,TV Series,8.0,4385,8.7,196418,302.0,"Comedy ,Drama",16.0,9.0,2016.0
93,Fleabag,2,6,TV Series,9.3,6006,8.7,196418,302.0,"Comedy ,Drama",17.0,5.0,2019.0
93,Fleabag,1,2,TV Series,7.7,4603,8.7,196418,302.0,"Comedy ,Drama",16.0,9.0,2016.0
93,Fleabag,1,3,TV Series,7.6,4324,8.7,196418,302.0,"Comedy ,Drama",16.0,9.0,2016.0
93,Fleabag,1,1,TV Series,7.7,5353,8.7,196418,302.0,"Comedy ,Drama",16.0,9.0,2016.0
94,Battlestar Galactica,1,1,TV Series,8.5,3255,8.7,174516,44.0,"Action ,Adventure ,Drama",14.0,1.0,2005.0
94,Battlestar Galactica,2,19,TV Series,8.0,1805,8.7,174516,44.0,"Action ,Adventure ,Drama",3.0,3.0,2006.0
94,Battlestar Galactica,4,2,TV Series,7.9,1624,8.7,174516,44.0,"Action ,Adventure ,Drama",11.0,4.0,2008.0
94,Battlestar Galactica,2,11,TV Series,8.8,2092,8.7,174516,44.0,"Action ,Adventure ,Drama",6.0,1.0,2006.0
94,Battlestar Galactica,2,12,TV Series,8.9,2174,8.7,174516,44.0,"Action ,Adventure ,Drama",13.0,1.0,2006.0
94,Battlestar Galactica,2,13,TV Series,7.5,1813,8.7,174516,44.0,"Action ,Adventure ,Drama",20.0,1.0,2006.0
94,Battlestar Galactica,2,14,TV Series,6.4,2080,8.7,174516,44.0,"Action ,Adventure ,Drama",27.0,1.0,2006.0
94,Battlestar Galactica,2,15,TV Series,7.3,1989,8.7,174516,44.0,"Action ,Adventure ,Drama",3.0,2.0,2006.0
94,Battlestar Galactica,2,16,TV Series,7.1,1858,8.7,174516,44.0,"Action ,Adventure ,Drama",10.0,2.0,2006.0
94,Battlestar Galactica,2,17,TV Series,7.7,1811,8.7,174516,44.0,"Action ,Adventure ,Drama",17.0,2.0,2006.0
94,Battlestar Galactica,2,18,TV Series,8.4,1999,8.7,174516,44.0,"Action ,Adventure ,Drama",24.0,2.0,2006.0
94,Battlestar Galactica,4,11,TV Series,8.7,1846,8.7,174516,44.0,"Action ,Adventure ,Drama",16.0,1.0,2009.0
94,Battlestar Galactica,2,20,TV Series,8.7,2056,8.7,174516,44.0,"Action ,Adventure ,Drama",10.0,3.0,2006.0
94,Battlestar Galactica,1,2,TV Series,7.7,2478,8.7,174516,44.0,"Action ,Adventure ,Drama",14.0,1.0,2005.0
94,Battlestar Galactica,1,3,TV Series,7.6,2395,8.7,174516,44.0,"Action ,Adventure ,Drama",21.0,1.0,2005.0
94,Battlestar Galactica,1,4,TV Series,7.7,2319,8.7,174516,44.0,"Action ,Adventure ,Drama",28.0,1.0,2005.0
94,Battlestar Galactica,3,4,TV Series,9.1,2588,8.7,174516,44.0,"Action ,Adventure ,Drama",20.0,10.0,2006.0
94,Battlestar Galactica,3,5,TV Series,8.1,1828,8.7,174516,44.0,"Action ,Adventure ,Drama",27.0,10.0,2006.0
94,Battlestar Galactica,3,6,TV Series,7.8,1782,8.7,174516,44.0,"Action ,Adventure ,Drama",3.0,11.0,2006.0
94,Battlestar Galactica,1,8,TV Series,8.0,2158,8.7,174516,44.0,"Action ,Adventure ,Drama",25.0,2.0,2005.0
94,Battlestar Galactica,1,9,TV Series,7.5,2119,8.7,174516,44.0,"Action ,Adventure ,Drama",4.0,3.0,2005.0
94,Battlestar Galactica,1,10,TV Series,8.4,2156,8.7,174516,44.0,"Action ,Adventure ,Drama",11.0,3.0,2005.0
94,Battlestar Galactica,1,11,TV Series,7.6,2021,8.7,174516,44.0,"Action ,Adventure ,Drama",18.0,3.0,2005.0
94,Battlestar Galactica,1,12,TV Series,8.3,2067,8.7,174516,44.0,"Action ,Adventure ,Drama",25.0,3.0,2005.0
94,Battlestar Galactica,1,13,TV Series,8.8,2229,8.7,174516,44.0,"Action ,Adventure ,Drama",1.0,4.0,2005.0
94,Battlestar Galactica,2,1,TV Series,8.2,1989,8.7,174516,44.0,"Action ,Adventure ,Drama",15.0,7.0,2005.0
94,Battlestar Galactica,2,2,TV Series,7.9,1948,8.7,174516,44.0,"Action ,Adventure ,Drama",22.0,7.0,2005.0
94,Battlestar Galactica,3,15,TV Series,7.0,1737,8.7,174516,44.0,"Action ,Adventure ,Drama",18.0,2.0,2007.0
94,Battlestar Galactica,2,4,TV Series,8.0,1873,8.7,174516,44.0,"Action ,Adventure ,Drama",5.0,8.0,2005.0
94,Battlestar Galactica,2,8,TV Series,7.7,1971,8.7,174516,44.0,"Action ,Adventure ,Drama",9.0,9.0,2005.0
94,Battlestar Galactica,2,9,TV Series,8.2,1896,8.7,174516,44.0,"Action ,Adventure ,Drama",16.0,9.0,2005.0
94,Battlestar Galactica,2,10,TV Series,9.0,2388,8.7,174516,44.0,"Action ,Adventure ,Drama",23.0,9.0,2005.0
94,Battlestar Galactica,4,1,TV Series,8.4,1890,8.7,174516,44.0,"Action ,Adventure ,Drama",4.0,4.0,2008.0
94,Battlestar Galactica,3,20,TV Series,9.2,2892,8.7,174516,44.0,"Action ,Adventure ,Drama",25.0,3.0,2007.0
94,Battlestar Galactica,3,17,TV Series,7.9,1917,8.7,174516,44.0,"Action ,Adventure ,Drama",4.0,3.0,2007.0
94,Battlestar Galactica,4,20,TV Series,9.0,3104,8.7,174516,44.0,"Action ,Adventure ,Drama",20.0,3.0,2009.0
94,Battlestar Galactica,4,21,TV Series,8.6,566,8.7,174516,44.0,"Action ,Adventure ,Drama",25.0,3.0,2009.0
94,Battlestar Galactica,4,4,TV Series,7.4,1558,8.7,174516,44.0,"Action ,Adventure ,Drama",25.0,4.0,2008.0
94,Battlestar Galactica,4,6,TV Series,8.0,1603,8.7,174516,44.0,"Action ,Adventure ,Drama",9.0,5.0,2008.0
94,Battlestar Galactica,4,5,TV Series,7.5,1529,8.7,174516,44.0,"Action ,Adventure ,Drama",2.0,5.0,2008.0
94,Battlestar Galactica,4,7,TV Series,8.5,1708,8.7,174516,44.0,"Action ,Adventure ,Drama",16.0,5.0,2008.0
94,Battlestar Galactica,4,8,TV Series,7.7,1543,8.7,174516,44.0,"Action ,Adventure ,Drama",30.0,5.0,2008.0
94,Battlestar Galactica,4,9,TV Series,8.6,1675,8.7,174516,44.0,"Action ,Adventure ,Drama",6.0,6.0,2008.0
94,Battlestar Galactica,4,10,TV Series,9.1,2090,8.7,174516,44.0,"Action ,Adventure ,Drama",13.0,6.0,2008.0
94,Battlestar Galactica,4,12,TV Series,7.7,1543,8.7,174516,44.0,"Action ,Adventure ,Drama",23.0,1.0,2009.0
94,Battlestar Galactica,3,1,TV Series,8.2,2126,8.7,174516,44.0,"Action ,Adventure ,Drama",6.0,10.0,2006.0
94,Battlestar Galactica,3,2,TV Series,8.2,1922,8.7,174516,44.0,"Action ,Adventure ,Drama",6.0,10.0,2006.0
94,Battlestar Galactica,4,3,TV Series,7.9,1635,8.7,174516,44.0,"Action ,Adventure ,Drama",18.0,4.0,2008.0
94,Battlestar Galactica,3,3,TV Series,8.1,1908,8.7,174516,44.0,"Action ,Adventure ,Drama",13.0,10.0,2006.0
94,Battlestar Galactica,4,16,TV Series,7.4,1510,8.7,174516,44.0,"Action ,Adventure ,Drama",20.0,2.0,2009.0
94,Battlestar Galactica,4,18,TV Series,7.8,1498,8.7,174516,44.0,"Action ,Adventure ,Drama",6.0,3.0,2009.0
94,Battlestar Galactica,4,17,TV Series,8.2,1726,8.7,174516,44.0,"Action ,Adventure ,Drama",27.0,2.0,2009.0
94,Battlestar Galactica,3,8,TV Series,7.3,1779,8.7,174516,44.0,"Action ,Adventure ,Drama",17.0,11.0,2006.0
94,Battlestar Galactica,3,9,TV Series,7.4,2282,8.7,174516,44.0,"Action ,Adventure ,Drama",1.0,12.0,2006.0
94,Battlestar Galactica,3,10,TV Series,7.5,1783,8.7,174516,44.0,"Action ,Adventure ,Drama",8.0,12.0,2006.0
94,Battlestar Galactica,3,7,TV Series,7.6,1757,8.7,174516,44.0,"Action ,Adventure ,Drama",10.0,11.0,2006.0
94,Battlestar Galactica,3,11,TV Series,8.1,1737,8.7,174516,44.0,"Action ,Adventure ,Drama",15.0,12.0,2006.0
94,Battlestar Galactica,3,12,TV Series,8.2,1747,8.7,174516,44.0,"Action ,Adventure ,Drama",21.0,1.0,2007.0
94,Battlestar Galactica,3,13,TV Series,7.7,1712,8.7,174516,44.0,"Action ,Adventure ,Drama",28.0,1.0,2007.0
94,Battlestar Galactica,3,14,TV Series,7.0,1805,8.7,174516,44.0,"Action ,Adventure ,Drama",11.0,2.0,2007.0
94,Battlestar Galactica,3,16,TV Series,7.5,1755,8.7,174516,44.0,"Action ,Adventure ,Drama",25.0,2.0,2007.0
94,Battlestar Galactica,2,5,TV Series,7.7,1882,8.7,174516,44.0,"Action ,Adventure ,Drama",12.0,8.0,2005.0
94,Battlestar Galactica,2,6,TV Series,8.0,1872,8.7,174516,44.0,"Action ,Adventure ,Drama",19.0,8.0,2005.0
94,Battlestar Galactica,2,7,TV Series,8.3,1931,8.7,174516,44.0,"Action ,Adventure ,Drama",26.0,8.0,2005.0
94,Battlestar Galactica,4,13,TV Series,9.0,1956,8.7,174516,44.0,"Action ,Adventure ,Drama",30.0,1.0,2009.0
94,Battlestar Galactica,4,19,TV Series,8.4,1876,8.7,174516,44.0,"Action ,Adventure ,Drama",13.0,3.0,2009.0
94,Battlestar Galactica,4,14,TV Series,9.1,2118,8.7,174516,44.0,"Action ,Adventure ,Drama",6.0,2.0,2009.0
94,Battlestar Galactica,4,15,TV Series,8.4,1655,8.7,174516,44.0,"Action ,Adventure ,Drama",13.0,2.0,2009.0
94,Battlestar Galactica,3,18,TV Series,7.6,1708,8.7,174516,44.0,"Action ,Adventure ,Drama",11.0,3.0,2007.0
94,Battlestar Galactica,3,19,TV Series,8.3,1843,8.7,174516,44.0,"Action ,Adventure ,Drama",18.0,3.0,2007.0
94,Battlestar Galactica,1,5,TV Series,8.2,2373,8.7,174516,44.0,"Action ,Adventure ,Drama",4.0,2.0,2005.0
94,Battlestar Galactica,2,3,TV Series,7.9,1895,8.7,174516,44.0,"Action ,Adventure ,Drama",29.0,7.0,2005.0
94,Battlestar Galactica,1,7,TV Series,7.7,2149,8.7,174516,44.0,"Action ,Adventure ,Drama",18.0,2.0,2005.0
94,Battlestar Galactica,1,6,TV Series,7.6,2179,8.7,174516,44.0,"Action ,Adventure ,Drama",11.0,2.0,2005.0
95,The Shield,1,5,TV Series,8.3,2516,8.7,87222,47.0,"Crime ,Drama ,Thriller",9.0,4.0,2002.0
95,The Shield,1,1,TV Series,8.5,3343,8.7,87222,47.0,"Crime ,Drama ,Thriller",12.0,3.0,2002.0
95,The Shield,1,11,TV Series,7.9,2282,8.7,87222,47.0,"Crime ,Drama ,Thriller",21.0,5.0,2002.0
95,The Shield,1,3,TV Series,7.6,2586,8.7,87222,47.0,"Crime ,Drama ,Thriller",26.0,3.0,2002.0
95,The Shield,1,6,TV Series,8.2,2414,8.7,87222,47.0,"Crime ,Drama ,Thriller",16.0,4.0,2002.0
95,The Shield,1,12,TV Series,8.1,2380,8.7,87222,47.0,"Crime ,Drama ,Thriller",28.0,5.0,2002.0
95,The Shield,3,1,TV Series,8.2,2174,8.7,87222,47.0,"Crime ,Drama ,Thriller",9.0,3.0,2004.0
95,The Shield,3,2,TV Series,7.8,2100,8.7,87222,47.0,"Crime ,Drama ,Thriller",16.0,3.0,2004.0
95,The Shield,3,3,TV Series,7.7,2133,8.7,87222,47.0,"Crime ,Drama ,Thriller",23.0,3.0,2004.0
95,The Shield,2,10,TV Series,8.0,2103,8.7,87222,47.0,"Crime ,Drama ,Thriller",11.0,3.0,2003.0
95,The Shield,4,13,TV Series,8.2,2136,8.7,87222,47.0,"Crime ,Drama ,Thriller",14.0,6.0,2005.0
95,The Shield,2,8,TV Series,8.3,2200,8.7,87222,47.0,"Crime ,Drama ,Thriller",25.0,2.0,2003.0
95,The Shield,2,7,TV Series,8.0,2156,8.7,87222,47.0,"Crime ,Drama ,Thriller",18.0,2.0,2003.0
95,The Shield,2,6,TV Series,8.1,2167,8.7,87222,47.0,"Crime ,Drama ,Thriller",11.0,2.0,2003.0
95,The Shield,2,5,TV Series,8.0,2198,8.7,87222,47.0,"Crime ,Drama ,Thriller",4.0,2.0,2003.0
95,The Shield,2,4,TV Series,8.0,2167,8.7,87222,47.0,"Crime ,Drama ,Thriller",29.0,1.0,2003.0
95,The Shield,2,3,TV Series,8.0,2256,8.7,87222,47.0,"Crime ,Drama ,Thriller",21.0,1.0,2003.0
95,The Shield,2,2,TV Series,8.7,2334,8.7,87222,47.0,"Crime ,Drama ,Thriller",14.0,1.0,2003.0
95,The Shield,1,2,TV Series,7.8,2673,8.7,87222,47.0,"Crime ,Drama ,Thriller",19.0,3.0,2002.0
95,The Shield,1,4,TV Series,7.7,2492,8.7,87222,47.0,"Crime ,Drama ,Thriller",2.0,4.0,2002.0
95,The Shield,1,13,TV Series,8.8,2487,8.7,87222,47.0,"Crime ,Drama ,Thriller",4.0,6.0,2002.0
95,The Shield,2,9,TV Series,7.4,2185,8.7,87222,47.0,"Crime ,Drama ,Thriller",4.0,3.0,2003.0
95,The Shield,4,3,TV Series,7.4,2063,8.7,87222,47.0,"Crime ,Drama ,Thriller",29.0,3.0,2005.0
95,The Shield,4,2,TV Series,7.4,2032,8.7,87222,47.0,"Crime ,Drama ,Thriller",22.0,3.0,2005.0
95,The Shield,5,7,TV Series,8.3,2119,8.7,87222,47.0,"Crime ,Drama ,Thriller",21.0,2.0,2006.0
95,The Shield,3,4,TV Series,8.3,2210,8.7,87222,47.0,"Crime ,Drama ,Thriller",30.0,3.0,2004.0
95,The Shield,4,6,TV Series,7.7,1999,8.7,87222,47.0,"Crime ,Drama ,Thriller",19.0,4.0,2005.0
95,The Shield,4,7,TV Series,7.8,2073,8.7,87222,47.0,"Crime ,Drama ,Thriller",26.0,4.0,2005.0
95,The Shield,4,8,TV Series,8.0,2021,8.7,87222,47.0,"Crime ,Drama ,Thriller",3.0,5.0,2005.0
95,The Shield,4,9,TV Series,7.9,2079,8.7,87222,47.0,"Crime ,Drama ,Thriller",17.0,5.0,2005.0
95,The Shield,4,10,TV Series,8.2,2115,8.7,87222,47.0,"Crime ,Drama ,Thriller",24.0,5.0,2005.0
95,The Shield,4,11,TV Series,7.7,2050,8.7,87222,47.0,"Crime ,Drama ,Thriller",31.0,5.0,2005.0
95,The Shield,4,12,TV Series,8.1,2076,8.7,87222,47.0,"Crime ,Drama ,Thriller",7.0,6.0,2005.0
95,The Shield,7,10,TV Series,8.5,2027,8.7,87222,47.0,"Crime ,Drama ,Thriller",4.0,11.0,2008.0
95,The Shield,5,1,TV Series,8.2,2172,8.7,87222,47.0,"Crime ,Drama ,Thriller",10.0,1.0,2006.0
95,The Shield,2,11,TV Series,8.0,2107,8.7,87222,47.0,"Crime ,Drama ,Thriller",18.0,3.0,2003.0
95,The Shield,2,12,TV Series,8.1,2162,8.7,87222,47.0,"Crime ,Drama ,Thriller",25.0,3.0,2003.0
95,The Shield,2,13,TV Series,8.7,2298,8.7,87222,47.0,"Crime ,Drama ,Thriller",1.0,4.0,2003.0
95,The Shield,3,9,TV Series,8.0,2087,8.7,87222,47.0,"Crime ,Drama ,Thriller",4.0,5.0,2004.0
95,The Shield,3,10,TV Series,8.3,2116,8.7,87222,47.0,"Crime ,Drama ,Thriller",11.0,5.0,2004.0
95,The Shield,3,11,TV Series,8.4,2101,8.7,87222,47.0,"Crime ,Drama ,Thriller",18.0,5.0,2004.0
95,The Shield,6,4,TV Series,8.0,1973,8.7,87222,47.0,"Crime ,Drama ,Thriller",24.0,4.0,2007.0
95,The Shield,3,5,TV Series,8.4,2177,8.7,87222,47.0,"Crime ,Drama ,Thriller",6.0,4.0,2004.0
95,The Shield,3,6,TV Series,7.8,2079,8.7,87222,47.0,"Crime ,Drama ,Thriller",13.0,4.0,2004.0
95,The Shield,3,7,TV Series,7.9,2090,8.7,87222,47.0,"Crime ,Drama ,Thriller",20.0,4.0,2004.0
95,The Shield,3,8,TV Series,7.9,2100,8.7,87222,47.0,"Crime ,Drama ,Thriller",27.0,4.0,2004.0
95,The Shield,3,13,TV Series,8.4,2048,8.7,87222,47.0,"Crime ,Drama ,Thriller",1.0,6.0,2004.0
95,The Shield,1,8,TV Series,8.0,2371,8.7,87222,47.0,"Crime ,Drama ,Thriller",30.0,4.0,2002.0
95,The Shield,1,9,TV Series,7.8,2310,8.7,87222,47.0,"Crime ,Drama ,Thriller",7.0,5.0,2002.0
95,The Shield,1,10,TV Series,8.6,2512,8.7,87222,47.0,"Crime ,Drama ,Thriller",14.0,5.0,2002.0
95,The Shield,2,1,TV Series,8.1,2369,8.7,87222,47.0,"Crime ,Drama ,Thriller",7.0,1.0,2003.0
95,The Shield,4,4,TV Series,7.6,2063,8.7,87222,47.0,"Crime ,Drama ,Thriller",5.0,4.0,2005.0
95,The Shield,3,12,TV Series,7.8,1994,8.7,87222,47.0,"Crime ,Drama ,Thriller",25.0,5.0,2004.0
95,The Shield,1,7,TV Series,7.9,2347,8.7,87222,47.0,"Crime ,Drama ,Thriller",23.0,4.0,2002.0
95,The Shield,7,12,TV Series,9.4,2635,8.7,87222,47.0,"Crime ,Drama ,Thriller",18.0,11.0,2008.0
95,The Shield,3,15,TV Series,9.0,2324,8.7,87222,47.0,"Crime ,Drama ,Thriller",15.0,6.0,2004.0
95,The Shield,3,14,TV Series,8.8,2214,8.7,87222,47.0,"Crime ,Drama ,Thriller",8.0,6.0,2004.0
95,The Shield,6,5,TV Series,8.0,2050,8.7,87222,47.0,"Crime ,Drama ,Thriller",1.0,5.0,2007.0
95,The Shield,6,3,TV Series,8.3,2093,8.7,87222,47.0,"Crime ,Drama ,Thriller",17.0,4.0,2007.0
95,The Shield,6,2,TV Series,8.5,2060,8.7,87222,47.0,"Crime ,Drama ,Thriller",10.0,4.0,2007.0
95,The Shield,6,1,TV Series,8.4,2146,8.7,87222,47.0,"Crime ,Drama ,Thriller",3.0,4.0,2007.0
95,The Shield,6,0,TV Series,7.8,1681,8.7,87222,47.0,"Crime ,Drama ,Thriller",15.0,2.0,2007.0
95,The Shield,5,8,TV Series,8.8,2380,8.7,87222,47.0,"Crime ,Drama ,Thriller",28.0,2.0,2006.0
95,The Shield,5,11,TV Series,9.3,2825,8.7,87222,47.0,"Crime ,Drama ,Thriller",21.0,3.0,2006.0
95,The Shield,5,10,TV Series,8.6,2275,8.7,87222,47.0,"Crime ,Drama ,Thriller",14.0,3.0,2006.0
95,The Shield,5,9,TV Series,8.1,2105,8.7,87222,47.0,"Crime ,Drama ,Thriller",7.0,3.0,2006.0
95,The Shield,7,11,TV Series,8.3,2010,8.7,87222,47.0,"Crime ,Drama ,Thriller",11.0,11.0,2008.0
95,The Shield,5,2,TV Series,8.0,2096,8.7,87222,47.0,"Crime ,Drama ,Thriller",17.0,1.0,2006.0
95,The Shield,5,3,TV Series,7.8,2070,8.7,87222,47.0,"Crime ,Drama ,Thriller",24.0,1.0,2006.0
95,The Shield,5,4,TV Series,8.1,2081,8.7,87222,47.0,"Crime ,Drama ,Thriller",31.0,1.0,2006.0
95,The Shield,7,2,TV Series,7.8,1945,8.7,87222,47.0,"Crime ,Drama ,Thriller",9.0,9.0,2008.0
95,The Shield,7,5,TV Series,7.9,1961,8.7,87222,47.0,"Crime ,Drama ,Thriller",30.0,9.0,2008.0
95,The Shield,7,4,TV Series,8.0,1949,8.7,87222,47.0,"Crime ,Drama ,Thriller",23.0,9.0,2008.0
95,The Shield,7,3,TV Series,7.9,1959,8.7,87222,47.0,"Crime ,Drama ,Thriller",16.0,9.0,2008.0
95,The Shield,7,9,TV Series,8.3,1990,8.7,87222,47.0,"Crime ,Drama ,Thriller",28.0,10.0,2008.0
95,The Shield,7,8,TV Series,9.0,2293,8.7,87222,47.0,"Crime ,Drama ,Thriller",21.0,10.0,2008.0
95,The Shield,7,7,TV Series,7.9,1994,8.7,87222,47.0,"Crime ,Drama ,Thriller",14.0,10.0,2008.0
95,The Shield,7,6,TV Series,8.7,2111,8.7,87222,47.0,"Crime ,Drama ,Thriller",7.0,10.0,2008.0
95,The Shield,7,13,TV Series,9.6,3843,8.7,87222,47.0,"Crime ,Drama ,Thriller",25.0,11.0,2008.0
95,The Shield,6,6,TV Series,8.7,2079,8.7,87222,47.0,"Crime ,Drama ,Thriller",8.0,5.0,2007.0
95,The Shield,6,7,TV Series,7.9,1884,8.7,87222,47.0,"Crime ,Drama ,Thriller",15.0,5.0,2007.0
95,The Shield,6,8,TV Series,7.7,2006,8.7,87222,47.0,"Crime ,Drama ,Thriller",22.0,5.0,2007.0
95,The Shield,4,5,TV Series,8.1,2066,8.7,87222,47.0,"Crime ,Drama ,Thriller",12.0,4.0,2005.0
95,The Shield,7,1,TV Series,8.5,2100,8.7,87222,47.0,"Crime ,Drama ,Thriller",2.0,9.0,2008.0
95,The Shield,5,6,TV Series,7.9,2104,8.7,87222,47.0,"Crime ,Drama ,Thriller",14.0,2.0,2006.0
95,The Shield,5,5,TV Series,8.7,2259,8.7,87222,47.0,"Crime ,Drama ,Thriller",7.0,2.0,2006.0
95,The Shield,4,1,TV Series,7.6,2090,8.7,87222,47.0,"Crime ,Drama ,Thriller",15.0,3.0,2005.0
95,The Shield,6,9,TV Series,8.0,1917,8.7,87222,47.0,"Crime ,Drama ,Thriller",29.0,5.0,2007.0
95,The Shield,6,10,TV Series,8.7,2057,8.7,87222,47.0,"Crime ,Drama ,Thriller",5.0,6.0,2007.0
96,Downton Abbey,6,7,TV Series,8.5,1449,8.7,222668,3110.0,"Drama ,Romance",14.0,2.0,2016.0
96,Downton Abbey,4,5,TV Series,8.1,1570,8.7,222668,3110.0,"Drama ,Romance",26.0,1.0,2014.0
96,Downton Abbey,4,6,TV Series,8.1,1564,8.7,222668,3110.0,"Drama ,Romance",2.0,2.0,2014.0
96,Downton Abbey,4,1,TV Series,8.1,1925,8.7,222668,3110.0,"Drama ,Romance",5.0,1.0,2014.0
96,Downton Abbey,3,9,TV Series,8.2,2430,8.7,222668,3110.0,"Drama ,Romance",17.0,2.0,2013.0
96,Downton Abbey,5,5,TV Series,8.0,1485,8.7,222668,3110.0,"Drama ,Romance",1.0,2.0,2015.0
96,Downton Abbey,5,6,TV Series,8.2,1500,8.7,222668,3110.0,"Drama ,Romance",8.0,2.0,2015.0
96,Downton Abbey,5,3,TV Series,8.0,1515,8.7,222668,3110.0,"Drama ,Romance",18.0,1.0,2015.0
96,Downton Abbey,5,4,TV Series,8.0,1510,8.7,222668,3110.0,"Drama ,Romance",25.0,1.0,2015.0
96,Downton Abbey,5,7,TV Series,8.3,1491,8.7,222668,3110.0,"Drama ,Romance",15.0,2.0,2015.0
96,Downton Abbey,5,8,TV Series,8.6,1570,8.7,222668,3110.0,"Drama ,Romance",22.0,2.0,2015.0
96,Downton Abbey,4,3,TV Series,8.0,1740,8.7,222668,3110.0,"Drama ,Romance",12.0,1.0,2014.0
96,Downton Abbey,4,2,TV Series,7.9,1670,8.7,222668,3110.0,"Drama ,Romance",5.0,1.0,2014.0
96,Downton Abbey,6,4,TV Series,8.4,1473,8.7,222668,3110.0,"Drama ,Romance",24.0,1.0,2016.0
96,Downton Abbey,6,3,TV Series,8.6,1540,8.7,222668,3110.0,"Drama ,Romance",17.0,1.0,2016.0
96,Downton Abbey,2,9,TV Series,9.0,2844,8.7,222668,3110.0,"Drama ,Romance",19.0,2.0,2012.0
96,Downton Abbey,3,1,TV Series,8.6,2363,8.7,222668,3110.0,"Drama ,Romance",6.0,1.0,2013.0
96,Downton Abbey,3,7,TV Series,8.1,1765,8.7,222668,3110.0,"Drama ,Romance",10.0,2.0,2013.0
96,Downton Abbey,3,6,TV Series,8.2,1777,8.7,222668,3110.0,"Drama ,Romance",3.0,2.0,2013.0
96,Downton Abbey,3,5,TV Series,9.0,2264,8.7,222668,3110.0,"Drama ,Romance",27.0,1.0,2013.0
96,Downton Abbey,6,9,TV Series,9.3,2464,8.7,222668,3110.0,"Drama ,Romance",6.0,3.0,2016.0
96,Downton Abbey,5,9,TV Series,9.0,2046,8.7,222668,3110.0,"Drama ,Romance",1.0,3.0,2015.0
96,Downton Abbey,6,1,TV Series,8.2,1658,8.7,222668,3110.0,"Drama ,Romance",3.0,1.0,2016.0
96,Downton Abbey,6,6,TV Series,8.2,1415,8.7,222668,3110.0,"Drama ,Romance",7.0,2.0,2016.0
96,Downton Abbey,6,5,TV Series,8.5,1475,8.7,222668,3110.0,"Drama ,Romance",31.0,1.0,2016.0
96,Downton Abbey,2,8,TV Series,8.7,2120,8.7,222668,3110.0,"Drama ,Romance",12.0,2.0,2012.0
96,Downton Abbey,3,8,TV Series,8.4,1852,8.7,222668,3110.0,"Drama ,Romance",10.0,2.0,2013.0
96,Downton Abbey,4,8,TV Series,8.3,1590,8.7,222668,3110.0,"Drama ,Romance",16.0,2.0,2014.0
96,Downton Abbey,4,7,TV Series,8.1,1550,8.7,222668,3110.0,"Drama ,Romance",9.0,2.0,2014.0
96,Downton Abbey,6,8,TV Series,9.0,1804,8.7,222668,3110.0,"Drama ,Romance",21.0,2.0,2016.0
96,Downton Abbey,3,3,TV Series,8.4,1862,8.7,222668,3110.0,"Drama ,Romance",13.0,1.0,2013.0
96,Downton Abbey,3,4,TV Series,8.0,1803,8.7,222668,3110.0,"Drama ,Romance",20.0,1.0,2013.0
96,Downton Abbey,4,4,TV Series,7.9,1625,8.7,222668,3110.0,"Drama ,Romance",19.0,1.0,2014.0
96,Downton Abbey,2,6,TV Series,8.0,1962,8.7,222668,3110.0,"Drama ,Romance",5.0,2.0,2012.0
96,Downton Abbey,1,4,TV Series,8.1,2332,8.7,222668,3110.0,"Drama ,Romance",16.0,1.0,2011.0
96,Downton Abbey,1,3,TV Series,8.4,2545,8.7,222668,3110.0,"Drama ,Romance",16.0,1.0,2011.0
96,Downton Abbey,1,2,TV Series,8.3,2614,8.7,222668,3110.0,"Drama ,Romance",9.0,1.0,2011.0
96,Downton Abbey,3,2,TV Series,8.1,1880,8.7,222668,3110.0,"Drama ,Romance",6.0,1.0,2013.0
96,Downton Abbey,2,1,TV Series,8.5,2322,8.7,222668,3110.0,"Drama ,Romance",8.0,1.0,2012.0
96,Downton Abbey,2,2,TV Series,8.1,2035,8.7,222668,3110.0,"Drama ,Romance",8.0,1.0,2012.0
96,Downton Abbey,2,7,TV Series,8.2,1964,8.7,222668,3110.0,"Drama ,Romance",12.0,2.0,2012.0
96,Downton Abbey,6,2,TV Series,8.0,1454,8.7,222668,3110.0,"Drama ,Romance",10.0,1.0,2016.0
96,Downton Abbey,2,5,TV Series,8.5,2016,8.7,222668,3110.0,"Drama ,Romance",29.0,1.0,2012.0
96,Downton Abbey,2,4,TV Series,8.3,1990,8.7,222668,3110.0,"Drama ,Romance",22.0,1.0,2012.0
96,Downton Abbey,2,3,TV Series,8.1,1977,8.7,222668,3110.0,"Drama ,Romance",15.0,1.0,2012.0
96,Downton Abbey,4,9,TV Series,8.4,1889,8.7,222668,3110.0,"Drama ,Romance",23.0,2.0,2014.0
96,Downton Abbey,5,1,TV Series,8.2,1723,8.7,222668,3110.0,"Drama ,Romance",4.0,1.0,2015.0
96,Downton Abbey,5,2,TV Series,7.9,1556,8.7,222668,3110.0,"Drama ,Romance",11.0,1.0,2015.0
96,Downton Abbey,1,5,TV Series,8.4,2270,8.7,222668,3110.0,"Drama ,Romance",23.0,1.0,2011.0
96,Downton Abbey,1,6,TV Series,8.5,2269,8.7,222668,3110.0,"Drama ,Romance",23.0,1.0,2011.0
96,Downton Abbey,1,7,TV Series,8.8,2378,8.7,222668,3110.0,"Drama ,Romance",30.0,1.0,2011.0
96,Downton Abbey,1,1,TV Series,8.3,3283,8.7,222668,3110.0,"Drama ,Romance",9.0,1.0,2011.0
97,The Simpsons,3,19,TV Series,7.7,3241,8.7,432638,22.0,"Animation ,Comedy",12.0,3.0,1992.0
97,The Simpsons,3,20,TV Series,8.0,3534,8.7,432638,22.0,"Animation ,Comedy",26.0,3.0,1992.0
97,The Simpsons,3,21,TV Series,8.3,3525,8.7,432638,22.0,"Animation ,Comedy",9.0,4.0,1992.0
97,The Simpsons,3,22,TV Series,7.6,3306,8.7,432638,22.0,"Animation ,Comedy",23.0,4.0,1992.0
97,The Simpsons,3,23,TV Series,7.7,3282,8.7,432638,22.0,"Animation ,Comedy",7.0,5.0,1992.0
97,The Simpsons,3,8,TV Series,7.9,3549,8.7,432638,22.0,"Animation ,Comedy",7.0,11.0,1991.0
97,The Simpsons,3,9,TV Series,7.9,3517,8.7,432638,22.0,"Animation ,Comedy",14.0,11.0,1991.0
97,The Simpsons,3,10,TV Series,8.8,4577,8.7,432638,22.0,"Animation ,Comedy",21.0,11.0,1991.0
97,The Simpsons,3,11,TV Series,8.2,3632,8.7,432638,22.0,"Animation ,Comedy",5.0,12.0,1991.0
97,The Simpsons,3,12,TV Series,8.3,3525,8.7,432638,22.0,"Animation ,Comedy",26.0,12.0,1991.0
97,The Simpsons,2,19,TV Series,8.6,4908,8.7,432638,22.0,"Animation ,Comedy",25.0,4.0,1991.0
97,The Simpsons,2,4,TV Series,8.0,4302,8.7,432638,22.0,"Animation ,Comedy",1.0,11.0,1990.0
97,The Simpsons,2,5,TV Series,7.3,4097,8.7,432638,22.0,"Animation ,Comedy",8.0,11.0,1990.0
97,The Simpsons,2,6,TV Series,7.9,4051,8.7,432638,22.0,"Animation ,Comedy",15.0,11.0,1990.0
97,The Simpsons,2,7,TV Series,7.7,3969,8.7,432638,22.0,"Animation ,Comedy",22.0,11.0,1990.0
97,The Simpsons,1,3,TV Series,7.3,5242,8.7,432638,22.0,"Animation ,Comedy",21.0,1.0,1990.0
97,The Simpsons,4,11,TV Series,8.6,4180,8.7,432638,22.0,"Animation ,Comedy",17.0,12.0,1992.0
97,The Simpsons,4,12,TV Series,9.1,5702,8.7,432638,22.0,"Animation ,Comedy",14.0,1.0,1993.0
97,The Simpsons,4,13,TV Series,8.0,3282,8.7,432638,22.0,"Animation ,Comedy",21.0,1.0,1993.0
97,The Simpsons,4,14,TV Series,8.1,3336,8.7,432638,22.0,"Animation ,Comedy",4.0,2.0,1993.0
97,The Simpsons,4,15,TV Series,8.4,3629,8.7,432638,22.0,"Animation ,Comedy",11.0,2.0,1993.0
97,The Simpsons,4,16,TV Series,8.3,3405,8.7,432638,22.0,"Animation ,Comedy",18.0,2.0,1993.0
97,The Simpsons,4,17,TV Series,9.0,5181,8.7,432638,22.0,"Animation ,Comedy",11.0,3.0,1993.0
97,The Simpsons,4,18,TV Series,7.0,3026,8.7,432638,22.0,"Animation ,Comedy",1.0,4.0,1993.0
97,The Simpsons,4,19,TV Series,8.1,3164,8.7,432638,22.0,"Animation ,Comedy",15.0,4.0,1993.0
97,The Simpsons,4,20,TV Series,8.1,3366,8.7,432638,22.0,"Animation ,Comedy",29.0,4.0,1993.0
97,The Simpsons,4,21,TV Series,7.7,3078,8.7,432638,22.0,"Animation ,Comedy",6.0,5.0,1993.0
97,The Simpsons,4,22,TV Series,8.1,3415,8.7,432638,22.0,"Animation ,Comedy",13.0,5.0,1993.0
97,The Simpsons,5,1,TV Series,8.5,4050,8.7,432638,22.0,"Animation ,Comedy",30.0,9.0,1993.0
97,The Simpsons,5,2,TV Series,9.2,5685,8.7,432638,22.0,"Animation ,Comedy",7.0,10.0,1993.0
97,The Simpsons,5,3,TV Series,8.6,4030,8.7,432638,22.0,"Animation ,Comedy",14.0,10.0,1993.0
97,The Simpsons,1,1,TV Series,8.1,8681,8.7,432638,22.0,"Animation ,Comedy",17.0,12.0,1989.0
97,The Simpsons,5,5,TV Series,8.8,4226,8.7,432638,22.0,"Animation ,Comedy",28.0,10.0,1993.0
97,The Simpsons,5,6,TV Series,8.0,3263,8.7,432638,22.0,"Animation ,Comedy",4.0,11.0,1993.0
97,The Simpsons,5,7,TV Series,7.6,3043,8.7,432638,22.0,"Animation ,Comedy",11.0,11.0,1993.0
97,The Simpsons,5,8,TV Series,8.6,3961,8.7,432638,22.0,"Animation ,Comedy",18.0,11.0,1993.0
97,The Simpsons,5,9,TV Series,8.5,3639,8.7,432638,22.0,"Animation ,Comedy",9.0,12.0,1993.0
97,The Simpsons,5,10,TV Series,8.6,3670,8.7,432638,22.0,"Animation ,Comedy",16.0,12.0,1993.0
97,The Simpsons,5,11,TV Series,8.2,3331,8.7,432638,22.0,"Animation ,Comedy",6.0,1.0,1994.0
97,The Simpsons,5,12,TV Series,8.1,3200,8.7,432638,22.0,"Animation ,Comedy",3.0,2.0,1994.0
97,The Simpsons,5,13,TV Series,8.2,3268,8.7,432638,22.0,"Animation ,Comedy",10.0,2.0,1994.0
97,The Simpsons,5,14,TV Series,8.1,3578,8.7,432638,22.0,"Animation ,Comedy",17.0,2.0,1994.0
97,The Simpsons,5,15,TV Series,8.8,4328,8.7,432638,22.0,"Animation ,Comedy",24.0,2.0,1994.0
97,The Simpsons,5,16,TV Series,8.5,3673,8.7,432638,22.0,"Animation ,Comedy",17.0,3.0,1994.0
97,The Simpsons,5,17,TV Series,7.8,3099,8.7,432638,22.0,"Animation ,Comedy",31.0,3.0,1994.0
97,The Simpsons,5,18,TV Series,8.3,3488,8.7,432638,22.0,"Animation ,Comedy",14.0,4.0,1994.0
97,The Simpsons,5,19,TV Series,8.3,3562,8.7,432638,22.0,"Animation ,Comedy",28.0,4.0,1994.0
97,The Simpsons,5,20,TV Series,8.3,3117,8.7,432638,22.0,"Animation ,Comedy",5.0,5.0,1994.0
97,The Simpsons,5,21,TV Series,7.5,2810,8.7,432638,22.0,"Animation ,Comedy",12.0,5.0,1994.0
97,The Simpsons,5,22,TV Series,8.0,2974,8.7,432638,22.0,"Animation ,Comedy",19.0,5.0,1994.0
97,The Simpsons,6,1,TV Series,8.7,3846,8.7,432638,22.0,"Animation ,Comedy",4.0,9.0,1994.0
97,The Simpsons,6,2,TV Series,8.1,3238,8.7,432638,22.0,"Animation ,Comedy",11.0,9.0,1994.0
97,The Simpsons,6,3,TV Series,5.8,2845,8.7,432638,22.0,"Animation ,Comedy",25.0,9.0,1994.0
97,The Simpsons,6,4,TV Series,8.6,3634,8.7,432638,22.0,"Animation ,Comedy",2.0,10.0,1994.0
97,The Simpsons,6,5,TV Series,8.2,3190,8.7,432638,22.0,"Animation ,Comedy",9.0,10.0,1994.0
97,The Simpsons,6,6,TV Series,9.2,5154,8.7,432638,22.0,"Animation ,Comedy",30.0,10.0,1994.0
97,The Simpsons,6,7,TV Series,8.1,3190,8.7,432638,22.0,"Animation ,Comedy",6.0,11.0,1994.0
97,The Simpsons,6,8,TV Series,8.6,3490,8.7,432638,22.0,"Animation ,Comedy",13.0,11.0,1994.0
97,The Simpsons,6,9,TV Series,9.0,4670,8.7,432638,22.0,"Animation ,Comedy",27.0,11.0,1994.0
97,The Simpsons,6,10,TV Series,8.0,2963,8.7,432638,22.0,"Animation ,Comedy",4.0,12.0,1994.0
97,The Simpsons,6,11,TV Series,7.7,3035,8.7,432638,22.0,"Animation ,Comedy",18.0,12.0,1994.0
97,The Simpsons,6,12,TV Series,9.0,4405,8.7,432638,22.0,"Animation ,Comedy",8.0,1.0,1995.0
97,The Simpsons,6,13,TV Series,8.9,3909,8.7,432638,22.0,"Animation ,Comedy",22.0,1.0,1995.0
97,The Simpsons,6,14,TV Series,8.7,3473,8.7,432638,22.0,"Animation ,Comedy",5.0,2.0,1995.0
97,The Simpsons,6,15,TV Series,8.6,3505,8.7,432638,22.0,"Animation ,Comedy",12.0,2.0,1995.0
97,The Simpsons,6,16,TV Series,8.5,3667,8.7,432638,22.0,"Animation ,Comedy",19.0,2.0,1995.0
97,The Simpsons,6,17,TV Series,7.8,2837,8.7,432638,22.0,"Animation ,Comedy",26.0,2.0,1995.0
97,The Simpsons,6,18,TV Series,8.5,3457,8.7,432638,22.0,"Animation ,Comedy",5.0,3.0,1995.0
97,The Simpsons,6,19,TV Series,8.3,3313,8.7,432638,22.0,"Animation ,Comedy",19.0,3.0,1995.0
97,The Simpsons,6,20,TV Series,8.1,2963,8.7,432638,22.0,"Animation ,Comedy",9.0,4.0,1995.0
97,The Simpsons,6,21,TV Series,8.0,2903,8.7,432638,22.0,"Animation ,Comedy",16.0,4.0,1995.0
97,The Simpsons,6,22,TV Series,8.1,3307,8.7,432638,22.0,"Animation ,Comedy",30.0,4.0,1995.0
97,The Simpsons,6,23,TV Series,8.2,2954,8.7,432638,22.0,"Animation ,Comedy",7.0,5.0,1995.0
97,The Simpsons,6,24,TV Series,8.7,3631,8.7,432638,22.0,"Animation ,Comedy",14.0,5.0,1995.0
97,The Simpsons,6,25,TV Series,9.2,4673,8.7,432638,22.0,"Animation ,Comedy",21.0,5.0,1995.0
97,The Simpsons,7,1,TV Series,9.0,4243,8.7,432638,22.0,"Animation ,Comedy",17.0,9.0,1995.0
97,The Simpsons,7,2,TV Series,8.3,3198,8.7,432638,22.0,"Animation ,Comedy",24.0,9.0,1995.0
97,The Simpsons,7,3,TV Series,8.4,3127,8.7,432638,22.0,"Animation ,Comedy",1.0,10.0,1995.0
97,The Simpsons,7,4,TV Series,8.8,4165,8.7,432638,22.0,"Animation ,Comedy",8.0,10.0,1995.0
97,The Simpsons,7,5,TV Series,8.5,3807,8.7,432638,22.0,"Animation ,Comedy",15.0,10.0,1995.0
97,The Simpsons,7,6,TV Series,8.6,3708,8.7,432638,22.0,"Animation ,Comedy",29.0,10.0,1995.0
97,The Simpsons,7,7,TV Series,9.0,4621,8.7,432638,22.0,"Animation ,Comedy",5.0,11.0,1995.0
97,The Simpsons,7,8,TV Series,8.7,3472,8.7,432638,22.0,"Animation ,Comedy",19.0,11.0,1995.0
97,The Simpsons,7,9,TV Series,8.0,2867,8.7,432638,22.0,"Animation ,Comedy",26.0,11.0,1995.0
97,The Simpsons,7,10,TV Series,7.4,2788,8.7,432638,22.0,"Animation ,Comedy",3.0,12.0,1995.0
97,The Simpsons,7,11,TV Series,8.5,3716,8.7,432638,22.0,"Animation ,Comedy",17.0,12.0,1995.0
97,The Simpsons,7,12,TV Series,8.3,2933,8.7,432638,22.0,"Animation ,Comedy",7.0,1.0,1996.0
97,The Simpsons,7,13,TV Series,8.5,3700,8.7,432638,22.0,"Animation ,Comedy",14.0,1.0,1996.0
97,The Simpsons,7,14,TV Series,7.7,2684,8.7,432638,22.0,"Animation ,Comedy",4.0,2.0,1996.0
97,The Simpsons,7,15,TV Series,7.6,2638,8.7,432638,22.0,"Animation ,Comedy",11.0,2.0,1996.0
97,The Simpsons,7,16,TV Series,8.1,2891,8.7,432638,22.0,"Animation ,Comedy",18.0,2.0,1996.0
97,The Simpsons,7,17,TV Series,8.8,4063,8.7,432638,22.0,"Animation ,Comedy",25.0,2.0,1996.0
97,The Simpsons,7,18,TV Series,8.0,2826,8.7,432638,22.0,"Animation ,Comedy",17.0,3.0,1996.0
97,The Simpsons,7,19,TV Series,8.2,3293,8.7,432638,22.0,"Animation ,Comedy",24.0,3.0,1996.0
97,The Simpsons,7,20,TV Series,8.6,3616,8.7,432638,22.0,"Animation ,Comedy",31.0,3.0,1996.0
97,The Simpsons,7,21,TV Series,8.9,4077,8.7,432638,22.0,"Animation ,Comedy",14.0,4.0,1996.0
97,The Simpsons,7,22,TV Series,8.5,3063,8.7,432638,22.0,"Animation ,Comedy",28.0,4.0,1996.0
97,The Simpsons,7,23,TV Series,8.1,2745,8.7,432638,22.0,"Animation ,Comedy",5.0,5.0,1996.0
97,The Simpsons,7,24,TV Series,7.9,2867,8.7,432638,22.0,"Animation ,Comedy",19.0,5.0,1996.0
97,The Simpsons,7,25,TV Series,8.5,3113,8.7,432638,22.0,"Animation ,Comedy",19.0,5.0,1996.0
97,The Simpsons,8,1,TV Series,8.5,3453,8.7,432638,22.0,"Animation ,Comedy",27.0,10.0,1996.0
97,The Simpsons,8,2,TV Series,9.2,6323,8.7,432638,22.0,"Animation ,Comedy",3.0,11.0,1996.0
97,The Simpsons,8,3,TV Series,8.1,2955,8.7,432638,22.0,"Animation ,Comedy",10.0,11.0,1996.0
97,The Simpsons,8,4,TV Series,7.6,2864,8.7,432638,22.0,"Animation ,Comedy",17.0,11.0,1996.0
97,The Simpsons,8,5,TV Series,8.3,3058,8.7,432638,22.0,"Animation ,Comedy",24.0,11.0,1996.0
97,The Simpsons,8,6,TV Series,8.1,2857,8.7,432638,22.0,"Animation ,Comedy",1.0,12.0,1996.0
97,The Simpsons,8,7,TV Series,7.8,2768,8.7,432638,22.0,"Animation ,Comedy",15.0,12.0,1996.0
97,The Simpsons,8,8,TV Series,8.7,3832,8.7,432638,22.0,"Animation ,Comedy",29.0,12.0,1996.0
97,The Simpsons,8,9,TV Series,8.6,3823,8.7,432638,22.0,"Animation ,Comedy",5.0,1.0,1997.0
97,The Simpsons,8,10,TV Series,9.1,4691,8.7,432638,22.0,"Animation ,Comedy",12.0,1.0,1997.0
97,The Simpsons,8,11,TV Series,7.7,2700,8.7,432638,22.0,"Animation ,Comedy",19.0,1.0,1997.0
97,The Simpsons,8,12,TV Series,8.5,3488,8.7,432638,22.0,"Animation ,Comedy",2.0,2.0,1997.0
97,The Simpsons,8,13,TV Series,7.6,2999,8.7,432638,22.0,"Animation ,Comedy",7.0,2.0,1997.0
97,The Simpsons,8,14,TV Series,7.9,2944,8.7,432638,22.0,"Animation ,Comedy",7.0,2.0,1997.0
97,The Simpsons,8,15,TV Series,8.8,4323,8.7,432638,22.0,"Animation ,Comedy",16.0,2.0,1997.0
97,The Simpsons,8,16,TV Series,8.2,2982,8.7,432638,22.0,"Animation ,Comedy",23.0,2.0,1997.0
97,The Simpsons,8,17,TV Series,7.8,3084,8.7,432638,22.0,"Animation ,Comedy",2.0,3.0,1997.0
97,The Simpsons,8,18,TV Series,8.8,3590,8.7,432638,22.0,"Animation ,Comedy",16.0,3.0,1997.0
97,The Simpsons,8,19,TV Series,8.2,3113,8.7,432638,22.0,"Animation ,Comedy",6.0,4.0,1997.0
97,The Simpsons,8,20,TV Series,7.6,2528,8.7,432638,22.0,"Animation ,Comedy",13.0,4.0,1997.0
97,The Simpsons,8,21,TV Series,7.8,2672,8.7,432638,22.0,"Animation ,Comedy",20.0,4.0,1997.0
97,The Simpsons,8,22,TV Series,8.1,2773,8.7,432638,22.0,"Animation ,Comedy",27.0,4.0,1997.0
97,The Simpsons,8,23,TV Series,9.3,6747,8.7,432638,22.0,"Animation ,Comedy",4.0,5.0,1997.0
97,The Simpsons,8,24,TV Series,7.1,2666,8.7,432638,22.0,"Animation ,Comedy",11.0,5.0,1997.0
97,The Simpsons,8,25,TV Series,7.8,2634,8.7,432638,22.0,"Animation ,Comedy",18.0,5.0,1997.0
97,The Simpsons,9,1,TV Series,9.0,5003,8.7,432638,22.0,"Animation ,Comedy",21.0,9.0,1997.0
97,The Simpsons,9,2,TV Series,6.9,3565,8.7,432638,22.0,"Animation ,Comedy",28.0,9.0,1997.0
97,The Simpsons,9,3,TV Series,8.1,2633,8.7,432638,22.0,"Animation ,Comedy",19.0,10.0,1997.0
97,The Simpsons,9,4,TV Series,8.2,2895,8.7,432638,22.0,"Animation ,Comedy",26.0,10.0,1997.0
97,The Simpsons,9,5,TV Series,8.2,2886,8.7,432638,22.0,"Animation ,Comedy",2.0,11.0,1997.0
97,The Simpsons,9,6,TV Series,7.7,2447,8.7,432638,22.0,"Animation ,Comedy",9.0,11.0,1997.0
97,The Simpsons,9,7,TV Series,7.6,2376,8.7,432638,22.0,"Animation ,Comedy",16.0,11.0,1997.0
97,The Simpsons,9,8,TV Series,8.1,2624,8.7,432638,22.0,"Animation ,Comedy",23.0,11.0,1997.0
97,The Simpsons,9,9,TV Series,7.6,2378,8.7,432638,22.0,"Animation ,Comedy",7.0,12.0,1997.0
97,The Simpsons,9,10,TV Series,7.6,2634,8.7,432638,22.0,"Animation ,Comedy",21.0,12.0,1997.0
97,The Simpsons,9,11,TV Series,5.0,2729,8.7,432638,22.0,"Animation ,Comedy",4.0,1.0,1998.0
97,The Simpsons,9,12,TV Series,7.6,2452,8.7,432638,22.0,"Animation ,Comedy",11.0,1.0,1998.0
97,The Simpsons,9,13,TV Series,8.3,2756,8.7,432638,22.0,"Animation ,Comedy",8.0,2.0,1998.0
97,The Simpsons,9,14,TV Series,8.2,2692,8.7,432638,22.0,"Animation ,Comedy",15.0,2.0,1998.0
97,The Simpsons,9,15,TV Series,7.4,2299,8.7,432638,22.0,"Animation ,Comedy",22.0,2.0,1998.0
97,The Simpsons,9,16,TV Series,7.6,2337,8.7,432638,22.0,"Animation ,Comedy",1.0,3.0,1998.0
97,The Simpsons,9,17,TV Series,8.0,2607,8.7,432638,22.0,"Animation ,Comedy",8.0,3.0,1998.0
97,The Simpsons,9,18,TV Series,7.8,2422,8.7,432638,22.0,"Animation ,Comedy",22.0,3.0,1998.0
97,The Simpsons,9,19,TV Series,8.1,2934,8.7,432638,22.0,"Animation ,Comedy",29.0,3.0,1998.0
97,The Simpsons,9,20,TV Series,7.8,2743,8.7,432638,22.0,"Animation ,Comedy",5.0,4.0,1998.0
97,The Simpsons,9,21,TV Series,7.8,2366,8.7,432638,22.0,"Animation ,Comedy",19.0,4.0,1998.0
97,The Simpsons,9,22,TV Series,8.4,3170,8.7,432638,22.0,"Animation ,Comedy",26.0,4.0,1998.0
97,The Simpsons,9,23,TV Series,8.2,2833,8.7,432638,22.0,"Animation ,Comedy",3.0,5.0,1998.0
97,The Simpsons,9,24,TV Series,7.7,2291,8.7,432638,22.0,"Animation ,Comedy",10.0,5.0,1998.0
97,The Simpsons,9,25,TV Series,8.0,2464,8.7,432638,22.0,"Animation ,Comedy",17.0,5.0,1998.0
97,The Simpsons,10,1,TV Series,7.6,2461,8.7,432638,22.0,"Animation ,Comedy",23.0,8.0,1998.0
97,The Simpsons,10,2,TV Series,8.1,2904,8.7,432638,22.0,"Animation ,Comedy",20.0,9.0,1998.0
97,The Simpsons,10,3,TV Series,7.5,2361,8.7,432638,22.0,"Animation ,Comedy",27.0,9.0,1998.0
97,The Simpsons,10,4,TV Series,8.0,2795,8.7,432638,22.0,"Animation ,Comedy",25.0,10.0,1998.0
97,The Simpsons,10,5,TV Series,7.2,2335,8.7,432638,22.0,"Animation ,Comedy",8.0,11.0,1998.0
97,The Simpsons,10,6,TV Series,7.5,2306,8.7,432638,22.0,"Animation ,Comedy",15.0,11.0,1998.0
97,The Simpsons,10,7,TV Series,8.1,2436,8.7,432638,22.0,"Animation ,Comedy",22.0,11.0,1998.0
97,The Simpsons,10,8,TV Series,7.2,2247,8.7,432638,22.0,"Animation ,Comedy",6.0,12.0,1998.0
97,The Simpsons,10,9,TV Series,8.1,2842,8.7,432638,22.0,"Animation ,Comedy",20.0,12.0,1998.0
97,The Simpsons,10,10,TV Series,7.8,2411,8.7,432638,22.0,"Animation ,Comedy",10.0,1.0,1999.0
97,The Simpsons,10,11,TV Series,7.7,2285,8.7,432638,22.0,"Animation ,Comedy",17.0,1.0,1999.0
97,The Simpsons,10,12,TV Series,7.0,2355,8.7,432638,22.0,"Animation ,Comedy",31.0,1.0,1999.0
97,The Simpsons,10,13,TV Series,7.7,2330,8.7,432638,22.0,"Animation ,Comedy",7.0,2.0,1999.0
97,The Simpsons,10,14,TV Series,7.3,2131,8.7,432638,22.0,"Animation ,Comedy",14.0,2.0,1999.0
97,The Simpsons,10,15,TV Series,7.3,2137,8.7,432638,22.0,"Animation ,Comedy",21.0,2.0,1999.0
97,The Simpsons,10,16,TV Series,7.5,2119,8.7,432638,22.0,"Animation ,Comedy",28.0,2.0,1999.0
97,The Simpsons,10,17,TV Series,7.7,2247,8.7,432638,22.0,"Animation ,Comedy",28.0,3.0,1999.0
97,The Simpsons,10,18,TV Series,7.3,2186,8.7,432638,22.0,"Animation ,Comedy",4.0,4.0,1999.0
97,The Simpsons,10,19,TV Series,7.6,2271,8.7,432638,22.0,"Animation ,Comedy",11.0,4.0,1999.0
97,The Simpsons,10,20,TV Series,7.3,2014,8.7,432638,22.0,"Animation ,Comedy",25.0,4.0,1999.0
97,The Simpsons,10,21,TV Series,7.1,2047,8.7,432638,22.0,"Animation ,Comedy",2.0,5.0,1999.0
97,The Simpsons,10,22,TV Series,7.3,2062,8.7,432638,22.0,"Animation ,Comedy",9.0,5.0,1999.0
97,The Simpsons,10,23,TV Series,8.0,2481,8.7,432638,22.0,"Animation ,Comedy",16.0,5.0,1999.0
97,The Simpsons,11,1,TV Series,7.3,2301,8.7,432638,22.0,"Animation ,Comedy",26.0,9.0,1999.0
97,The Simpsons,11,2,TV Series,7.5,2066,8.7,432638,22.0,"Animation ,Comedy",3.0,10.0,1999.0
97,The Simpsons,11,3,TV Series,7.5,2096,8.7,432638,22.0,"Animation ,Comedy",24.0,10.0,1999.0
97,The Simpsons,11,4,TV Series,7.8,2470,8.7,432638,22.0,"Animation ,Comedy",31.0,10.0,1999.0
97,The Simpsons,11,5,TV Series,7.8,2269,8.7,432638,22.0,"Animation ,Comedy",7.0,11.0,1999.0
97,The Simpsons,11,6,TV Series,7.3,1930,8.7,432638,22.0,"Animation ,Comedy",14.0,11.0,1999.0
97,The Simpsons,11,7,TV Series,7.0,1970,8.7,432638,22.0,"Animation ,Comedy",21.0,11.0,1999.0
97,The Simpsons,11,8,TV Series,7.1,1996,8.7,432638,22.0,"Animation ,Comedy",28.0,11.0,1999.0
97,The Simpsons,11,9,TV Series,7.3,2117,8.7,432638,22.0,"Animation ,Comedy",19.0,12.0,1999.0
97,The Simpsons,11,10,TV Series,7.3,1915,8.7,432638,22.0,"Animation ,Comedy",9.0,1.0,2000.0
97,The Simpsons,11,11,TV Series,6.8,1937,8.7,432638,22.0,"Animation ,Comedy",16.0,1.0,2000.0
97,The Simpsons,11,12,TV Series,7.3,1940,8.7,432638,22.0,"Animation ,Comedy",23.0,1.0,2000.0
97,The Simpsons,11,13,TV Series,6.5,2142,8.7,432638,22.0,"Animation ,Comedy",6.0,2.0,2000.0
97,The Simpsons,11,14,TV Series,7.6,2665,8.7,432638,22.0,"Animation ,Comedy",13.0,2.0,2000.0
97,The Simpsons,11,15,TV Series,7.3,2013,8.7,432638,22.0,"Animation ,Comedy",20.0,2.0,2000.0
97,The Simpsons,11,16,TV Series,7.3,1910,8.7,432638,22.0,"Animation ,Comedy",27.0,2.0,2000.0
97,The Simpsons,11,17,TV Series,7.2,2122,8.7,432638,22.0,"Animation ,Comedy",19.0,3.0,2000.0
97,The Simpsons,11,18,TV Series,7.4,1897,8.7,432638,22.0,"Animation ,Comedy",9.0,4.0,2000.0
97,The Simpsons,11,19,TV Series,6.6,2079,8.7,432638,22.0,"Animation ,Comedy",30.0,4.0,2000.0
97,The Simpsons,11,20,TV Series,7.1,1889,8.7,432638,22.0,"Animation ,Comedy",7.0,5.0,2000.0
97,The Simpsons,11,21,TV Series,7.1,1941,8.7,432638,22.0,"Animation ,Comedy",14.0,5.0,2000.0
97,The Simpsons,11,22,TV Series,7.9,2406,8.7,432638,22.0,"Animation ,Comedy",21.0,5.0,2000.0
97,The Simpsons,12,1,TV Series,7.6,2323,8.7,432638,22.0,"Animation ,Comedy",1.0,11.0,2000.0
97,The Simpsons,12,2,TV Series,7.4,2088,8.7,432638,22.0,"Animation ,Comedy",5.0,11.0,2000.0
97,The Simpsons,12,3,TV Series,6.9,1930,8.7,432638,22.0,"Animation ,Comedy",12.0,11.0,2000.0
97,The Simpsons,12,4,TV Series,7.1,1941,8.7,432638,22.0,"Animation ,Comedy",19.0,11.0,2000.0
97,The Simpsons,12,5,TV Series,7.0,2010,8.7,432638,22.0,"Animation ,Comedy",26.0,11.0,2000.0
97,The Simpsons,12,6,TV Series,7.7,2104,8.7,432638,22.0,"Animation ,Comedy",3.0,12.0,2000.0
97,The Simpsons,12,7,TV Series,7.2,1917,8.7,432638,22.0,"Animation ,Comedy",10.0,12.0,2000.0
97,The Simpsons,12,8,TV Series,7.9,2656,8.7,432638,22.0,"Animation ,Comedy",17.0,12.0,2000.0
97,The Simpsons,12,9,TV Series,8.1,2363,8.7,432638,22.0,"Animation ,Comedy",7.0,1.0,2001.0
97,The Simpsons,12,10,TV Series,7.1,2237,8.7,432638,22.0,"Animation ,Comedy",14.0,1.0,2001.0
97,The Simpsons,12,11,TV Series,7.4,1971,8.7,432638,22.0,"Animation ,Comedy",4.0,2.0,2001.0
97,The Simpsons,12,12,TV Series,6.8,1932,8.7,432638,22.0,"Animation ,Comedy",11.0,2.0,2001.0
97,The Simpsons,12,13,TV Series,7.1,1789,8.7,432638,22.0,"Animation ,Comedy",18.0,2.0,2001.0
97,The Simpsons,12,14,TV Series,7.2,2096,8.7,432638,22.0,"Animation ,Comedy",25.0,2.0,2001.0
97,The Simpsons,12,15,TV Series,7.5,1928,8.7,432638,22.0,"Animation ,Comedy",4.0,3.0,2001.0
97,The Simpsons,12,16,TV Series,6.7,1867,8.7,432638,22.0,"Animation ,Comedy",11.0,3.0,2001.0
97,The Simpsons,12,17,TV Series,6.8,1908,8.7,432638,22.0,"Animation ,Comedy",1.0,4.0,2001.0
97,The Simpsons,12,18,TV Series,8.6,2879,8.7,432638,22.0,"Animation ,Comedy",29.0,4.0,2001.0
97,The Simpsons,12,19,TV Series,7.2,2160,8.7,432638,22.0,"Animation ,Comedy",6.0,5.0,2001.0
97,The Simpsons,12,20,TV Series,7.2,1746,8.7,432638,22.0,"Animation ,Comedy",13.0,5.0,2001.0
97,The Simpsons,12,21,TV Series,6.9,1811,8.7,432638,22.0,"Animation ,Comedy",20.0,5.0,2001.0
97,The Simpsons,13,1,TV Series,7.6,2270,8.7,432638,22.0,"Animation ,Comedy",6.0,11.0,2001.0
97,The Simpsons,13,2,TV Series,7.1,1818,8.7,432638,22.0,"Animation ,Comedy",11.0,11.0,2001.0
97,The Simpsons,13,3,TV Series,7.1,1797,8.7,432638,22.0,"Animation ,Comedy",18.0,11.0,2001.0
97,The Simpsons,13,4,TV Series,7.0,1743,8.7,432638,22.0,"Animation ,Comedy",2.0,12.0,2001.0
97,The Simpsons,13,5,TV Series,7.6,2235,8.7,432638,22.0,"Animation ,Comedy",9.0,12.0,2001.0
97,The Simpsons,13,6,TV Series,7.1,1879,8.7,432638,22.0,"Animation ,Comedy",16.0,12.0,2001.0
97,The Simpsons,13,7,TV Series,6.8,1725,8.7,432638,22.0,"Animation ,Comedy",6.0,1.0,2002.0
97,The Simpsons,13,8,TV Series,6.9,1715,8.7,432638,22.0,"Animation ,Comedy",20.0,1.0,2002.0
97,The Simpsons,13,9,TV Series,7.3,1771,8.7,432638,22.0,"Animation ,Comedy",27.0,1.0,2002.0
97,The Simpsons,13,10,TV Series,7.2,2106,8.7,432638,22.0,"Animation ,Comedy",10.0,2.0,2002.0
97,The Simpsons,13,11,TV Series,7.0,1680,8.7,432638,22.0,"Animation ,Comedy",17.0,2.0,2002.0
97,The Simpsons,13,12,TV Series,6.5,1699,8.7,432638,22.0,"Animation ,Comedy",24.0,2.0,2002.0
97,The Simpsons,13,13,TV Series,6.5,1647,8.7,432638,22.0,"Animation ,Comedy",10.0,3.0,2002.0
97,The Simpsons,13,14,TV Series,7.1,1692,8.7,432638,22.0,"Animation ,Comedy",17.0,3.0,2002.0
97,The Simpsons,13,15,TV Series,7.0,1764,8.7,432638,22.0,"Animation ,Comedy",31.0,3.0,2002.0
97,The Simpsons,13,16,TV Series,7.7,1962,8.7,432638,22.0,"Animation ,Comedy",7.0,4.0,2002.0
97,The Simpsons,13,17,TV Series,5.4,1822,8.7,432638,22.0,"Animation ,Comedy",21.0,4.0,2002.0
97,The Simpsons,13,18,TV Series,7.7,1875,8.7,432638,22.0,"Animation ,Comedy",28.0,4.0,2002.0
97,The Simpsons,13,19,TV Series,6.7,1604,8.7,432638,22.0,"Animation ,Comedy",5.0,5.0,2002.0
97,The Simpsons,13,20,TV Series,7.1,1645,8.7,432638,22.0,"Animation ,Comedy",12.0,5.0,2002.0
97,The Simpsons,13,21,TV Series,7.0,1679,8.7,432638,22.0,"Animation ,Comedy",19.0,5.0,2002.0
97,The Simpsons,13,22,TV Series,7.8,2306,8.7,432638,22.0,"Animation ,Comedy",22.0,5.0,2002.0
97,The Simpsons,14,1,TV Series,7.6,2127,8.7,432638,22.0,"Animation ,Comedy",3.0,11.0,2002.0
97,The Simpsons,14,2,TV Series,7.3,1847,8.7,432638,22.0,"Animation ,Comedy",10.0,11.0,2002.0
97,The Simpsons,14,3,TV Series,7.1,1733,8.7,432638,22.0,"Animation ,Comedy",17.0,11.0,2002.0
97,The Simpsons,14,4,TV Series,7.1,1808,8.7,432638,22.0,"Animation ,Comedy",24.0,11.0,2002.0
97,The Simpsons,14,5,TV Series,6.7,1691,8.7,432638,22.0,"Animation ,Comedy",1.0,12.0,2002.0
97,The Simpsons,14,6,TV Series,7.3,1765,8.7,432638,22.0,"Animation ,Comedy",15.0,12.0,2002.0
97,The Simpsons,14,7,TV Series,7.0,1690,8.7,432638,22.0,"Animation ,Comedy",5.0,1.0,2003.0
97,The Simpsons,14,8,TV Series,7.2,1675,8.7,432638,22.0,"Animation ,Comedy",12.0,1.0,2003.0
97,The Simpsons,14,9,TV Series,6.8,1755,8.7,432638,22.0,"Animation ,Comedy",2.0,2.0,2003.0
97,The Simpsons,14,10,TV Series,6.7,1594,8.7,432638,22.0,"Animation ,Comedy",9.0,2.0,2003.0
97,The Simpsons,14,11,TV Series,6.7,1708,8.7,432638,22.0,"Animation ,Comedy",16.0,2.0,2003.0
97,The Simpsons,14,12,TV Series,7.2,1615,8.7,432638,22.0,"Animation ,Comedy",16.0,2.0,2003.0
97,The Simpsons,14,13,TV Series,6.9,1635,8.7,432638,22.0,"Animation ,Comedy",2.0,3.0,2003.0
97,The Simpsons,14,14,TV Series,6.8,1565,8.7,432638,22.0,"Animation ,Comedy",9.0,3.0,2003.0
97,The Simpsons,14,15,TV Series,7.1,1498,8.7,432638,22.0,"Animation ,Comedy",16.0,3.0,2003.0
97,The Simpsons,14,16,TV Series,7.1,1529,8.7,432638,22.0,"Animation ,Comedy",30.0,3.0,2003.0
97,The Simpsons,14,17,TV Series,7.2,1682,8.7,432638,22.0,"Animation ,Comedy",13.0,4.0,2003.0
97,The Simpsons,14,18,TV Series,6.9,1686,8.7,432638,22.0,"Animation ,Comedy",27.0,4.0,2003.0
97,The Simpsons,14,19,TV Series,6.6,1571,8.7,432638,22.0,"Animation ,Comedy",4.0,5.0,2003.0
97,The Simpsons,14,20,TV Series,6.7,1544,8.7,432638,22.0,"Animation ,Comedy",11.0,5.0,2003.0
97,The Simpsons,14,21,TV Series,6.6,1578,8.7,432638,22.0,"Animation ,Comedy",18.0,5.0,2003.0
97,The Simpsons,14,22,TV Series,7.6,2262,8.7,432638,22.0,"Animation ,Comedy",18.0,5.0,2003.0
97,The Simpsons,15,1,TV Series,7.5,2063,8.7,432638,22.0,"Animation ,Comedy",2.0,11.0,2003.0
97,The Simpsons,15,2,TV Series,7.2,1653,8.7,432638,22.0,"Animation ,Comedy",9.0,11.0,2003.0
97,The Simpsons,15,3,TV Series,6.9,1708,8.7,432638,22.0,"Animation ,Comedy",16.0,11.0,2003.0
97,The Simpsons,15,4,TV Series,7.0,1781,8.7,432638,22.0,"Animation ,Comedy",23.0,11.0,2003.0
97,The Simpsons,15,5,TV Series,7.1,1602,8.7,432638,22.0,"Animation ,Comedy",30.0,11.0,2003.0
97,The Simpsons,15,6,TV Series,6.4,1543,8.7,432638,22.0,"Animation ,Comedy",7.0,12.0,2003.0
97,The Simpsons,15,7,TV Series,7.0,1640,8.7,432638,22.0,"Animation ,Comedy",14.0,12.0,2003.0
97,The Simpsons,15,8,TV Series,6.6,1575,8.7,432638,22.0,"Animation ,Comedy",4.0,1.0,2004.0
97,The Simpsons,15,9,TV Series,7.3,1674,8.7,432638,22.0,"Animation ,Comedy",11.0,1.0,2004.0
97,The Simpsons,15,10,TV Series,7.2,1612,8.7,432638,22.0,"Animation ,Comedy",25.0,1.0,2004.0
97,The Simpsons,15,11,TV Series,7.1,1563,8.7,432638,22.0,"Animation ,Comedy",8.0,2.0,2004.0
97,The Simpsons,15,12,TV Series,7.2,1605,8.7,432638,22.0,"Animation ,Comedy",15.0,2.0,2004.0
97,The Simpsons,15,13,TV Series,7.1,1623,8.7,432638,22.0,"Animation ,Comedy",22.0,2.0,2004.0
97,The Simpsons,15,14,TV Series,6.6,1542,8.7,432638,22.0,"Animation ,Comedy",14.0,3.0,2004.0
97,The Simpsons,15,15,TV Series,6.7,1568,8.7,432638,22.0,"Animation ,Comedy",21.0,3.0,2004.0
97,The Simpsons,15,16,TV Series,7.0,1624,8.7,432638,22.0,"Animation ,Comedy",28.0,3.0,2004.0
97,The Simpsons,15,17,TV Series,6.6,1583,8.7,432638,22.0,"Animation ,Comedy",18.0,4.0,2004.0
97,The Simpsons,15,18,TV Series,7.1,1625,8.7,432638,22.0,"Animation ,Comedy",25.0,4.0,2004.0
97,The Simpsons,15,19,TV Series,7.3,1657,8.7,432638,22.0,"Animation ,Comedy",2.0,5.0,2004.0
97,The Simpsons,15,20,TV Series,7.2,1624,8.7,432638,22.0,"Animation ,Comedy",9.0,5.0,2004.0
97,The Simpsons,15,21,TV Series,6.3,1579,8.7,432638,22.0,"Animation ,Comedy",16.0,5.0,2004.0
97,The Simpsons,15,22,TV Series,7.2,1524,8.7,432638,22.0,"Animation ,Comedy",23.0,5.0,2004.0
97,The Simpsons,16,1,TV Series,7.4,1951,8.7,432638,22.0,"Animation ,Comedy",7.0,11.0,2004.0
97,The Simpsons,16,2,TV Series,6.9,1568,8.7,432638,22.0,"Animation ,Comedy",14.0,11.0,2004.0
97,The Simpsons,16,3,TV Series,7.1,1605,8.7,432638,22.0,"Animation ,Comedy",21.0,11.0,2004.0
97,The Simpsons,16,4,TV Series,6.5,1537,8.7,432638,22.0,"Animation ,Comedy",5.0,12.0,2004.0
97,The Simpsons,16,5,TV Series,7.0,1489,8.7,432638,22.0,"Animation ,Comedy",12.0,12.0,2004.0
97,The Simpsons,16,6,TV Series,7.1,1513,8.7,432638,22.0,"Animation ,Comedy",16.0,1.0,2005.0
97,The Simpsons,16,7,TV Series,6.8,1463,8.7,432638,22.0,"Animation ,Comedy",30.0,1.0,2005.0
97,The Simpsons,16,8,TV Series,6.3,1515,8.7,432638,22.0,"Animation ,Comedy",6.0,2.0,2005.0
97,The Simpsons,16,9,TV Series,6.5,1586,8.7,432638,22.0,"Animation ,Comedy",13.0,2.0,2005.0
97,The Simpsons,16,10,TV Series,6.9,1574,8.7,432638,22.0,"Animation ,Comedy",20.0,2.0,2005.0
97,The Simpsons,16,11,TV Series,6.7,1577,8.7,432638,22.0,"Animation ,Comedy",6.0,3.0,2005.0
97,The Simpsons,16,12,TV Series,6.9,1565,8.7,432638,22.0,"Animation ,Comedy",13.0,3.0,2005.0
97,The Simpsons,16,13,TV Series,6.7,1470,8.7,432638,22.0,"Animation ,Comedy",20.0,3.0,2005.0
97,The Simpsons,16,14,TV Series,6.7,1470,8.7,432638,22.0,"Animation ,Comedy",3.0,4.0,2005.0
97,The Simpsons,16,15,TV Series,7.3,1647,8.7,432638,22.0,"Animation ,Comedy",17.0,4.0,2005.0
97,The Simpsons,16,16,TV Series,7.4,1721,8.7,432638,22.0,"Animation ,Comedy",1.0,5.0,2005.0
97,The Simpsons,16,17,TV Series,7.1,1574,8.7,432638,22.0,"Animation ,Comedy",1.0,5.0,2005.0
97,The Simpsons,16,18,TV Series,6.7,1503,8.7,432638,22.0,"Animation ,Comedy",8.0,5.0,2005.0
97,The Simpsons,16,19,TV Series,7.2,1534,8.7,432638,22.0,"Animation ,Comedy",8.0,5.0,2005.0
97,The Simpsons,16,20,TV Series,7.0,1465,8.7,432638,22.0,"Animation ,Comedy",15.0,5.0,2005.0
97,The Simpsons,16,21,TV Series,7.2,1619,8.7,432638,22.0,"Animation ,Comedy",15.0,5.0,2005.0
97,The Simpsons,17,1,TV Series,6.2,1610,8.7,432638,22.0,"Animation ,Comedy",11.0,9.0,2005.0
97,The Simpsons,17,2,TV Series,6.8,1559,8.7,432638,22.0,"Animation ,Comedy",18.0,9.0,2005.0
97,The Simpsons,17,3,TV Series,6.9,1469,8.7,432638,22.0,"Animation ,Comedy",25.0,9.0,2005.0
97,The Simpsons,17,4,TV Series,7.3,1835,8.7,432638,22.0,"Animation ,Comedy",6.0,11.0,2005.0
97,The Simpsons,17,5,TV Series,6.9,1533,8.7,432638,22.0,"Animation ,Comedy",13.0,11.0,2005.0
97,The Simpsons,17,6,TV Series,6.8,1485,8.7,432638,22.0,"Animation ,Comedy",20.0,11.0,2005.0
97,The Simpsons,17,7,TV Series,6.6,1516,8.7,432638,22.0,"Animation ,Comedy",27.0,11.0,2005.0
97,The Simpsons,17,8,TV Series,7.1,1750,8.7,432638,22.0,"Animation ,Comedy",11.0,12.0,2005.0
97,The Simpsons,17,9,TV Series,6.8,1541,8.7,432638,22.0,"Animation ,Comedy",18.0,12.0,2005.0
97,The Simpsons,17,10,TV Series,6.6,1515,8.7,432638,22.0,"Animation ,Comedy",8.0,1.0,2006.0
97,The Simpsons,17,11,TV Series,6.9,1465,8.7,432638,22.0,"Animation ,Comedy",29.0,1.0,2006.0
97,The Simpsons,17,12,TV Series,6.5,1497,8.7,432638,22.0,"Animation ,Comedy",26.0,2.0,2006.0
97,The Simpsons,17,13,TV Series,7.6,1750,8.7,432638,22.0,"Animation ,Comedy",12.0,3.0,2006.0
97,The Simpsons,17,14,TV Series,7.0,1489,8.7,432638,22.0,"Animation ,Comedy",19.0,3.0,2006.0
97,The Simpsons,17,15,TV Series,6.4,1815,8.7,432638,22.0,"Animation ,Comedy",26.0,3.0,2006.0
97,The Simpsons,17,16,TV Series,6.3,1566,8.7,432638,22.0,"Animation ,Comedy",2.0,4.0,2006.0
97,The Simpsons,17,17,TV Series,7.2,1625,8.7,432638,22.0,"Animation ,Comedy",9.0,4.0,2006.0
97,The Simpsons,17,18,TV Series,6.7,1484,8.7,432638,22.0,"Animation ,Comedy",23.0,4.0,2006.0
97,The Simpsons,17,19,TV Series,7.1,1596,8.7,432638,22.0,"Animation ,Comedy",30.0,4.0,2006.0
97,The Simpsons,17,20,TV Series,6.7,1500,8.7,432638,22.0,"Animation ,Comedy",7.0,5.0,2006.0
97,The Simpsons,17,21,TV Series,7.1,1555,8.7,432638,22.0,"Animation ,Comedy",14.0,5.0,2006.0
97,The Simpsons,17,22,TV Series,6.3,1512,8.7,432638,22.0,"Animation ,Comedy",21.0,5.0,2006.0
97,The Simpsons,18,1,TV Series,7.5,1846,8.7,432638,22.0,"Animation ,Comedy",10.0,9.0,2006.0
97,The Simpsons,18,2,TV Series,6.6,1684,8.7,432638,22.0,"Animation ,Comedy",17.0,9.0,2006.0
97,The Simpsons,18,3,TV Series,6.7,1604,8.7,432638,22.0,"Animation ,Comedy",24.0,9.0,2006.0
97,The Simpsons,18,4,TV Series,6.8,1892,8.7,432638,22.0,"Animation ,Comedy",5.0,11.0,2006.0
97,The Simpsons,18,5,TV Series,6.7,1603,8.7,432638,22.0,"Animation ,Comedy",12.0,11.0,2006.0
97,The Simpsons,18,6,TV Series,6.7,1555,8.7,432638,22.0,"Animation ,Comedy",19.0,11.0,2006.0
97,The Simpsons,18,7,TV Series,6.9,1545,8.7,432638,22.0,"Animation ,Comedy",26.0,11.0,2006.0
97,The Simpsons,18,8,TV Series,7.2,1522,8.7,432638,22.0,"Animation ,Comedy",10.0,12.0,2006.0
97,The Simpsons,18,9,TV Series,6.3,1600,8.7,432638,22.0,"Animation ,Comedy",17.0,12.0,2006.0
97,The Simpsons,18,10,TV Series,6.5,1537,8.7,432638,22.0,"Animation ,Comedy",7.0,1.0,2007.0
97,The Simpsons,18,11,TV Series,7.0,1505,8.7,432638,22.0,"Animation ,Comedy",28.0,1.0,2007.0
97,The Simpsons,18,12,TV Series,6.7,1622,8.7,432638,22.0,"Animation ,Comedy",11.0,2.0,2007.0
97,The Simpsons,18,13,TV Series,7.3,1586,8.7,432638,22.0,"Animation ,Comedy",18.0,2.0,2007.0
97,The Simpsons,18,14,TV Series,6.8,1553,8.7,432638,22.0,"Animation ,Comedy",4.0,3.0,2007.0
97,The Simpsons,18,15,TV Series,6.3,1486,8.7,432638,22.0,"Animation ,Comedy",11.0,3.0,2007.0
97,The Simpsons,18,16,TV Series,7.1,1525,8.7,432638,22.0,"Animation ,Comedy",25.0,3.0,2007.0
97,The Simpsons,18,17,TV Series,7.3,1701,8.7,432638,22.0,"Animation ,Comedy",22.0,4.0,2007.0
97,The Simpsons,18,18,TV Series,6.0,1635,8.7,432638,22.0,"Animation ,Comedy",29.0,4.0,2007.0
97,The Simpsons,18,19,TV Series,6.9,1437,8.7,432638,22.0,"Animation ,Comedy",6.0,5.0,2007.0
97,The Simpsons,18,20,TV Series,6.8,1433,8.7,432638,22.0,"Animation ,Comedy",13.0,5.0,2007.0
97,The Simpsons,18,21,TV Series,8.1,2516,8.7,432638,22.0,"Animation ,Comedy",20.0,5.0,2007.0
97,The Simpsons,18,22,TV Series,7.2,1627,8.7,432638,22.0,"Animation ,Comedy",20.0,5.0,2007.0
97,The Simpsons,19,1,TV Series,6.6,1623,8.7,432638,22.0,"Animation ,Comedy",23.0,9.0,2007.0
97,The Simpsons,19,2,TV Series,6.5,1625,8.7,432638,22.0,"Animation ,Comedy",30.0,9.0,2007.0
97,The Simpsons,19,3,TV Series,7.1,1535,8.7,432638,22.0,"Animation ,Comedy",7.0,10.0,2007.0
97,The Simpsons,19,4,TV Series,6.7,1503,8.7,432638,22.0,"Animation ,Comedy",14.0,10.0,2007.0
97,The Simpsons,19,5,TV Series,6.9,1731,8.7,432638,22.0,"Animation ,Comedy",4.0,11.0,2007.0
97,The Simpsons,19,6,TV Series,6.6,1474,8.7,432638,22.0,"Animation ,Comedy",11.0,11.0,2007.0
97,The Simpsons,19,7,TV Series,6.9,1605,8.7,432638,22.0,"Animation ,Comedy",18.0,11.0,2007.0
97,The Simpsons,19,8,TV Series,7.1,1612,8.7,432638,22.0,"Animation ,Comedy",25.0,11.0,2007.0
97,The Simpsons,19,9,TV Series,8.1,2295,8.7,432638,22.0,"Animation ,Comedy",16.0,12.0,2007.0
97,The Simpsons,19,10,TV Series,6.8,1519,8.7,432638,22.0,"Animation ,Comedy",6.0,1.0,2008.0
97,The Simpsons,19,11,TV Series,6.3,2120,8.7,432638,22.0,"Animation ,Comedy",27.0,1.0,2008.0
97,The Simpsons,19,12,TV Series,6.5,1545,8.7,432638,22.0,"Animation ,Comedy",17.0,2.0,2008.0
97,The Simpsons,19,13,TV Series,7.6,1849,8.7,432638,22.0,"Animation ,Comedy",2.0,3.0,2008.0
97,The Simpsons,19,14,TV Series,7.4,1586,8.7,432638,22.0,"Animation ,Comedy",9.0,3.0,2008.0
97,The Simpsons,19,15,TV Series,6.6,1473,8.7,432638,22.0,"Animation ,Comedy",30.0,3.0,2008.0
97,The Simpsons,19,16,TV Series,6.1,1392,8.7,432638,22.0,"Animation ,Comedy",13.0,4.0,2008.0
97,The Simpsons,19,17,TV Series,6.8,1488,8.7,432638,22.0,"Animation ,Comedy",27.0,4.0,2008.0
97,The Simpsons,19,18,TV Series,7.0,1485,8.7,432638,22.0,"Animation ,Comedy",4.0,5.0,2008.0
97,The Simpsons,19,19,TV Series,7.0,1513,8.7,432638,22.0,"Animation ,Comedy",11.0,5.0,2008.0
97,The Simpsons,19,20,TV Series,6.4,1361,8.7,432638,22.0,"Animation ,Comedy",18.0,5.0,2008.0
97,The Simpsons,20,1,TV Series,7.2,1775,8.7,432638,22.0,"Animation ,Comedy",28.0,9.0,2008.0
97,The Simpsons,20,2,TV Series,6.8,1604,8.7,432638,22.0,"Animation ,Comedy",5.0,10.0,2008.0
97,The Simpsons,20,3,TV Series,6.8,1552,8.7,432638,22.0,"Animation ,Comedy",19.0,10.0,2008.0
97,The Simpsons,20,4,TV Series,7.1,1843,8.7,432638,22.0,"Animation ,Comedy",2.0,11.0,2008.0
97,The Simpsons,20,5,TV Series,6.6,1481,8.7,432638,22.0,"Animation ,Comedy",9.0,11.0,2008.0
97,The Simpsons,20,6,TV Series,7.1,1495,8.7,432638,22.0,"Animation ,Comedy",16.0,11.0,2008.0
97,The Simpsons,20,7,TV Series,7.1,1641,8.7,432638,22.0,"Animation ,Comedy",30.0,11.0,2008.0
97,The Simpsons,20,8,TV Series,6.5,1476,8.7,432638,22.0,"Animation ,Comedy",7.0,12.0,2008.0
97,The Simpsons,20,9,TV Series,6.0,1610,8.7,432638,22.0,"Animation ,Comedy",25.0,1.0,2009.0
97,The Simpsons,20,10,TV Series,6.9,1418,8.7,432638,22.0,"Animation ,Comedy",15.0,2.0,2009.0
97,The Simpsons,20,11,TV Series,7.0,1436,8.7,432638,22.0,"Animation ,Comedy",1.0,3.0,2009.0
97,The Simpsons,20,12,TV Series,6.8,1400,8.7,432638,22.0,"Animation ,Comedy",8.0,3.0,2009.0
97,The Simpsons,20,13,TV Series,7.2,1575,8.7,432638,22.0,"Animation ,Comedy",15.0,3.0,2009.0
97,The Simpsons,20,14,TV Series,6.4,1428,8.7,432638,22.0,"Animation ,Comedy",22.0,3.0,2009.0
97,The Simpsons,20,15,TV Series,6.5,1370,8.7,432638,22.0,"Animation ,Comedy",29.0,3.0,2009.0
97,The Simpsons,20,16,TV Series,7.2,1478,8.7,432638,22.0,"Animation ,Comedy",5.0,4.0,2009.0
97,The Simpsons,20,17,TV Series,7.2,1500,8.7,432638,22.0,"Animation ,Comedy",19.0,4.0,2009.0
97,The Simpsons,20,18,TV Series,6.9,1387,8.7,432638,22.0,"Animation ,Comedy",26.0,4.0,2009.0
97,The Simpsons,20,19,TV Series,7.1,1512,8.7,432638,22.0,"Animation ,Comedy",3.0,5.0,2009.0
97,The Simpsons,20,20,TV Series,6.5,1388,8.7,432638,22.0,"Animation ,Comedy",10.0,5.0,2009.0
97,The Simpsons,20,21,TV Series,7.2,1532,8.7,432638,22.0,"Animation ,Comedy",17.0,5.0,2009.0
97,The Simpsons,21,1,TV Series,7.1,1639,8.7,432638,22.0,"Animation ,Comedy",27.0,9.0,2009.0
97,The Simpsons,21,2,TV Series,6.6,1493,8.7,432638,22.0,"Animation ,Comedy",4.0,10.0,2009.0
97,The Simpsons,21,3,TV Series,6.3,1332,8.7,432638,22.0,"Animation ,Comedy",11.0,10.0,2009.0
97,The Simpsons,21,4,TV Series,7.3,1729,8.7,432638,22.0,"Animation ,Comedy",18.0,10.0,2009.0
97,The Simpsons,21,5,TV Series,6.7,1378,8.7,432638,22.0,"Animation ,Comedy",15.0,11.0,2009.0
97,The Simpsons,21,6,TV Series,6.6,1356,8.7,432638,22.0,"Animation ,Comedy",22.0,11.0,2009.0
97,The Simpsons,21,7,TV Series,6.7,1332,8.7,432638,22.0,"Animation ,Comedy",29.0,11.0,2009.0
97,The Simpsons,21,8,TV Series,7.1,1390,8.7,432638,22.0,"Animation ,Comedy",13.0,12.0,2009.0
97,The Simpsons,21,9,TV Series,6.7,1263,8.7,432638,22.0,"Animation ,Comedy",3.0,1.0,2010.0
97,The Simpsons,21,10,TV Series,6.5,1347,8.7,432638,22.0,"Animation ,Comedy",10.0,1.0,2010.0
97,The Simpsons,21,11,TV Series,7.1,1310,8.7,432638,22.0,"Animation ,Comedy",31.0,1.0,2010.0
97,The Simpsons,21,12,TV Series,6.8,1362,8.7,432638,22.0,"Animation ,Comedy",14.0,2.0,2010.0
97,The Simpsons,21,13,TV Series,6.6,1366,8.7,432638,22.0,"Animation ,Comedy",21.0,2.0,2010.0
97,The Simpsons,21,14,TV Series,6.9,1245,8.7,432638,22.0,"Animation ,Comedy",14.0,3.0,2010.0
97,The Simpsons,21,15,TV Series,7.0,1405,8.7,432638,22.0,"Animation ,Comedy",21.0,3.0,2010.0
97,The Simpsons,21,16,TV Series,5.7,1614,8.7,432638,22.0,"Animation ,Comedy",28.0,3.0,2010.0
97,The Simpsons,21,17,TV Series,6.6,1275,8.7,432638,22.0,"Animation ,Comedy",11.0,4.0,2010.0
97,The Simpsons,21,18,TV Series,6.8,1260,8.7,432638,22.0,"Animation ,Comedy",18.0,4.0,2010.0
97,The Simpsons,21,19,TV Series,6.8,1292,8.7,432638,22.0,"Animation ,Comedy",25.0,4.0,2010.0
97,The Simpsons,21,20,TV Series,7.1,1336,8.7,432638,22.0,"Animation ,Comedy",2.0,5.0,2010.0
97,The Simpsons,21,21,TV Series,7.0,1301,8.7,432638,22.0,"Animation ,Comedy",9.0,5.0,2010.0
97,The Simpsons,21,22,TV Series,7.3,1425,8.7,432638,22.0,"Animation ,Comedy",16.0,5.0,2010.0
97,The Simpsons,21,23,TV Series,6.5,1323,8.7,432638,22.0,"Animation ,Comedy",23.0,5.0,2010.0
97,The Simpsons,22,1,TV Series,6.1,1531,8.7,432638,22.0,"Animation ,Comedy",26.0,9.0,2010.0
97,The Simpsons,22,2,TV Series,6.7,1282,8.7,432638,22.0,"Animation ,Comedy",3.0,10.0,2010.0
97,The Simpsons,22,3,TV Series,6.7,1343,8.7,432638,22.0,"Animation ,Comedy",10.0,10.0,2010.0
97,The Simpsons,22,4,TV Series,7.1,1664,8.7,432638,22.0,"Animation ,Comedy",7.0,11.0,2010.0
97,The Simpsons,22,5,TV Series,7.2,1300,8.7,432638,22.0,"Animation ,Comedy",14.0,11.0,2010.0
97,The Simpsons,22,6,TV Series,6.5,1259,8.7,432638,22.0,"Animation ,Comedy",21.0,11.0,2010.0
97,The Simpsons,22,7,TV Series,6.3,1257,8.7,432638,22.0,"Animation ,Comedy",28.0,11.0,2010.0
97,The Simpsons,22,8,TV Series,6.7,1383,8.7,432638,22.0,"Animation ,Comedy",5.0,12.0,2010.0
97,The Simpsons,22,9,TV Series,7.0,1336,8.7,432638,22.0,"Animation ,Comedy",12.0,12.0,2010.0
97,The Simpsons,22,10,TV Series,6.3,1195,8.7,432638,22.0,"Animation ,Comedy",9.0,1.0,2011.0
97,The Simpsons,22,11,TV Series,6.7,1302,8.7,432638,22.0,"Animation ,Comedy",16.0,1.0,2011.0
97,The Simpsons,22,12,TV Series,6.9,1239,8.7,432638,22.0,"Animation ,Comedy",23.0,1.0,2011.0
97,The Simpsons,22,13,TV Series,6.7,1228,8.7,432638,22.0,"Animation ,Comedy",13.0,2.0,2011.0
97,The Simpsons,22,14,TV Series,7.2,1409,8.7,432638,22.0,"Animation ,Comedy",20.0,2.0,2011.0
97,The Simpsons,22,15,TV Series,6.6,1304,8.7,432638,22.0,"Animation ,Comedy",6.0,3.0,2011.0
97,The Simpsons,22,16,TV Series,6.0,1226,8.7,432638,22.0,"Animation ,Comedy",13.0,3.0,2011.0
97,The Simpsons,22,17,TV Series,6.1,1290,8.7,432638,22.0,"Animation ,Comedy",27.0,3.0,2011.0
97,The Simpsons,22,18,TV Series,6.8,1268,8.7,432638,22.0,"Animation ,Comedy",10.0,4.0,2011.0
97,The Simpsons,22,19,TV Series,6.5,1295,8.7,432638,22.0,"Animation ,Comedy",1.0,5.0,2011.0
97,The Simpsons,22,20,TV Series,7.1,1281,8.7,432638,22.0,"Animation ,Comedy",8.0,5.0,2011.0
97,The Simpsons,22,21,TV Series,7.3,1355,8.7,432638,22.0,"Animation ,Comedy",15.0,5.0,2011.0
97,The Simpsons,22,22,TV Series,7.0,1339,8.7,432638,22.0,"Animation ,Comedy",22.0,5.0,2011.0
97,The Simpsons,23,1,TV Series,7.1,1544,8.7,432638,22.0,"Animation ,Comedy",25.0,9.0,2011.0
97,The Simpsons,23,2,TV Series,7.1,1413,8.7,432638,22.0,"Animation ,Comedy",2.0,10.0,2011.0
97,The Simpsons,23,3,TV Series,6.4,1660,8.7,432638,22.0,"Animation ,Comedy",30.0,10.0,2011.0
97,The Simpsons,23,4,TV Series,6.4,1252,8.7,432638,22.0,"Animation ,Comedy",6.0,11.0,2011.0
97,The Simpsons,23,5,TV Series,7.1,1397,8.7,432638,22.0,"Animation ,Comedy",13.0,11.0,2011.0
97,The Simpsons,23,6,TV Series,7.9,1863,8.7,432638,22.0,"Animation ,Comedy",20.0,11.0,2011.0
97,The Simpsons,23,7,TV Series,6.7,1222,8.7,432638,22.0,"Animation ,Comedy",27.0,11.0,2011.0
97,The Simpsons,23,8,TV Series,6.1,1167,8.7,432638,22.0,"Animation ,Comedy",4.0,12.0,2011.0
97,The Simpsons,23,9,TV Series,8.3,2303,8.7,432638,22.0,"Animation ,Comedy",11.0,12.0,2011.0
97,The Simpsons,23,10,TV Series,6.0,1313,8.7,432638,22.0,"Animation ,Comedy",8.0,1.0,2012.0
97,The Simpsons,23,11,TV Series,6.9,1348,8.7,432638,22.0,"Animation ,Comedy",15.0,1.0,2012.0
97,The Simpsons,23,12,TV Series,5.8,1407,8.7,432638,22.0,"Animation ,Comedy",29.0,1.0,2012.0
97,The Simpsons,23,13,TV Series,6.3,1207,8.7,432638,22.0,"Animation ,Comedy",12.0,2.0,2012.0
97,The Simpsons,23,14,TV Series,6.9,1384,8.7,432638,22.0,"Animation ,Comedy",19.0,2.0,2012.0
97,The Simpsons,23,15,TV Series,6.8,1186,8.7,432638,22.0,"Animation ,Comedy",4.0,3.0,2012.0
97,The Simpsons,23,16,TV Series,7.2,1403,8.7,432638,22.0,"Animation ,Comedy",11.0,3.0,2012.0
97,The Simpsons,23,17,TV Series,6.9,1308,8.7,432638,22.0,"Animation ,Comedy",18.0,3.0,2012.0
97,The Simpsons,23,18,TV Series,7.1,1288,8.7,432638,22.0,"Animation ,Comedy",15.0,4.0,2012.0
97,The Simpsons,23,19,TV Series,7.6,1593,8.7,432638,22.0,"Animation ,Comedy",29.0,4.0,2012.0
97,The Simpsons,23,20,TV Series,6.8,1123,8.7,432638,22.0,"Animation ,Comedy",6.0,5.0,2012.0
97,The Simpsons,23,21,TV Series,6.6,1209,8.7,432638,22.0,"Animation ,Comedy",13.0,5.0,2012.0
97,The Simpsons,23,22,TV Series,4.0,3300,8.7,432638,22.0,"Animation ,Comedy",20.0,5.0,2012.0
97,The Simpsons,24,1,TV Series,6.3,1419,8.7,432638,22.0,"Animation ,Comedy",30.0,9.0,2012.0
97,The Simpsons,24,2,TV Series,7.2,1567,8.7,432638,22.0,"Animation ,Comedy",7.0,10.0,2012.0
97,The Simpsons,24,3,TV Series,6.8,1208,8.7,432638,22.0,"Animation ,Comedy",4.0,11.0,2012.0
97,The Simpsons,24,4,TV Series,6.7,1171,8.7,432638,22.0,"Animation ,Comedy",11.0,11.0,2012.0
97,The Simpsons,24,5,TV Series,6.3,1131,8.7,432638,22.0,"Animation ,Comedy",18.0,11.0,2012.0
97,The Simpsons,24,6,TV Series,6.3,1160,8.7,432638,22.0,"Animation ,Comedy",25.0,11.0,2012.0
97,The Simpsons,24,7,TV Series,6.9,1309,8.7,432638,22.0,"Animation ,Comedy",9.0,12.0,2012.0
97,The Simpsons,24,8,TV Series,7.2,1206,8.7,432638,22.0,"Animation ,Comedy",16.0,12.0,2012.0
97,The Simpsons,24,9,TV Series,6.7,1131,8.7,432638,22.0,"Animation ,Comedy",6.0,1.0,2013.0
97,The Simpsons,24,10,TV Series,7.0,1131,8.7,432638,22.0,"Animation ,Comedy",13.0,1.0,2013.0
97,The Simpsons,24,11,TV Series,6.5,1145,8.7,432638,22.0,"Animation ,Comedy",27.0,1.0,2013.0
97,The Simpsons,24,12,TV Series,6.2,1199,8.7,432638,22.0,"Animation ,Comedy",10.0,2.0,2013.0
97,The Simpsons,24,13,TV Series,7.0,1166,8.7,432638,22.0,"Animation ,Comedy",17.0,2.0,2013.0
97,The Simpsons,24,14,TV Series,6.2,1174,8.7,432638,22.0,"Animation ,Comedy",3.0,3.0,2013.0
97,The Simpsons,24,15,TV Series,6.9,1188,8.7,432638,22.0,"Animation ,Comedy",10.0,3.0,2013.0
97,The Simpsons,24,16,TV Series,7.1,1204,8.7,432638,22.0,"Animation ,Comedy",17.0,3.0,2013.0
97,The Simpsons,24,17,TV Series,6.4,1158,8.7,432638,22.0,"Animation ,Comedy",14.0,4.0,2013.0
97,The Simpsons,24,18,TV Series,6.4,1133,8.7,432638,22.0,"Animation ,Comedy",28.0,4.0,2013.0
97,The Simpsons,24,19,TV Series,6.7,1063,8.7,432638,22.0,"Animation ,Comedy",5.0,5.0,2013.0
97,The Simpsons,24,20,TV Series,6.3,1103,8.7,432638,22.0,"Animation ,Comedy",12.0,5.0,2013.0
97,The Simpsons,24,21,TV Series,7.1,1259,8.7,432638,22.0,"Animation ,Comedy",19.0,5.0,2013.0
97,The Simpsons,24,22,TV Series,7.0,1148,8.7,432638,22.0,"Animation ,Comedy",19.0,5.0,2013.0
97,The Simpsons,25,1,TV Series,6.9,1494,8.7,432638,22.0,"Animation ,Comedy",29.0,9.0,2013.0
97,The Simpsons,25,2,TV Series,6.9,1624,8.7,432638,22.0,"Animation ,Comedy",6.0,10.0,2013.0
97,The Simpsons,25,3,TV Series,6.4,1223,8.7,432638,22.0,"Animation ,Comedy",3.0,11.0,2013.0
97,The Simpsons,25,4,TV Series,6.5,1261,8.7,432638,22.0,"Animation ,Comedy",10.0,11.0,2013.0
97,The Simpsons,25,5,TV Series,6.8,1190,8.7,432638,22.0,"Animation ,Comedy",17.0,11.0,2013.0
97,The Simpsons,25,6,TV Series,6.4,1251,8.7,432638,22.0,"Animation ,Comedy",24.0,11.0,2013.0
97,The Simpsons,25,7,TV Series,6.7,1198,8.7,432638,22.0,"Animation ,Comedy",8.0,12.0,2013.0
97,The Simpsons,25,8,TV Series,6.5,1209,8.7,432638,22.0,"Animation ,Comedy",15.0,12.0,2013.0
97,The Simpsons,25,9,TV Series,7.7,1661,8.7,432638,22.0,"Animation ,Comedy",5.0,1.0,2014.0
97,The Simpsons,25,10,TV Series,6.9,1265,8.7,432638,22.0,"Animation ,Comedy",12.0,1.0,2014.0
97,The Simpsons,25,11,TV Series,7.1,1186,8.7,432638,22.0,"Animation ,Comedy",26.0,1.0,2014.0
97,The Simpsons,25,12,TV Series,6.3,1176,8.7,432638,22.0,"Animation ,Comedy",9.0,3.0,2014.0
97,The Simpsons,25,13,TV Series,6.6,1256,8.7,432638,22.0,"Animation ,Comedy",9.0,3.0,2014.0
97,The Simpsons,25,14,TV Series,6.6,1155,8.7,432638,22.0,"Animation ,Comedy",16.0,3.0,2014.0
97,The Simpsons,25,15,TV Series,6.9,1127,8.7,432638,22.0,"Animation ,Comedy",23.0,3.0,2014.0
97,The Simpsons,25,16,TV Series,6.7,1160,8.7,432638,22.0,"Animation ,Comedy",30.0,3.0,2014.0
97,The Simpsons,25,17,TV Series,6.4,1169,8.7,432638,22.0,"Animation ,Comedy",6.0,4.0,2014.0
97,The Simpsons,25,18,TV Series,7.0,1326,8.7,432638,22.0,"Animation ,Comedy",13.0,4.0,2014.0
97,The Simpsons,25,19,TV Series,5.8,1164,8.7,432638,22.0,"Animation ,Comedy",27.0,4.0,2014.0
97,The Simpsons,25,20,TV Series,7.9,1866,8.7,432638,22.0,"Animation ,Comedy",4.0,5.0,2014.0
97,The Simpsons,25,21,TV Series,6.6,1126,8.7,432638,22.0,"Animation ,Comedy",11.0,5.0,2014.0
97,The Simpsons,25,22,TV Series,6.6,1126,8.7,432638,22.0,"Animation ,Comedy",18.0,5.0,2014.0
97,The Simpsons,26,1,TV Series,5.7,1473,8.7,432638,22.0,"Animation ,Comedy",28.0,9.0,2014.0
97,The Simpsons,26,2,TV Series,6.7,1231,8.7,432638,22.0,"Animation ,Comedy",5.0,10.0,2014.0
97,The Simpsons,26,3,TV Series,6.4,1163,8.7,432638,22.0,"Animation ,Comedy",12.0,10.0,2014.0
97,The Simpsons,26,4,TV Series,7.4,1604,8.7,432638,22.0,"Animation ,Comedy",19.0,10.0,2014.0
97,The Simpsons,26,5,TV Series,6.3,1130,8.7,432638,22.0,"Animation ,Comedy",2.0,11.0,2014.0
97,The Simpsons,26,6,TV Series,7.9,2240,8.7,432638,22.0,"Animation ,Comedy",9.0,11.0,2014.0
97,The Simpsons,26,7,TV Series,6.8,1205,8.7,432638,22.0,"Animation ,Comedy",16.0,11.0,2014.0
97,The Simpsons,26,8,TV Series,6.4,1160,8.7,432638,22.0,"Animation ,Comedy",23.0,11.0,2014.0
97,The Simpsons,26,9,TV Series,6.8,1158,8.7,432638,22.0,"Animation ,Comedy",7.0,12.0,2014.0
97,The Simpsons,26,10,TV Series,6.6,1354,8.7,432638,22.0,"Animation ,Comedy",4.0,1.0,2015.0
97,The Simpsons,26,11,TV Series,7.1,1200,8.7,432638,22.0,"Animation ,Comedy",11.0,1.0,2015.0
97,The Simpsons,26,12,TV Series,5.4,1400,8.7,432638,22.0,"Animation ,Comedy",25.0,1.0,2015.0
97,The Simpsons,26,13,TV Series,6.2,1054,8.7,432638,22.0,"Animation ,Comedy",8.0,2.0,2015.0
97,The Simpsons,26,14,TV Series,6.6,1036,8.7,432638,22.0,"Animation ,Comedy",15.0,2.0,2015.0
97,The Simpsons,26,15,TV Series,6.4,1067,8.7,432638,22.0,"Animation ,Comedy",1.0,3.0,2015.0
97,The Simpsons,26,16,TV Series,6.7,1099,8.7,432638,22.0,"Animation ,Comedy",8.0,3.0,2015.0
97,The Simpsons,26,17,TV Series,6.6,1038,8.7,432638,22.0,"Animation ,Comedy",15.0,3.0,2015.0
97,The Simpsons,26,18,TV Series,6.6,993,8.7,432638,22.0,"Animation ,Comedy",19.0,4.0,2015.0
97,The Simpsons,26,19,TV Series,6.7,1001,8.7,432638,22.0,"Animation ,Comedy",26.0,4.0,2015.0
97,The Simpsons,26,20,TV Series,6.0,980,8.7,432638,22.0,"Animation ,Comedy",3.0,5.0,2015.0
97,The Simpsons,26,21,TV Series,6.5,1004,8.7,432638,22.0,"Animation ,Comedy",10.0,5.0,2015.0
97,The Simpsons,26,22,TV Series,6.7,1043,8.7,432638,22.0,"Animation ,Comedy",17.0,5.0,2015.0
97,The Simpsons,27,1,TV Series,5.6,1413,8.7,432638,22.0,"Animation ,Comedy",27.0,9.0,2015.0
97,The Simpsons,27,2,TV Series,6.5,1178,8.7,432638,22.0,"Animation ,Comedy",4.0,10.0,2015.0
97,The Simpsons,27,3,TV Series,6.9,1163,8.7,432638,22.0,"Animation ,Comedy",11.0,10.0,2015.0
97,The Simpsons,27,4,TV Series,7.6,1624,8.7,432638,22.0,"Animation ,Comedy",18.0,10.0,2015.0
97,The Simpsons,27,5,TV Series,6.5,1318,8.7,432638,22.0,"Animation ,Comedy",25.0,10.0,2015.0
97,The Simpsons,27,6,TV Series,6.6,1038,8.7,432638,22.0,"Animation ,Comedy",8.0,11.0,2015.0
97,The Simpsons,27,7,TV Series,5.9,1057,8.7,432638,22.0,"Animation ,Comedy",22.0,11.0,2015.0
97,The Simpsons,27,8,TV Series,6.8,1029,8.7,432638,22.0,"Animation ,Comedy",6.0,12.0,2015.0
97,The Simpsons,27,9,TV Series,8.4,2351,8.7,432638,22.0,"Animation ,Comedy",13.0,12.0,2015.0
97,The Simpsons,27,10,TV Series,6.6,1134,8.7,432638,22.0,"Animation ,Comedy",3.0,1.0,2016.0
97,The Simpsons,27,11,TV Series,6.5,1063,8.7,432638,22.0,"Animation ,Comedy",10.0,1.0,2016.0
97,The Simpsons,27,12,TV Series,6.5,1012,8.7,432638,22.0,"Animation ,Comedy",17.0,1.0,2016.0
97,The Simpsons,27,13,TV Series,6.3,973,8.7,432638,22.0,"Animation ,Comedy",14.0,2.0,2016.0
97,The Simpsons,27,14,TV Series,6.5,1097,8.7,432638,22.0,"Animation ,Comedy",21.0,2.0,2016.0
97,The Simpsons,27,15,TV Series,6.4,982,8.7,432638,22.0,"Animation ,Comedy",6.0,3.0,2016.0
97,The Simpsons,27,16,TV Series,7.0,1064,8.7,432638,22.0,"Animation ,Comedy",13.0,3.0,2016.0
97,The Simpsons,27,17,TV Series,6.4,975,8.7,432638,22.0,"Animation ,Comedy",3.0,4.0,2016.0
97,The Simpsons,27,18,TV Series,6.2,923,8.7,432638,22.0,"Animation ,Comedy",10.0,4.0,2016.0
97,The Simpsons,27,19,TV Series,7.1,1065,8.7,432638,22.0,"Animation ,Comedy",24.0,4.0,2016.0
97,The Simpsons,27,20,TV Series,6.7,916,8.7,432638,22.0,"Animation ,Comedy",8.0,5.0,2016.0
97,The Simpsons,27,21,TV Series,6.3,939,8.7,432638,22.0,"Animation ,Comedy",15.0,5.0,2016.0
97,The Simpsons,27,22,TV Series,6.6,972,8.7,432638,22.0,"Animation ,Comedy",22.0,5.0,2016.0
97,The Simpsons,28,1,TV Series,6.1,1069,8.7,432638,22.0,"Animation ,Comedy",25.0,9.0,2016.0
97,The Simpsons,28,2,TV Series,6.6,1027,8.7,432638,22.0,"Animation ,Comedy",2.0,10.0,2016.0
97,The Simpsons,28,3,TV Series,7.0,1150,8.7,432638,22.0,"Animation ,Comedy",9.0,10.0,2016.0
97,The Simpsons,28,4,TV Series,6.8,1286,8.7,432638,22.0,"Animation ,Comedy",16.0,10.0,2016.0
97,The Simpsons,28,5,TV Series,6.3,954,8.7,432638,22.0,"Animation ,Comedy",23.0,10.0,2016.0
97,The Simpsons,28,6,TV Series,6.6,959,8.7,432638,22.0,"Animation ,Comedy",6.0,11.0,2016.0
97,The Simpsons,28,7,TV Series,6.2,944,8.7,432638,22.0,"Animation ,Comedy",13.0,11.0,2016.0
97,The Simpsons,28,8,TV Series,6.5,921,8.7,432638,22.0,"Animation ,Comedy",20.0,11.0,2016.0
97,The Simpsons,28,9,TV Series,6.4,882,8.7,432638,22.0,"Animation ,Comedy",4.0,12.0,2016.0
97,The Simpsons,28,10,TV Series,5.9,970,8.7,432638,22.0,"Animation ,Comedy",11.0,12.0,2016.0
97,The Simpsons,28,11,TV Series,6.7,942,8.7,432638,22.0,"Animation ,Comedy",8.0,1.0,2017.0
97,The Simpsons,28,12,TV Series,6.2,1139,8.7,432638,22.0,"Animation ,Comedy",15.0,1.0,2017.0
97,The Simpsons,28,14,TV Series,6.4,910,8.7,432638,22.0,"Animation ,Comedy",12.0,2.0,2017.0
97,The Simpsons,28,15,TV Series,6.5,922,8.7,432638,22.0,"Animation ,Comedy",19.0,2.0,2017.0
97,The Simpsons,28,16,TV Series,6.5,912,8.7,432638,22.0,"Animation ,Comedy",5.0,3.0,2017.0
97,The Simpsons,28,17,TV Series,6.5,953,8.7,432638,22.0,"Animation ,Comedy",12.0,3.0,2017.0
97,The Simpsons,28,18,TV Series,6.8,924,8.7,432638,22.0,"Animation ,Comedy",19.0,3.0,2017.0
97,The Simpsons,28,19,TV Series,6.1,940,8.7,432638,22.0,"Animation ,Comedy",2.0,4.0,2017.0
97,The Simpsons,28,20,TV Series,6.8,919,8.7,432638,22.0,"Animation ,Comedy",30.0,4.0,2017.0
97,The Simpsons,28,21,TV Series,6.1,862,8.7,432638,22.0,"Animation ,Comedy",7.0,5.0,2017.0
97,The Simpsons,28,22,TV Series,6.4,862,8.7,432638,22.0,"Animation ,Comedy",21.0,5.0,2017.0
97,The Simpsons,29,1,TV Series,6.8,1393,8.7,432638,22.0,"Animation ,Comedy",1.0,10.0,2017.0
97,The Simpsons,29,2,TV Series,6.6,1101,8.7,432638,22.0,"Animation ,Comedy",8.0,10.0,2017.0
97,The Simpsons,29,3,TV Series,6.2,998,8.7,432638,22.0,"Animation ,Comedy",15.0,10.0,2017.0
97,The Simpsons,29,4,TV Series,7.1,1395,8.7,432638,22.0,"Animation ,Comedy",22.0,10.0,2017.0
97,The Simpsons,29,5,TV Series,6.4,957,8.7,432638,22.0,"Animation ,Comedy",5.0,11.0,2017.0
97,The Simpsons,29,6,TV Series,6.3,971,8.7,432638,22.0,"Animation ,Comedy",12.0,11.0,2017.0
97,The Simpsons,29,7,TV Series,6.4,961,8.7,432638,22.0,"Animation ,Comedy",19.0,11.0,2017.0
97,The Simpsons,29,8,TV Series,6.8,1056,8.7,432638,22.0,"Animation ,Comedy",3.0,12.0,2017.0
97,The Simpsons,29,9,TV Series,7.2,1167,8.7,432638,22.0,"Animation ,Comedy",10.0,12.0,2017.0
97,The Simpsons,29,10,TV Series,6.5,1000,8.7,432638,22.0,"Animation ,Comedy",7.0,1.0,2018.0
97,The Simpsons,29,11,TV Series,6.3,907,8.7,432638,22.0,"Animation ,Comedy",14.0,1.0,2018.0
97,The Simpsons,29,12,TV Series,6.7,1004,8.7,432638,22.0,"Animation ,Comedy",18.0,3.0,2018.0
97,The Simpsons,29,13,TV Series,6.6,904,8.7,432638,22.0,"Animation ,Comedy",25.0,3.0,2018.0
97,The Simpsons,29,14,TV Series,6.0,862,8.7,432638,22.0,"Animation ,Comedy",1.0,4.0,2018.0
97,The Simpsons,29,15,TV Series,6.3,881,8.7,432638,22.0,"Animation ,Comedy",8.0,4.0,2018.0
97,The Simpsons,29,16,TV Series,6.3,852,8.7,432638,22.0,"Animation ,Comedy",15.0,4.0,2018.0
97,The Simpsons,29,17,TV Series,6.7,939,8.7,432638,22.0,"Animation ,Comedy",22.0,4.0,2018.0
97,The Simpsons,29,18,TV Series,7.0,940,8.7,432638,22.0,"Animation ,Comedy",29.0,4.0,2018.0
97,The Simpsons,29,19,TV Series,6.6,874,8.7,432638,22.0,"Animation ,Comedy",6.0,5.0,2018.0
97,The Simpsons,29,20,TV Series,6.7,957,8.7,432638,22.0,"Animation ,Comedy",13.0,5.0,2018.0
97,The Simpsons,29,21,TV Series,7.6,1280,8.7,432638,22.0,"Animation ,Comedy",20.0,5.0,2018.0
97,The Simpsons,30,1,TV Series,6.3,1193,8.7,432638,22.0,"Animation ,Comedy",30.0,9.0,2018.0
97,The Simpsons,30,2,TV Series,6.2,1077,8.7,432638,22.0,"Animation ,Comedy",7.0,10.0,2018.0
97,The Simpsons,30,3,TV Series,6.3,1035,8.7,432638,22.0,"Animation ,Comedy",14.0,10.0,2018.0
97,The Simpsons,30,4,TV Series,6.0,1202,8.7,432638,22.0,"Animation ,Comedy",21.0,10.0,2018.0
97,The Simpsons,30,5,TV Series,7.0,993,8.7,432638,22.0,"Animation ,Comedy",4.0,11.0,2018.0
97,The Simpsons,30,6,TV Series,6.5,926,8.7,432638,22.0,"Animation ,Comedy",11.0,11.0,2018.0
97,The Simpsons,30,7,TV Series,5.9,1107,8.7,432638,22.0,"Animation ,Comedy",18.0,11.0,2018.0
97,The Simpsons,30,8,TV Series,6.5,894,8.7,432638,22.0,"Animation ,Comedy",25.0,11.0,2018.0
97,The Simpsons,30,9,TV Series,6.8,904,8.7,432638,22.0,"Animation ,Comedy",2.0,12.0,2018.0
97,The Simpsons,30,10,TV Series,6.7,907,8.7,432638,22.0,"Animation ,Comedy",9.0,12.0,2018.0
97,The Simpsons,30,11,TV Series,6.0,1054,8.7,432638,22.0,"Animation ,Comedy",6.0,1.0,2019.0
97,The Simpsons,30,12,TV Series,6.5,933,8.7,432638,22.0,"Animation ,Comedy",13.0,1.0,2019.0
97,The Simpsons,30,13,TV Series,6.8,925,8.7,432638,22.0,"Animation ,Comedy",10.0,2.0,2019.0
97,The Simpsons,30,14,TV Series,6.2,844,8.7,432638,22.0,"Animation ,Comedy",17.0,2.0,2019.0
97,The Simpsons,30,15,TV Series,6.5,807,8.7,432638,22.0,"Animation ,Comedy",3.0,3.0,2019.0
97,The Simpsons,30,16,TV Series,5.8,819,8.7,432638,22.0,"Animation ,Comedy",10.0,3.0,2019.0
97,The Simpsons,30,17,TV Series,6.4,899,8.7,432638,22.0,"Animation ,Comedy",17.0,3.0,2019.0
97,The Simpsons,30,18,TV Series,5.0,1686,8.7,432638,22.0,"Animation ,Comedy",24.0,3.0,2019.0
97,The Simpsons,30,19,TV Series,6.5,861,8.7,432638,22.0,"Animation ,Comedy",31.0,3.0,2019.0
97,The Simpsons,30,20,TV Series,5.6,868,8.7,432638,22.0,"Animation ,Comedy",7.0,4.0,2019.0
97,The Simpsons,30,21,TV Series,5.8,1010,8.7,432638,22.0,"Animation ,Comedy",28.0,4.0,2019.0
97,The Simpsons,30,22,TV Series,6.2,847,8.7,432638,22.0,"Animation ,Comedy",5.0,5.0,2019.0
97,The Simpsons,30,23,TV Series,6.2,827,8.7,432638,22.0,"Animation ,Comedy",12.0,5.0,2019.0
97,The Simpsons,31,1,TV Series,5.9,1147,8.7,432638,22.0,"Animation ,Comedy",29.0,9.0,2019.0
97,The Simpsons,31,2,TV Series,6.0,1059,8.7,432638,22.0,"Animation ,Comedy",6.0,10.0,2019.0
97,The Simpsons,31,3,TV Series,6.5,943,8.7,432638,22.0,"Animation ,Comedy",13.0,10.0,2019.0
97,The Simpsons,31,4,TV Series,6.8,1215,8.7,432638,22.0,"Animation ,Comedy",20.0,10.0,2019.0
97,The Simpsons,31,5,TV Series,6.3,877,8.7,432638,22.0,"Animation ,Comedy",3.0,11.0,2019.0
97,The Simpsons,31,6,TV Series,5.7,995,8.7,432638,22.0,"Animation ,Comedy",10.0,11.0,2019.0
97,The Simpsons,31,7,TV Series,6.6,943,8.7,432638,22.0,"Animation ,Comedy",17.0,11.0,2019.0
97,The Simpsons,31,8,TV Series,7.3,1180,8.7,432638,22.0,"Animation ,Comedy",24.0,11.0,2019.0
97,The Simpsons,31,9,TV Series,6.5,1035,8.7,432638,22.0,"Animation ,Comedy",1.0,12.0,2019.0
97,The Simpsons,31,10,TV Series,6.5,871,8.7,432638,22.0,"Animation ,Comedy",15.0,12.0,2019.0
97,The Simpsons,31,11,TV Series,6.1,783,8.7,432638,22.0,"Animation ,Comedy",5.0,1.0,2020.0
97,The Simpsons,31,12,TV Series,6.5,795,8.7,432638,22.0,"Animation ,Comedy",16.0,2.0,2020.0
97,The Simpsons,31,13,TV Series,6.0,774,8.7,432638,22.0,"Animation ,Comedy",23.0,2.0,2020.0
97,The Simpsons,31,14,TV Series,7.2,1032,8.7,432638,22.0,"Animation ,Comedy",1.0,3.0,2020.0
97,The Simpsons,31,15,TV Series,6.5,782,8.7,432638,22.0,"Animation ,Comedy",8.0,3.0,2020.0
97,The Simpsons,31,16,TV Series,6.5,751,8.7,432638,22.0,"Animation ,Comedy",15.0,3.0,2020.0
97,The Simpsons,31,17,TV Series,6.9,832,8.7,432638,22.0,"Animation ,Comedy",22.0,3.0,2020.0
97,The Simpsons,31,18,TV Series,6.4,736,8.7,432638,22.0,"Animation ,Comedy",19.0,4.0,2020.0
97,The Simpsons,31,19,TV Series,6.1,849,8.7,432638,22.0,"Animation ,Comedy",26.0,4.0,2020.0
97,The Simpsons,31,20,TV Series,5.8,808,8.7,432638,22.0,"Animation ,Comedy",3.0,5.0,2020.0
97,The Simpsons,31,21,TV Series,6.6,811,8.7,432638,22.0,"Animation ,Comedy",10.0,5.0,2020.0
97,The Simpsons,31,22,TV Series,7.5,988,8.7,432638,22.0,"Animation ,Comedy",17.0,5.0,2020.0
97,The Simpsons,32,1,TV Series,6.5,1071,8.7,432638,22.0,"Animation ,Comedy",27.0,9.0,2020.0
97,The Simpsons,32,2,TV Series,6.8,1046,8.7,432638,22.0,"Animation ,Comedy",4.0,10.0,2020.0
97,The Simpsons,32,3,TV Series,5.8,923,8.7,432638,22.0,"Animation ,Comedy",11.0,10.0,2020.0
97,The Simpsons,32,4,TV Series,6.4,1315,8.7,432638,22.0,"Animation ,Comedy",1.0,11.0,2020.0
97,The Simpsons,32,5,TV Series,5.8,932,8.7,432638,22.0,"Animation ,Comedy",8.0,11.0,2020.0
97,The Simpsons,32,6,TV Series,6.7,865,8.7,432638,22.0,"Animation ,Comedy",15.0,11.0,2020.0
97,The Simpsons,32,7,TV Series,6.3,798,8.7,432638,22.0,"Animation ,Comedy",22.0,11.0,2020.0
97,The Simpsons,32,8,TV Series,6.6,944,8.7,432638,22.0,"Animation ,Comedy",29.0,11.0,2020.0
97,The Simpsons,32,9,TV Series,6.3,809,8.7,432638,22.0,"Animation ,Comedy",6.0,12.0,2020.0
97,The Simpsons,32,10,TV Series,6.3,909,8.7,432638,22.0,"Animation ,Comedy",13.0,12.0,2020.0
97,The Simpsons,32,11,TV Series,7.1,1032,8.7,432638,22.0,"Animation ,Comedy",3.0,1.0,2021.0
97,The Simpsons,32,12,TV Series,6.9,893,8.7,432638,22.0,"Animation ,Comedy",21.0,2.0,2021.0
97,The Simpsons,32,13,TV Series,6.3,773,8.7,432638,22.0,"Animation ,Comedy",28.0,2.0,2021.0
97,The Simpsons,32,14,TV Series,5.6,727,8.7,432638,22.0,"Animation ,Comedy",7.0,3.0,2021.0
97,The Simpsons,32,15,TV Series,5.9,755,8.7,432638,22.0,"Animation ,Comedy",14.0,3.0,2021.0
97,The Simpsons,32,16,TV Series,6.4,723,8.7,432638,22.0,"Animation ,Comedy",21.0,3.0,2021.0
97,The Simpsons,32,17,TV Series,6.5,759,8.7,432638,22.0,"Animation ,Comedy",28.0,3.0,2021.0
97,The Simpsons,32,18,TV Series,6.7,703,8.7,432638,22.0,"Animation ,Comedy",11.0,4.0,2021.0
97,The Simpsons,32,19,TV Series,6.4,868,8.7,432638,22.0,"Animation ,Comedy",18.0,4.0,2021.0
97,The Simpsons,32,20,TV Series,6.8,700,8.7,432638,22.0,"Animation ,Comedy",9.0,5.0,2021.0
97,The Simpsons,32,21,TV Series,6.3,645,8.7,432638,22.0,"Animation ,Comedy",16.0,5.0,2021.0
97,The Simpsons,32,22,TV Series,7.4,823,8.7,432638,22.0,"Animation ,Comedy",23.0,5.0,2021.0
97,The Simpsons,33,1,TV Series,4.4,1462,8.7,432638,22.0,"Animation ,Comedy",26.0,9.0,2021.0
97,The Simpsons,33,2,TV Series,7.0,960,8.7,432638,22.0,"Animation ,Comedy",3.0,10.0,2021.0
97,The Simpsons,33,3,TV Series,6.7,1041,8.7,432638,22.0,"Animation ,Comedy",10.0,10.0,2021.0
97,The Simpsons,33,4,TV Series,6.7,814,8.7,432638,22.0,"Animation ,Comedy",17.0,10.0,2021.0
97,The Simpsons,33,5,TV Series,6.8,938,8.7,432638,22.0,"Animation ,Comedy",24.0,10.0,2021.0
97,The Simpsons,33,6,TV Series,8.2,1478,8.7,432638,22.0,"Animation ,Comedy",7.0,11.0,2021.0
97,The Simpsons,33,7,TV Series,8.2,1253,8.7,432638,22.0,"Animation ,Comedy",14.0,11.0,2021.0
97,The Simpsons,33,8,TV Series,6.3,867,8.7,432638,22.0,"Animation ,Comedy",21.0,11.0,2021.0
97,The Simpsons,33,9,TV Series,6.3,701,8.7,432638,22.0,"Animation ,Comedy",28.0,11.0,2021.0
97,The Simpsons,33,10,TV Series,6.9,700,8.7,432638,22.0,"Animation ,Comedy",19.0,12.0,2021.0
97,The Simpsons,33,11,TV Series,5.8,677,8.7,432638,22.0,"Animation ,Comedy",2.0,1.0,2022.0
97,The Simpsons,33,12,TV Series,7.7,1025,8.7,432638,22.0,"Animation ,Comedy",27.0,2.0,2022.0
97,The Simpsons,33,13,TV Series,6.7,719,8.7,432638,22.0,"Animation ,Comedy",6.0,3.0,2022.0
97,The Simpsons,33,14,TV Series,6.5,689,8.7,432638,22.0,"Animation ,Comedy",13.0,3.0,2022.0
97,The Simpsons,33,15,TV Series,6.4,683,8.7,432638,22.0,"Animation ,Comedy",20.0,3.0,2022.0
97,The Simpsons,33,16,TV Series,6.3,622,8.7,432638,22.0,"Animation ,Comedy",27.0,3.0,2022.0
97,The Simpsons,33,17,TV Series,5.9,678,8.7,432638,22.0,"Animation ,Comedy",10.0,4.0,2022.0
97,The Simpsons,33,18,TV Series,6.6,655,8.7,432638,22.0,"Animation ,Comedy",24.0,4.0,2022.0
97,The Simpsons,33,19,TV Series,6.6,633,8.7,432638,22.0,"Animation ,Comedy",1.0,5.0,2022.0
97,The Simpsons,33,20,TV Series,6.7,604,8.7,432638,22.0,"Animation ,Comedy",8.0,5.0,2022.0
97,The Simpsons,33,21,TV Series,6.1,656,8.7,432638,22.0,"Animation ,Comedy",15.0,5.0,2022.0
97,The Simpsons,33,22,TV Series,6.0,1003,8.7,432638,22.0,"Animation ,Comedy",22.0,5.0,2022.0
97,The Simpsons,34,1,TV Series,6.5,846,8.7,432638,22.0,"Animation ,Comedy",25.0,9.0,2022.0
97,The Simpsons,34,2,TV Series,6.3,721,8.7,432638,22.0,"Animation ,Comedy",2.0,10.0,2022.0
97,The Simpsons,34,3,TV Series,6.6,930,8.7,432638,22.0,"Animation ,Comedy",9.0,10.0,2022.0
97,The Simpsons,34,4,TV Series,6.4,659,8.7,432638,22.0,"Animation ,Comedy",16.0,10.0,2022.0
97,The Simpsons,34,5,TV Series,7.5,1019,8.7,432638,22.0,"Animation ,Comedy",23.0,10.0,2022.0
97,The Simpsons,34,6,TV Series,8.3,1501,8.7,432638,22.0,"Animation ,Comedy",30.0,10.0,2022.0
97,The Simpsons,34,7,TV Series,6.4,631,8.7,432638,22.0,"Animation ,Comedy",13.0,11.0,2022.0
97,The Simpsons,34,8,TV Series,6.5,596,8.7,432638,22.0,"Animation ,Comedy",20.0,11.0,2022.0
97,The Simpsons,34,9,TV Series,5.8,680,8.7,432638,22.0,"Animation ,Comedy",27.0,11.0,2022.0
97,The Simpsons,34,10,TV Series,6.6,616,8.7,432638,22.0,"Animation ,Comedy",4.0,12.0,2022.0
97,The Simpsons,34,11,TV Series,6.7,596,8.7,432638,22.0,"Animation ,Comedy",11.0,12.0,2022.0
97,The Simpsons,34,12,TV Series,5.9,675,8.7,432638,22.0,"Animation ,Comedy",1.0,1.0,2023.0
97,The Simpsons,34,13,TV Series,6.5,548,8.7,432638,22.0,"Animation ,Comedy",19.0,2.0,2023.0
97,The Simpsons,34,14,TV Series,6.1,636,8.7,432638,22.0,"Animation ,Comedy",26.0,2.0,2023.0
97,The Simpsons,34,15,TV Series,6.8,560,8.7,432638,22.0,"Animation ,Comedy",5.0,3.0,2023.0
97,The Simpsons,34,16,TV Series,5.9,614,8.7,432638,22.0,"Animation ,Comedy",12.0,3.0,2023.0
97,The Simpsons,34,17,TV Series,6.4,518,8.7,432638,22.0,"Animation ,Comedy",19.0,3.0,2023.0
97,The Simpsons,34,18,TV Series,5.4,582,8.7,432638,22.0,"Animation ,Comedy",23.0,4.0,2023.0
97,The Simpsons,34,19,TV Series,5.9,500,8.7,432638,22.0,"Animation ,Comedy",30.0,4.0,2023.0
97,The Simpsons,34,20,TV Series,6.7,498,8.7,432638,22.0,"Animation ,Comedy",7.0,5.0,2023.0
97,The Simpsons,34,21,TV Series,6.3,453,8.7,432638,22.0,"Animation ,Comedy",14.0,5.0,2023.0
97,The Simpsons,34,22,TV Series,5.8,639,8.7,432638,22.0,"Animation ,Comedy",21.0,5.0,2023.0
97,The Simpsons,35,1,TV Series,6.7,515,8.7,432638,22.0,"Animation ,Comedy",1.0,10.0,2023.0
97,The Simpsons,35,2,TV Series,7.1,531,8.7,432638,22.0,"Animation ,Comedy",8.0,10.0,2023.0
97,The Simpsons,35,3,TV Series,6.3,376,8.7,432638,22.0,"Animation ,Comedy",22.0,10.0,2023.0
97,The Simpsons,35,4,TV Series,5.9,400,8.7,432638,22.0,"Animation ,Comedy",29.0,10.0,2023.0
97,The Simpsons,35,5,TV Series,6.8,481,8.7,432638,22.0,"Animation ,Comedy",5.0,11.0,2023.0
97,The Simpsons,35,6,TV Series,6.7,337,8.7,432638,22.0,"Animation ,Comedy",12.0,11.0,2023.0
97,The Simpsons,35,7,TV Series,6.4,323,8.7,432638,22.0,"Animation ,Comedy",19.0,11.0,2023.0
97,The Simpsons,35,8,TV Series,6.2,303,8.7,432638,22.0,"Animation ,Comedy",3.0,12.0,2023.0
97,The Simpsons,35,9,TV Series,6.6,271,8.7,432638,22.0,"Animation ,Comedy",17.0,12.0,2023.0
97,The Simpsons,35,10,TV Series,6.3,268,8.7,432638,22.0,"Animation ,Comedy",24.0,12.0,2023.0
97,The Simpsons,35,11,TV Series,5.9,161,8.7,432638,22.0,"Animation ,Comedy",18.0,2.0,2024.0
97,The Simpsons,35,12,TV Series,7.7,0,8.7,432638,22.0,"Animation ,Comedy",25.0,2.0,2024.0
97,The Simpsons,36,1,TV Series,7.7,0,8.7,432638,22.0,"Animation ,Comedy",35.0,15.0,2024.0
97,The Simpsons,2,12,TV Series,8.2,4094,8.7,432638,22.0,"Animation ,Comedy",31.0,1.0,1991.0
97,The Simpsons,2,13,TV Series,8.0,3830,8.7,432638,22.0,"Animation ,Comedy",7.0,2.0,1991.0
97,The Simpsons,2,14,TV Series,7.4,3660,8.7,432638,22.0,"Animation ,Comedy",14.0,2.0,1991.0
97,The Simpsons,2,15,TV Series,8.3,4094,8.7,432638,22.0,"Animation ,Comedy",21.0,2.0,1991.0
97,The Simpsons,2,16,TV Series,7.4,3602,8.7,432638,22.0,"Animation ,Comedy",7.0,3.0,1991.0
97,The Simpsons,2,17,TV Series,7.6,3600,8.7,432638,22.0,"Animation ,Comedy",28.0,3.0,1991.0
97,The Simpsons,2,18,TV Series,7.9,3653,8.7,432638,22.0,"Animation ,Comedy",11.0,4.0,1991.0
97,The Simpsons,2,2,TV Series,8.2,5025,8.7,432638,22.0,"Animation ,Comedy",18.0,10.0,1990.0
97,The Simpsons,2,3,TV Series,8.2,5277,8.7,432638,22.0,"Animation ,Comedy",25.0,10.0,1990.0
97,The Simpsons,3,13,TV Series,8.5,3879,8.7,432638,22.0,"Animation ,Comedy",9.0,1.0,1992.0
97,The Simpsons,3,14,TV Series,8.0,3382,8.7,432638,22.0,"Animation ,Comedy",23.0,1.0,1992.0
97,The Simpsons,3,15,TV Series,8.0,3384,8.7,432638,22.0,"Animation ,Comedy",6.0,2.0,1992.0
97,The Simpsons,3,16,TV Series,8.3,3933,8.7,432638,22.0,"Animation ,Comedy",13.0,2.0,1992.0
97,The Simpsons,3,17,TV Series,8.7,4645,8.7,432638,22.0,"Animation ,Comedy",20.0,2.0,1992.0
97,The Simpsons,3,18,TV Series,8.2,3417,8.7,432638,22.0,"Animation ,Comedy",27.0,2.0,1992.0
97,The Simpsons,2,9,TV Series,8.1,4384,8.7,432638,22.0,"Animation ,Comedy",20.0,12.0,1990.0
97,The Simpsons,2,10,TV Series,7.8,3886,8.7,432638,22.0,"Animation ,Comedy",10.0,1.0,1991.0
97,The Simpsons,2,11,TV Series,8.8,5187,8.7,432638,22.0,"Animation ,Comedy",24.0,1.0,1991.0
97,The Simpsons,4,3,TV Series,8.9,5101,8.7,432638,22.0,"Animation ,Comedy",8.0,10.0,1992.0
97,The Simpsons,4,4,TV Series,7.7,3371,8.7,432638,22.0,"Animation ,Comedy",15.0,10.0,1992.0
97,The Simpsons,4,5,TV Series,8.4,4022,8.7,432638,22.0,"Animation ,Comedy",29.0,10.0,1992.0
97,The Simpsons,4,6,TV Series,8.2,3599,8.7,432638,22.0,"Animation ,Comedy",3.0,11.0,1992.0
97,The Simpsons,4,7,TV Series,7.8,3250,8.7,432638,22.0,"Animation ,Comedy",5.0,11.0,1992.0
97,The Simpsons,4,8,TV Series,8.2,3537,8.7,432638,22.0,"Animation ,Comedy",12.0,11.0,1992.0
97,The Simpsons,4,9,TV Series,8.8,4487,8.7,432638,22.0,"Animation ,Comedy",19.0,11.0,1992.0
97,The Simpsons,4,10,TV Series,8.7,3839,8.7,432638,22.0,"Animation ,Comedy",3.0,12.0,1992.0
97,The Simpsons,3,3,TV Series,8.2,3905,8.7,432638,22.0,"Animation ,Comedy",3.0,10.0,1991.0
97,The Simpsons,3,4,TV Series,8.6,4580,8.7,432638,22.0,"Animation ,Comedy",10.0,10.0,1991.0
97,The Simpsons,3,5,TV Series,8.4,4317,8.7,432638,22.0,"Animation ,Comedy",17.0,10.0,1991.0
97,The Simpsons,3,6,TV Series,7.6,3589,8.7,432638,22.0,"Animation ,Comedy",24.0,10.0,1991.0
97,The Simpsons,3,7,TV Series,8.2,4103,8.7,432638,22.0,"Animation ,Comedy",31.0,10.0,1991.0
97,The Simpsons,1,12,TV Series,8.3,4969,8.7,432638,22.0,"Animation ,Comedy",29.0,4.0,1990.0
97,The Simpsons,1,13,TV Series,7.7,4870,8.7,432638,22.0,"Animation ,Comedy",13.0,5.0,1990.0
97,The Simpsons,2,1,TV Series,8.2,4992,8.7,432638,22.0,"Animation ,Comedy",11.0,10.0,1990.0
97,The Simpsons,1,2,TV Series,7.7,5911,8.7,432638,22.0,"Animation ,Comedy",14.0,1.0,1990.0
97,The Simpsons,1,5,TV Series,7.9,5465,8.7,432638,22.0,"Animation ,Comedy",4.0,2.0,1990.0
97,The Simpsons,2,20,TV Series,7.8,3559,8.7,432638,22.0,"Animation ,Comedy",2.0,5.0,1991.0
97,The Simpsons,2,21,TV Series,8.2,4188,8.7,432638,22.0,"Animation ,Comedy",9.0,5.0,1991.0
97,The Simpsons,2,22,TV Series,7.8,3501,8.7,432638,22.0,"Animation ,Comedy",11.0,7.0,1991.0
97,The Simpsons,3,1,TV Series,8.6,4930,8.7,432638,22.0,"Animation ,Comedy",19.0,9.0,1991.0
97,The Simpsons,3,2,TV Series,7.7,3737,8.7,432638,22.0,"Animation ,Comedy",26.0,9.0,1991.0
97,The Simpsons,1,6,TV Series,7.6,5011,8.7,432638,22.0,"Animation ,Comedy",11.0,2.0,1990.0
97,The Simpsons,1,7,TV Series,7.7,4814,8.7,432638,22.0,"Animation ,Comedy",18.0,2.0,1990.0
97,The Simpsons,1,8,TV Series,7.6,4638,8.7,432638,22.0,"Animation ,Comedy",25.0,2.0,1990.0
97,The Simpsons,1,9,TV Series,7.4,4608,8.7,432638,22.0,"Animation ,Comedy",18.0,3.0,1990.0
97,The Simpsons,1,10,TV Series,7.3,4461,8.7,432638,22.0,"Animation ,Comedy",25.0,3.0,1990.0
97,The Simpsons,1,11,TV Series,7.7,4521,8.7,432638,22.0,"Animation ,Comedy",15.0,4.0,1990.0
97,The Simpsons,3,24,TV Series,8.2,3444,8.7,432638,22.0,"Animation ,Comedy",27.0,8.0,1992.0
97,The Simpsons,4,1,TV Series,8.5,4064,8.7,432638,22.0,"Animation ,Comedy",24.0,9.0,1992.0
97,The Simpsons,4,2,TV Series,8.1,3697,8.7,432638,22.0,"Animation ,Comedy",1.0,10.0,1992.0
97,The Simpsons,2,8,TV Series,8.3,4342,8.7,432638,22.0,"Animation ,Comedy",6.0,12.0,1990.0
97,The Simpsons,1,4,TV Series,7.6,5150,8.7,432638,22.0,"Animation ,Comedy",28.0,1.0,1990.0
97,The Simpsons,5,4,TV Series,8.8,4365,8.7,432638,22.0,"Animation ,Comedy",21.0,10.0,1993.0
98,Berserk,1,9,TV Series,7.7,794,8.7,51320,23.0,"Animation ,Action ,Adventure",2.0,12.0,1997.0
98,Berserk,1,12,TV Series,8.3,836,8.7,51320,23.0,"Animation ,Action ,Adventure",23.0,12.0,1997.0
98,Berserk,1,13,TV Series,8.2,835,8.7,51320,23.0,"Animation ,Action ,Adventure",6.0,1.0,1998.0
98,Berserk,1,14,TV Series,8.1,833,8.7,51320,23.0,"Animation ,Action ,Adventure",13.0,1.0,1998.0
98,Berserk,1,15,TV Series,7.7,768,8.7,51320,23.0,"Animation ,Action ,Adventure",20.0,1.0,1998.0
98,Berserk,1,16,TV Series,8.2,799,8.7,51320,23.0,"Animation ,Action ,Adventure",27.0,1.0,1998.0
98,Berserk,1,10,TV Series,8.8,976,8.7,51320,23.0,"Animation ,Action ,Adventure",9.0,12.0,1997.0
98,Berserk,1,11,TV Series,7.8,786,8.7,51320,23.0,"Animation ,Action ,Adventure",16.0,12.0,1997.0
98,Berserk,1,1,TV Series,7.6,1165,8.7,51320,23.0,"Animation ,Action ,Adventure",7.0,10.0,1997.0
98,Berserk,1,2,TV Series,7.6,1016,8.7,51320,23.0,"Animation ,Action ,Adventure",14.0,10.0,1997.0
98,Berserk,1,3,TV Series,7.7,942,8.7,51320,23.0,"Animation ,Action ,Adventure",21.0,10.0,1997.0
98,Berserk,1,4,TV Series,7.7,888,8.7,51320,23.0,"Animation ,Action ,Adventure",28.0,10.0,1997.0
98,Berserk,1,5,TV Series,7.5,855,8.7,51320,23.0,"Animation ,Action ,Adventure",4.0,11.0,1997.0
98,Berserk,1,6,TV Series,8.5,969,8.7,51320,23.0,"Animation ,Action ,Adventure",11.0,11.0,1997.0
98,Berserk,1,7,TV Series,7.3,820,8.7,51320,23.0,"Animation ,Action ,Adventure",18.0,11.0,1997.0
98,Berserk,1,17,TV Series,7.8,774,8.7,51320,23.0,"Animation ,Action ,Adventure",3.0,2.0,1998.0
98,Berserk,1,18,TV Series,8.2,786,8.7,51320,23.0,"Animation ,Action ,Adventure",10.0,2.0,1998.0
98,Berserk,1,19,TV Series,8.8,903,8.7,51320,23.0,"Animation ,Action ,Adventure",17.0,2.0,1998.0
98,Berserk,1,20,TV Series,7.7,762,8.7,51320,23.0,"Animation ,Action ,Adventure",24.0,2.0,1998.0
98,Berserk,1,21,TV Series,8.3,797,8.7,51320,23.0,"Animation ,Action ,Adventure",3.0,3.0,1998.0
98,Berserk,1,22,TV Series,8.8,872,8.7,51320,23.0,"Animation ,Action ,Adventure",10.0,3.0,1998.0
98,Berserk,1,23,TV Series,8.7,896,8.7,51320,23.0,"Animation ,Action ,Adventure",17.0,3.0,1998.0
98,Berserk,1,24,TV Series,9.0,1070,8.7,51320,23.0,"Animation ,Action ,Adventure",24.0,3.0,1998.0
98,Berserk,1,25,TV Series,9.4,1612,8.7,51320,23.0,"Animation ,Action ,Adventure",31.0,3.0,1998.0
98,Berserk,1,8,TV Series,7.5,794,8.7,51320,23.0,"Animation ,Action ,Adventure",25.0,11.0,1997.0
99,Arrested Development,2,18,TV Series,8.9,2394,8.7,322223,22.0,Comedy,17.0,4.0,2005.0
99,Arrested Development,3,1,TV Series,8.6,2302,8.7,322223,22.0,Comedy,19.0,9.0,2005.0
99,Arrested Development,3,2,TV Series,8.3,2273,8.7,322223,22.0,Comedy,26.0,9.0,2005.0
99,Arrested Development,3,3,TV Series,8.6,2306,8.7,322223,22.0,Comedy,3.0,10.0,2005.0
99,Arrested Development,3,4,TV Series,8.2,2255,8.7,322223,22.0,Comedy,7.0,11.0,2005.0
99,Arrested Development,3,5,TV Series,8.7,2449,8.7,322223,22.0,Comedy,7.0,11.0,2005.0
99,Arrested Development,3,6,TV Series,8.6,2290,8.7,322223,22.0,Comedy,5.0,12.0,2005.0
99,Arrested Development,3,7,TV Series,7.9,2119,8.7,322223,22.0,Comedy,12.0,12.0,2005.0
99,Arrested Development,4,11,TV Series,8.4,1678,8.7,322223,22.0,Comedy,26.0,5.0,2013.0
99,Arrested Development,4,12,TV Series,8.1,1498,8.7,322223,22.0,Comedy,26.0,5.0,2013.0
99,Arrested Development,4,13,TV Series,8.1,1511,8.7,322223,22.0,Comedy,26.0,5.0,2013.0
99,Arrested Development,2,13,TV Series,8.6,2403,8.7,322223,22.0,Comedy,13.0,3.0,2005.0
99,Arrested Development,2,14,TV Series,8.5,2312,8.7,322223,22.0,Comedy,20.0,3.0,2005.0
99,Arrested Development,2,15,TV Series,8.6,2362,8.7,322223,22.0,Comedy,27.0,3.0,2005.0
99,Arrested Development,4,1,TV Series,7.3,2369,8.7,322223,22.0,Comedy,30.0,9.0,2013.0
99,Arrested Development,4,2,TV Series,6.8,1956,8.7,322223,22.0,Comedy,26.0,5.0,2013.0
99,Arrested Development,4,14,TV Series,8.0,1507,8.7,322223,22.0,Comedy,26.0,5.0,2013.0
99,Arrested Development,4,15,TV Series,8.0,1559,8.7,322223,22.0,Comedy,26.0,5.0,2013.0
99,Arrested Development,5,1,TV Series,7.0,1260,8.7,322223,22.0,Comedy,29.0,5.0,2018.0
99,Arrested Development,3,8,TV Series,8.7,2353,8.7,322223,22.0,Comedy,19.0,12.0,2005.0
99,Arrested Development,3,9,TV Series,8.7,2407,8.7,322223,22.0,Comedy,2.0,1.0,2006.0
99,Arrested Development,3,10,TV Series,8.5,2171,8.7,322223,22.0,Comedy,10.0,2.0,2006.0
99,Arrested Development,1,19,TV Series,8.1,2496,8.7,322223,22.0,Comedy,4.0,4.0,2004.0
99,Arrested Development,1,20,TV Series,7.9,2469,8.7,322223,22.0,Comedy,11.0,4.0,2004.0
99,Arrested Development,1,21,TV Series,8.5,2542,8.7,322223,22.0,Comedy,25.0,4.0,2004.0
99,Arrested Development,1,22,TV Series,8.6,2605,8.7,322223,22.0,Comedy,6.0,6.0,2004.0
99,Arrested Development,2,1,TV Series,8.7,2584,8.7,322223,22.0,Comedy,7.0,11.0,2004.0
99,Arrested Development,4,3,TV Series,6.9,1845,8.7,322223,22.0,Comedy,26.0,5.0,2013.0
99,Arrested Development,4,4,TV Series,7.6,1733,8.7,322223,22.0,Comedy,26.0,5.0,2013.0
99,Arrested Development,4,5,TV Series,7.6,1729,8.7,322223,22.0,Comedy,26.0,5.0,2013.0
99,Arrested Development,4,6,TV Series,7.1,1581,8.7,322223,22.0,Comedy,26.0,5.0,2013.0
99,Arrested Development,4,7,TV Series,8.2,1782,8.7,322223,22.0,Comedy,26.0,5.0,2013.0
99,Arrested Development,4,8,TV Series,7.5,1539,8.7,322223,22.0,Comedy,26.0,5.0,2013.0
99,Arrested Development,4,9,TV Series,7.6,1514,8.7,322223,22.0,Comedy,26.0,5.0,2013.0
99,Arrested Development,4,10,TV Series,7.6,1509,8.7,322223,22.0,Comedy,26.0,5.0,2013.0
99,Arrested Development,5,2,TV Series,7.1,1113,8.7,322223,22.0,Comedy,29.0,5.0,2018.0
99,Arrested Development,5,3,TV Series,7.3,1066,8.7,322223,22.0,Comedy,29.0,5.0,2018.0
99,Arrested Development,5,15,TV Series,7.0,769,8.7,322223,22.0,Comedy,15.0,3.0,2019.0
99,Arrested Development,5,16,TV Series,7.7,970,8.7,322223,22.0,Comedy,15.0,3.0,2019.0
99,Arrested Development,2,9,TV Series,8.0,2269,8.7,322223,22.0,Comedy,30.0,1.0,2005.0
99,Arrested Development,2,10,TV Series,8.3,2414,8.7,322223,22.0,Comedy,13.0,2.0,2005.0
99,Arrested Development,2,11,TV Series,8.3,2254,8.7,322223,22.0,Comedy,6.0,3.0,2005.0
99,Arrested Development,2,12,TV Series,8.7,2376,8.7,322223,22.0,Comedy,6.0,3.0,2005.0
99,Arrested Development,1,3,TV Series,8.1,3340,8.7,322223,22.0,Comedy,16.0,11.0,2003.0
99,Arrested Development,1,4,TV Series,8.3,3196,8.7,322223,22.0,Comedy,23.0,11.0,2003.0
99,Arrested Development,2,2,TV Series,8.5,2523,8.7,322223,22.0,Comedy,14.0,11.0,2004.0
99,Arrested Development,2,3,TV Series,8.8,2694,8.7,322223,22.0,Comedy,21.0,11.0,2004.0
99,Arrested Development,2,4,TV Series,9.0,2852,8.7,322223,22.0,Comedy,5.0,12.0,2004.0
99,Arrested Development,2,5,TV Series,8.5,2395,8.7,322223,22.0,Comedy,12.0,12.0,2004.0
99,Arrested Development,2,6,TV Series,9.0,2943,8.7,322223,22.0,Comedy,19.0,12.0,2004.0
99,Arrested Development,2,7,TV Series,8.1,2298,8.7,322223,22.0,Comedy,16.0,1.0,2005.0
99,Arrested Development,2,8,TV Series,8.0,2258,8.7,322223,22.0,Comedy,23.0,1.0,2005.0
99,Arrested Development,2,16,TV Series,9.0,2717,8.7,322223,22.0,Comedy,3.0,4.0,2005.0
99,Arrested Development,2,17,TV Series,8.5,2253,8.7,322223,22.0,Comedy,10.0,4.0,2005.0
99,Arrested Development,5,4,TV Series,7.3,1034,8.7,322223,22.0,Comedy,29.0,5.0,2018.0
99,Arrested Development,5,5,TV Series,7.2,1015,8.7,322223,22.0,Comedy,29.0,5.0,2018.0
99,Arrested Development,5,6,TV Series,7.5,1019,8.7,322223,22.0,Comedy,29.0,5.0,2018.0
99,Arrested Development,5,7,TV Series,7.4,1001,8.7,322223,22.0,Comedy,29.0,5.0,2018.0
99,Arrested Development,5,8,TV Series,7.2,1003,8.7,322223,22.0,Comedy,29.0,5.0,2018.0
99,Arrested Development,5,9,TV Series,6.9,854,8.7,322223,22.0,Comedy,15.0,3.0,2019.0
99,Arrested Development,5,10,TV Series,6.9,804,8.7,322223,22.0,Comedy,15.0,3.0,2019.0
99,Arrested Development,5,11,TV Series,6.7,773,8.7,322223,22.0,Comedy,15.0,3.0,2019.0
99,Arrested Development,5,12,TV Series,7.3,786,8.7,322223,22.0,Comedy,15.0,3.0,2019.0
99,Arrested Development,5,13,TV Series,6.8,777,8.7,322223,22.0,Comedy,15.0,3.0,2019.0
99,Arrested Development,5,14,TV Series,6.6,773,8.7,322223,22.0,Comedy,15.0,3.0,2019.0
99,Arrested Development,3,11,TV Series,8.6,2217,8.7,322223,22.0,Comedy,10.0,2.0,2006.0
99,Arrested Development,3,12,TV Series,8.8,2271,8.7,322223,22.0,Comedy,10.0,2.0,2006.0
99,Arrested Development,3,13,TV Series,9.2,2988,8.7,322223,22.0,Comedy,10.0,2.0,2006.0
99,Arrested Development,1,5,TV Series,8.2,3052,8.7,322223,22.0,Comedy,30.0,11.0,2003.0
99,Arrested Development,1,6,TV Series,8.0,2928,8.7,322223,22.0,Comedy,7.0,12.0,2003.0
99,Arrested Development,1,7,TV Series,8.1,2878,8.7,322223,22.0,Comedy,21.0,12.0,2003.0
99,Arrested Development,1,8,TV Series,8.0,2814,8.7,322223,22.0,Comedy,14.0,12.0,2003.0
99,Arrested Development,1,9,TV Series,8.3,2785,8.7,322223,22.0,Comedy,4.0,1.0,2004.0
99,Arrested Development,1,10,TV Series,9.0,3554,8.7,322223,22.0,Comedy,11.0,1.0,2004.0
99,Arrested Development,1,11,TV Series,8.2,2777,8.7,322223,22.0,Comedy,25.0,1.0,2004.0
99,Arrested Development,1,12,TV Series,8.3,2705,8.7,322223,22.0,Comedy,8.0,2.0,2004.0
99,Arrested Development,1,13,TV Series,8.4,2676,8.7,322223,22.0,Comedy,15.0,2.0,2004.0
99,Arrested Development,1,14,TV Series,8.5,2790,8.7,322223,22.0,Comedy,7.0,3.0,2004.0
99,Arrested Development,1,15,TV Series,8.1,2606,8.7,322223,22.0,Comedy,14.0,3.0,2004.0
99,Arrested Development,1,16,TV Series,8.5,2639,8.7,322223,22.0,Comedy,17.0,3.0,2004.0
99,Arrested Development,1,17,TV Series,8.7,2773,8.7,322223,22.0,Comedy,21.0,3.0,2004.0
99,Arrested Development,1,18,TV Series,8.2,2513,8.7,322223,22.0,Comedy,28.0,3.0,2004.0
99,Arrested Development,1,1,TV Series,8.1,4161,8.7,322223,22.0,Comedy,2.0,11.0,2003.0
99,Arrested Development,1,2,TV Series,8.4,3653,8.7,322223,22.0,Comedy,9.0,11.0,2003.0
100,House,2,11,TV Series,8.1,2872,8.7,504036,7788.0,"Drama ,Mystery",7.0,2.0,2006.0
100,House,2,10,TV Series,8.4,3008,8.7,504036,7788.0,"Drama ,Mystery",10.0,1.0,2006.0
100,House,2,9,TV Series,8.3,2943,8.7,504036,7788.0,"Drama ,Mystery",13.0,12.0,2005.0
100,House,3,16,TV Series,8.0,2700,8.7,504036,7788.0,"Drama ,Mystery",27.0,3.0,2007.0
100,House,3,15,TV Series,9.0,3815,8.7,504036,7788.0,"Drama ,Mystery",6.0,3.0,2007.0
100,House,3,14,TV Series,8.7,3070,8.7,504036,7788.0,"Drama ,Mystery",13.0,2.0,2007.0
100,House,3,13,TV Series,7.9,2719,8.7,504036,7788.0,"Drama ,Mystery",6.0,2.0,2007.0
100,House,3,12,TV Series,9.0,5900,8.7,504036,7788.0,"Drama ,Mystery",30.0,1.0,2007.0
100,House,3,11,TV Series,8.5,2880,8.7,504036,7788.0,"Drama ,Mystery",9.0,1.0,2007.0
100,House,3,10,TV Series,8.6,2936,8.7,504036,7788.0,"Drama ,Mystery",12.0,12.0,2006.0
100,House,4,1,TV Series,8.9,3624,8.7,504036,7788.0,"Drama ,Mystery",25.0,9.0,2007.0
100,House,3,24,TV Series,8.8,3264,8.7,504036,7788.0,"Drama ,Mystery",29.0,5.0,2007.0
100,House,3,23,TV Series,8.4,2719,8.7,504036,7788.0,"Drama ,Mystery",15.0,5.0,2007.0
100,House,3,22,TV Series,8.3,2649,8.7,504036,7788.0,"Drama ,Mystery",8.0,5.0,2007.0
100,House,2,13,TV Series,8.5,3326,8.7,504036,7788.0,"Drama ,Mystery",20.0,2.0,2006.0
100,House,2,12,TV Series,8.5,2981,8.7,504036,7788.0,"Drama ,Mystery",14.0,2.0,2006.0
100,House,3,19,TV Series,8.1,2649,8.7,504036,7788.0,"Drama ,Mystery",17.0,4.0,2007.0
100,House,3,18,TV Series,8.9,3557,8.7,504036,7788.0,"Drama ,Mystery",10.0,4.0,2007.0
100,House,3,17,TV Series,8.4,2944,8.7,504036,7788.0,"Drama ,Mystery",3.0,4.0,2007.0
100,House,5,8,TV Series,7.9,2371,8.7,504036,7788.0,"Drama ,Mystery",18.0,11.0,2008.0
100,House,5,7,TV Series,8.1,2447,8.7,504036,7788.0,"Drama ,Mystery",11.0,11.0,2008.0
100,House,5,6,TV Series,8.5,2687,8.7,504036,7788.0,"Drama ,Mystery",28.0,10.0,2008.0
100,House,5,5,TV Series,8.5,2775,8.7,504036,7788.0,"Drama ,Mystery",21.0,10.0,2008.0
100,House,5,4,TV Series,8.9,3253,8.7,504036,7788.0,"Drama ,Mystery",14.0,10.0,2008.0
100,House,5,3,TV Series,8.0,2489,8.7,504036,7788.0,"Drama ,Mystery",30.0,9.0,2008.0
100,House,5,2,TV Series,8.1,2606,8.7,504036,7788.0,"Drama ,Mystery",23.0,9.0,2008.0
100,House,5,1,TV Series,8.3,2909,8.7,504036,7788.0,"Drama ,Mystery",16.0,9.0,2008.0
100,House,4,16,TV Series,9.7,10231,8.7,504036,7788.0,"Drama ,Mystery",19.0,5.0,2008.0
100,House,4,15,TV Series,9.8,11176,8.7,504036,7788.0,"Drama ,Mystery",12.0,5.0,2008.0
100,House,4,14,TV Series,8.1,2629,8.7,504036,7788.0,"Drama ,Mystery",5.0,5.0,2008.0
100,House,3,5,TV Series,8.3,2768,8.7,504036,7788.0,"Drama ,Mystery",31.0,10.0,2006.0
100,House,3,4,TV Series,8.9,3697,8.7,504036,7788.0,"Drama ,Mystery",26.0,9.0,2006.0
100,House,4,11,TV Series,9.1,3869,8.7,504036,7788.0,"Drama ,Mystery",3.0,2.0,2008.0
100,House,4,10,TV Series,8.2,2674,8.7,504036,7788.0,"Drama ,Mystery",29.0,1.0,2008.0
100,House,4,9,TV Series,8.5,2902,8.7,504036,7788.0,"Drama ,Mystery",27.0,11.0,2007.0
100,House,5,24,TV Series,9.6,5767,8.7,504036,7788.0,"Drama ,Mystery",11.0,5.0,2009.0
100,House,5,23,TV Series,9.2,3517,8.7,504036,7788.0,"Drama ,Mystery",4.0,5.0,2009.0
100,House,5,22,TV Series,9.0,3286,8.7,504036,7788.0,"Drama ,Mystery",27.0,4.0,2009.0
100,House,5,21,TV Series,8.2,2479,8.7,504036,7788.0,"Drama ,Mystery",13.0,4.0,2009.0
100,House,5,20,TV Series,9.1,4159,8.7,504036,7788.0,"Drama ,Mystery",6.0,4.0,2009.0
100,House,5,19,TV Series,9.1,3876,8.7,504036,7788.0,"Drama ,Mystery",30.0,3.0,2009.0
100,House,5,18,TV Series,8.1,2472,8.7,504036,7788.0,"Drama ,Mystery",16.0,3.0,2009.0
100,House,5,17,TV Series,8.6,2650,8.7,504036,7788.0,"Drama ,Mystery",9.0,3.0,2009.0
100,House,5,16,TV Series,8.5,2552,8.7,504036,7788.0,"Drama ,Mystery",23.0,2.0,2009.0
100,House,5,15,TV Series,8.3,2548,8.7,504036,7788.0,"Drama ,Mystery",16.0,2.0,2009.0
100,House,5,14,TV Series,7.9,2298,8.7,504036,7788.0,"Drama ,Mystery",2.0,2.0,2009.0
100,House,3,21,TV Series,8.2,2631,8.7,504036,7788.0,"Drama ,Mystery",1.0,5.0,2007.0
100,House,3,20,TV Series,8.2,2722,8.7,504036,7788.0,"Drama ,Mystery",24.0,4.0,2007.0
100,House,5,11,TV Series,8.3,2677,8.7,504036,7788.0,"Drama ,Mystery",9.0,12.0,2008.0
100,House,5,10,TV Series,8.1,2419,8.7,504036,7788.0,"Drama ,Mystery",2.0,12.0,2008.0
100,House,5,9,TV Series,8.8,3503,8.7,504036,7788.0,"Drama ,Mystery",25.0,11.0,2008.0
100,House,6,16,TV Series,8.7,3116,8.7,504036,7788.0,"Drama ,Mystery",12.0,4.0,2010.0
100,House,6,15,TV Series,7.9,2317,8.7,504036,7788.0,"Drama ,Mystery",15.0,3.0,2010.0
100,House,6,14,TV Series,8.0,2368,8.7,504036,7788.0,"Drama ,Mystery",8.0,3.0,2010.0
100,House,6,13,TV Series,8.5,3271,8.7,504036,7788.0,"Drama ,Mystery",8.0,2.0,2010.0
100,House,6,12,TV Series,7.9,2262,8.7,504036,7788.0,"Drama ,Mystery",1.0,2.0,2010.0
100,House,6,11,TV Series,8.6,2589,8.7,504036,7788.0,"Drama ,Mystery",25.0,1.0,2010.0
100,House,6,10,TV Series,8.8,2979,8.7,504036,7788.0,"Drama ,Mystery",11.0,1.0,2010.0
100,House,6,9,TV Series,8.8,3078,8.7,504036,7788.0,"Drama ,Mystery",30.0,11.0,2009.0
100,House,6,8,TV Series,8.2,2391,8.7,504036,7788.0,"Drama ,Mystery",23.0,11.0,2009.0
100,House,6,7,TV Series,8.1,2416,8.7,504036,7788.0,"Drama ,Mystery",16.0,11.0,2009.0
100,House,6,6,TV Series,8.2,2411,8.7,504036,7788.0,"Drama ,Mystery",9.0,11.0,2009.0
100,House,4,13,TV Series,8.0,2534,8.7,504036,7788.0,"Drama ,Mystery",28.0,4.0,2008.0
100,House,4,12,TV Series,8.0,2638,8.7,504036,7788.0,"Drama ,Mystery",5.0,2.0,2008.0
100,House,6,3,TV Series,8.9,3234,8.7,504036,7788.0,"Drama ,Mystery",5.0,10.0,2009.0
100,House,6,2,TV Series,8.5,2835,8.7,504036,7788.0,"Drama ,Mystery",28.0,9.0,2009.0
100,House,6,1,TV Series,9.7,9522,8.7,504036,7788.0,"Drama ,Mystery",20.0,9.0,2009.0
100,House,7,11,TV Series,8.5,2386,8.7,504036,7788.0,"Drama ,Mystery",7.0,2.0,2011.0
100,House,7,10,TV Series,7.9,2120,8.7,504036,7788.0,"Drama ,Mystery",24.0,1.0,2011.0
100,House,7,9,TV Series,8.3,2259,8.7,504036,7788.0,"Drama ,Mystery",17.0,1.0,2011.0
100,House,7,8,TV Series,7.7,2144,8.7,504036,7788.0,"Drama ,Mystery",22.0,11.0,2010.0
100,House,7,7,TV Series,8.6,2572,8.7,504036,7788.0,"Drama ,Mystery",15.0,11.0,2010.0
100,House,7,6,TV Series,8.0,2143,8.7,504036,7788.0,"Drama ,Mystery",8.0,11.0,2010.0
100,House,7,5,TV Series,8.1,2259,8.7,504036,7788.0,"Drama ,Mystery",18.0,10.0,2010.0
100,House,7,4,TV Series,7.8,2134,8.7,504036,7788.0,"Drama ,Mystery",11.0,10.0,2010.0
100,House,7,3,TV Series,8.2,2264,8.7,504036,7788.0,"Drama ,Mystery",4.0,10.0,2010.0
100,House,7,2,TV Series,8.5,2521,8.7,504036,7788.0,"Drama ,Mystery",27.0,9.0,2010.0
100,House,7,1,TV Series,8.2,2847,8.7,504036,7788.0,"Drama ,Mystery",20.0,9.0,2010.0
100,House,5,13,TV Series,7.9,2304,8.7,504036,7788.0,"Drama ,Mystery",26.0,1.0,2009.0
100,House,5,12,TV Series,7.9,2404,8.7,504036,7788.0,"Drama ,Mystery",19.0,1.0,2009.0
100,House,6,19,TV Series,8.0,2307,8.7,504036,7788.0,"Drama ,Mystery",3.0,5.0,2010.0
100,House,6,18,TV Series,7.8,2223,8.7,504036,7788.0,"Drama ,Mystery",26.0,4.0,2010.0
100,House,6,17,TV Series,7.8,2249,8.7,504036,7788.0,"Drama ,Mystery",19.0,4.0,2010.0
100,House,8,4,TV Series,7.8,2127,8.7,504036,7788.0,"Drama ,Mystery",31.0,10.0,2011.0
100,House,8,3,TV Series,8.1,2289,8.7,504036,7788.0,"Drama ,Mystery",17.0,10.0,2011.0
100,House,8,2,TV Series,8.1,2363,8.7,504036,7788.0,"Drama ,Mystery",10.0,10.0,2011.0
100,House,8,1,TV Series,8.8,3287,8.7,504036,7788.0,"Drama ,Mystery",3.0,10.0,2011.0
100,House,7,23,TV Series,8.4,2888,8.7,504036,7788.0,"Drama ,Mystery",23.0,5.0,2011.0
100,House,7,22,TV Series,9.1,3264,8.7,504036,7788.0,"Drama ,Mystery",16.0,5.0,2011.0
100,House,7,21,TV Series,7.7,2010,8.7,504036,7788.0,"Drama ,Mystery",9.0,5.0,2011.0
100,House,7,20,TV Series,7.8,2000,8.7,504036,7788.0,"Drama ,Mystery",2.0,5.0,2011.0
100,House,7,19,TV Series,8.4,2251,8.7,504036,7788.0,"Drama ,Mystery",18.0,4.0,2011.0
100,House,7,18,TV Series,8.8,2745,8.7,504036,7788.0,"Drama ,Mystery",11.0,4.0,2011.0
100,House,7,17,TV Series,8.3,2390,8.7,504036,7788.0,"Drama ,Mystery",21.0,3.0,2011.0
100,House,6,5,TV Series,8.4,2435,8.7,504036,7788.0,"Drama ,Mystery",19.0,10.0,2009.0
100,House,6,4,TV Series,8.4,2468,8.7,504036,7788.0,"Drama ,Mystery",12.0,10.0,2009.0
100,House,7,14,TV Series,7.8,2120,8.7,504036,7788.0,"Drama ,Mystery",28.0,2.0,2011.0
100,House,7,13,TV Series,8.8,3322,8.7,504036,7788.0,"Drama ,Mystery",21.0,2.0,2011.0
100,House,7,12,TV Series,7.8,2094,8.7,504036,7788.0,"Drama ,Mystery",14.0,2.0,2011.0
100,House,8,20,TV Series,8.7,2427,8.7,504036,7788.0,"Drama ,Mystery",7.0,5.0,2012.0
100,House,8,19,TV Series,9.0,3097,8.7,504036,7788.0,"Drama ,Mystery",30.0,4.0,2012.0
100,House,8,18,TV Series,7.9,2149,8.7,504036,7788.0,"Drama ,Mystery",23.0,4.0,2012.0
100,House,8,17,TV Series,7.8,2015,8.7,504036,7788.0,"Drama ,Mystery",16.0,4.0,2012.0
100,House,8,16,TV Series,7.6,1981,8.7,504036,7788.0,"Drama ,Mystery",9.0,4.0,2012.0
100,House,8,15,TV Series,7.3,1990,8.7,504036,7788.0,"Drama ,Mystery",2.0,4.0,2012.0
100,House,8,14,TV Series,7.9,2082,8.7,504036,7788.0,"Drama ,Mystery",19.0,3.0,2012.0
100,House,8,13,TV Series,7.9,2000,8.7,504036,7788.0,"Drama ,Mystery",20.0,2.0,2012.0
100,House,8,12,TV Series,8.8,2837,8.7,504036,7788.0,"Drama ,Mystery",13.0,2.0,2012.0
100,House,8,11,TV Series,9.1,3311,8.7,504036,7788.0,"Drama ,Mystery",6.0,2.0,2012.0
100,House,8,10,TV Series,7.6,2019,8.7,504036,7788.0,"Drama ,Mystery",30.0,1.0,2012.0
100,House,6,21,TV Series,9.5,5280,8.7,504036,7788.0,"Drama ,Mystery",17.0,5.0,2010.0
100,House,6,20,TV Series,8.8,2932,8.7,504036,7788.0,"Drama ,Mystery",10.0,5.0,2010.0
100,House,8,7,TV Series,8.1,2119,8.7,504036,7788.0,"Drama ,Mystery",21.0,11.0,2011.0
100,House,8,6,TV Series,7.8,2018,8.7,504036,7788.0,"Drama ,Mystery",14.0,11.0,2011.0
100,House,8,5,TV Series,8.3,2208,8.7,504036,7788.0,"Drama ,Mystery",7.0,11.0,2011.0
100,House,7,16,TV Series,8.7,2935,8.7,504036,7788.0,"Drama ,Mystery",14.0,3.0,2011.0
100,House,7,15,TV Series,8.5,2953,8.7,504036,7788.0,"Drama ,Mystery",7.0,3.0,2011.0
100,House,2,8,TV Series,8.8,3458,8.7,504036,7788.0,"Drama ,Mystery",29.0,11.0,2005.0
100,House,1,1,TV Series,8.5,6035,8.7,504036,7788.0,"Drama ,Mystery",16.0,11.0,2004.0
100,House,2,7,TV Series,8.2,2966,8.7,504036,7788.0,"Drama ,Mystery",22.0,11.0,2005.0
100,House,2,6,TV Series,7.8,2901,8.7,504036,7788.0,"Drama ,Mystery",15.0,11.0,2005.0
100,House,2,3,TV Series,7.9,3027,8.7,504036,7788.0,"Drama ,Mystery",27.0,9.0,2005.0
100,House,2,4,TV Series,8.0,3043,8.7,504036,7788.0,"Drama ,Mystery",1.0,11.0,2005.0
100,House,2,5,TV Series,8.0,2987,8.7,504036,7788.0,"Drama ,Mystery",8.0,11.0,2005.0
100,House,8,9,TV Series,7.9,2101,8.7,504036,7788.0,"Drama ,Mystery",23.0,1.0,2012.0
100,House,8,8,TV Series,7.7,2049,8.7,504036,7788.0,"Drama ,Mystery",28.0,11.0,2011.0
100,House,8,21,TV Series,9.0,2909,8.7,504036,7788.0,"Drama ,Mystery",14.0,5.0,2012.0
100,House,8,22,TV Series,9.2,6245,8.7,504036,7788.0,"Drama ,Mystery",21.0,5.0,2012.0
100,House,1,21,TV Series,9.6,8602,8.7,504036,7788.0,"Drama ,Mystery",17.0,5.0,2005.0
100,House,1,22,TV Series,8.6,3476,8.7,504036,7788.0,"Drama ,Mystery",24.0,5.0,2005.0
100,House,2,1,TV Series,8.3,3342,8.7,504036,7788.0,"Drama ,Mystery",13.0,9.0,2005.0
100,House,2,2,TV Series,9.1,4896,8.7,504036,7788.0,"Drama ,Mystery",20.0,9.0,2005.0
100,House,1,4,TV Series,8.3,4031,8.7,504036,7788.0,"Drama ,Mystery",7.0,12.0,2004.0
100,House,1,5,TV Series,8.0,3878,8.7,504036,7788.0,"Drama ,Mystery",14.0,12.0,2004.0
100,House,1,6,TV Series,8.4,3825,8.7,504036,7788.0,"Drama ,Mystery",21.0,12.0,2004.0
100,House,1,7,TV Series,8.1,3702,8.7,504036,7788.0,"Drama ,Mystery",28.0,12.0,2004.0
100,House,1,8,TV Series,8.0,3524,8.7,504036,7788.0,"Drama ,Mystery",25.0,1.0,2005.0
100,House,1,9,TV Series,8.7,4062,8.7,504036,7788.0,"Drama ,Mystery",1.0,2.0,2005.0
100,House,1,10,TV Series,8.4,3720,8.7,504036,7788.0,"Drama ,Mystery",8.0,2.0,2005.0
100,House,2,16,TV Series,8.7,3213,8.7,504036,7788.0,"Drama ,Mystery",4.0,4.0,2006.0
100,House,3,9,TV Series,8.4,2789,8.7,504036,7788.0,"Drama ,Mystery",28.0,11.0,2006.0
100,House,3,8,TV Series,8.0,2687,8.7,504036,7788.0,"Drama ,Mystery",21.0,11.0,2006.0
100,House,3,6,TV Series,8.0,2826,8.7,504036,7788.0,"Drama ,Mystery",7.0,11.0,2006.0
100,House,3,7,TV Series,8.8,3503,8.7,504036,7788.0,"Drama ,Mystery",14.0,11.0,2006.0
100,House,1,17,TV Series,8.4,3337,8.7,504036,7788.0,"Drama ,Mystery",12.0,4.0,2005.0
100,House,1,16,TV Series,8.2,3224,8.7,504036,7788.0,"Drama ,Mystery",29.0,3.0,2005.0
100,House,1,15,TV Series,7.9,3234,8.7,504036,7788.0,"Drama ,Mystery",22.0,3.0,2005.0
100,House,2,24,TV Series,9.4,5665,8.7,504036,7788.0,"Drama ,Mystery",23.0,5.0,2006.0
100,House,2,23,TV Series,7.6,2796,8.7,504036,7788.0,"Drama ,Mystery",16.0,5.0,2006.0
100,House,2,22,TV Series,8.0,2766,8.7,504036,7788.0,"Drama ,Mystery",9.0,5.0,2006.0
100,House,2,21,TV Series,9.2,4372,8.7,504036,7788.0,"Drama ,Mystery",3.0,5.0,2006.0
100,House,2,20,TV Series,9.0,3971,8.7,504036,7788.0,"Drama ,Mystery",2.0,5.0,2006.0
100,House,2,19,TV Series,8.5,3188,8.7,504036,7788.0,"Drama ,Mystery",25.0,4.0,2006.0
100,House,2,18,TV Series,8.1,2844,8.7,504036,7788.0,"Drama ,Mystery",18.0,4.0,2006.0
100,House,2,17,TV Series,8.9,3678,8.7,504036,7788.0,"Drama ,Mystery",11.0,4.0,2006.0
100,House,2,14,TV Series,8.3,2924,8.7,504036,7788.0,"Drama ,Mystery",7.0,3.0,2006.0
100,House,1,3,TV Series,8.1,4137,8.7,504036,7788.0,"Drama ,Mystery",30.0,11.0,2004.0
100,House,1,2,TV Series,8.1,4406,8.7,504036,7788.0,"Drama ,Mystery",23.0,11.0,2004.0
100,House,2,15,TV Series,8.4,2930,8.7,504036,7788.0,"Drama ,Mystery",28.0,3.0,2006.0
100,House,1,19,TV Series,8.2,3255,8.7,504036,7788.0,"Drama ,Mystery",3.0,5.0,2005.0
100,House,4,6,TV Series,8.5,2858,8.7,504036,7788.0,"Drama ,Mystery",6.0,11.0,2007.0
100,House,4,7,TV Series,8.1,2752,8.7,504036,7788.0,"Drama ,Mystery",13.0,11.0,2007.0
100,House,4,8,TV Series,8.5,2763,8.7,504036,7788.0,"Drama ,Mystery",20.0,11.0,2007.0
100,House,3,1,TV Series,8.8,3570,8.7,504036,7788.0,"Drama ,Mystery",5.0,9.0,2006.0
100,House,4,2,TV Series,8.8,3205,8.7,504036,7788.0,"Drama ,Mystery",2.0,10.0,2007.0
100,House,4,3,TV Series,8.7,3030,8.7,504036,7788.0,"Drama ,Mystery",9.0,10.0,2007.0
100,House,4,4,TV Series,8.3,2747,8.7,504036,7788.0,"Drama ,Mystery",23.0,10.0,2007.0
100,House,4,5,TV Series,8.7,3161,8.7,504036,7788.0,"Drama ,Mystery",30.0,10.0,2007.0
100,House,3,2,TV Series,8.3,2925,8.7,504036,7788.0,"Drama ,Mystery",12.0,9.0,2006.0
100,House,3,3,TV Series,8.5,3054,8.7,504036,7788.0,"Drama ,Mystery",19.0,9.0,2006.0
100,House,1,18,TV Series,8.8,3654,8.7,504036,7788.0,"Drama ,Mystery",19.0,4.0,2005.0
100,House,1,11,TV Series,8.6,3773,8.7,504036,7788.0,"Drama ,Mystery",15.0,2.0,2005.0
100,House,1,12,TV Series,7.9,3287,8.7,504036,7788.0,"Drama ,Mystery",22.0,2.0,2005.0
100,House,1,13,TV Series,8.1,3318,8.7,504036,7788.0,"Drama ,Mystery",1.0,3.0,2005.0
100,House,1,14,TV Series,8.6,3562,8.7,504036,7788.0,"Drama ,Mystery",15.0,3.0,2005.0
100,House,1,20,TV Series,8.2,3285,8.7,504036,7788.0,"Drama ,Mystery",10.0,5.0,2005.0
101,Severance,1,5,TV Series,7.7,5584,8.7,191955,55.0,"Drama ,Mystery ,Sci-Fi",11.0,3.0,2022.0
101,Severance,1,4,TV Series,8.2,5875,8.7,191955,55.0,"Drama ,Mystery ,Sci-Fi",4.0,3.0,2022.0
101,Severance,1,7,TV Series,8.8,6929,8.7,191955,55.0,"Drama ,Mystery ,Sci-Fi",25.0,3.0,2022.0
101,Severance,1,6,TV Series,7.9,5488,8.7,191955,55.0,"Drama ,Mystery ,Sci-Fi",18.0,3.0,2022.0
101,Severance,1,8,TV Series,8.9,6778,8.7,191955,55.0,"Drama ,Mystery ,Sci-Fi",1.0,4.0,2022.0
101,Severance,1,9,TV Series,9.7,15656,8.7,191955,55.0,"Drama ,Mystery ,Sci-Fi",8.0,4.0,2022.0
101,Severance,2,2,TV Series,7.3,0,8.7,191955,55.0,"Drama ,Mystery ,Sci-Fi",35.0,15.0,2050.0
101,Severance,2,1,TV Series,7.7,0,8.7,191955,55.0,"Drama ,Mystery ,Sci-Fi",35.0,15.0,2024.0
101,Severance,2,5,TV Series,7.3,0,8.7,191955,55.0,"Drama ,Mystery ,Sci-Fi",35.0,15.0,2050.0
101,Severance,2,4,TV Series,7.3,0,8.7,191955,55.0,"Drama ,Mystery ,Sci-Fi",35.0,15.0,2050.0
101,Severance,2,3,TV Series,7.3,0,8.7,191955,55.0,"Drama ,Mystery ,Sci-Fi",35.0,15.0,2050.0
101,Severance,1,1,TV Series,8.1,7397,8.7,191955,55.0,"Drama ,Mystery ,Sci-Fi",18.0,2.0,2022.0
101,Severance,1,2,TV Series,8.0,6249,8.7,191955,55.0,"Drama ,Mystery ,Sci-Fi",18.0,2.0,2022.0
101,Severance,2,6,TV Series,7.3,0,8.7,191955,55.0,"Drama ,Mystery ,Sci-Fi",35.0,15.0,2050.0
101,Severance,2,7,TV Series,7.3,0,8.7,191955,55.0,"Drama ,Mystery ,Sci-Fi",35.0,15.0,2050.0
101,Severance,2,8,TV Series,7.3,0,8.7,191955,55.0,"Drama ,Mystery ,Sci-Fi",35.0,15.0,2050.0
101,Severance,1,3,TV Series,7.7,5870,8.7,191955,55.0,"Drama ,Mystery ,Sci-Fi",25.0,2.0,2022.0
101,Severance,2,10,TV Series,7.3,0,8.7,191955,55.0,"Drama ,Mystery ,Sci-Fi",35.0,15.0,2050.0
101,Severance,2,9,TV Series,7.3,0,8.7,191955,55.0,"Drama ,Mystery ,Sci-Fi",35.0,15.0,2050.0
102,One Punch Man,2,3,TV Series,8.8,2498,8.7,183314,24.0,"Animation ,Action ,Comedy",24.0,4.0,2019.0
102,One Punch Man,2,6,TV Series,7.5,2002,8.7,183314,24.0,"Animation ,Action ,Comedy",15.0,5.0,2019.0
102,One Punch Man,2,5,TV Series,7.3,2108,8.7,183314,24.0,"Animation ,Action ,Comedy",8.0,5.0,2019.0
102,One Punch Man,2,1,TV Series,7.9,2482,8.7,183314,24.0,"Animation ,Action ,Comedy",10.0,4.0,2019.0
102,One Punch Man,2,4,TV Series,7.6,2182,8.7,183314,24.0,"Animation ,Action ,Comedy",1.0,5.0,2019.0
102,One Punch Man,1,11,TV Series,9.0,4361,8.7,183314,24.0,"Animation ,Action ,Comedy",13.0,12.0,2015.0
102,One Punch Man,2,2,TV Series,8.4,2273,8.7,183314,24.0,"Animation ,Action ,Comedy",17.0,4.0,2019.0
102,One Punch Man,1,12,TV Series,9.5,6585,8.7,183314,24.0,"Animation ,Action ,Comedy",20.0,12.0,2015.0
102,One Punch Man,2,0,TV Series,7.2,533,8.7,183314,24.0,"Animation ,Action ,Comedy",9.0,4.0,2019.0
102,One Punch Man,2,12,TV Series,8.6,2206,8.7,183314,24.0,"Animation ,Action ,Comedy",3.0,7.0,2019.0
102,One Punch Man,2,9,TV Series,7.9,1918,8.7,183314,24.0,"Animation ,Action ,Comedy",12.0,6.0,2019.0
102,One Punch Man,2,10,TV Series,7.7,1827,8.7,183314,24.0,"Animation ,Action ,Comedy",19.0,6.0,2019.0
102,One Punch Man,1,9,TV Series,9.2,4717,8.7,183314,24.0,"Animation ,Action ,Comedy",30.0,11.0,2015.0
102,One Punch Man,1,2,TV Series,8.6,4374,8.7,183314,24.0,"Animation ,Action ,Comedy",12.0,10.0,2015.0
102,One Punch Man,1,1,TV Series,8.3,4834,8.7,183314,24.0,"Animation ,Action ,Comedy",5.0,10.0,2015.0
102,One Punch Man,1,4,TV Series,8.5,4110,8.7,183314,24.0,"Animation ,Action ,Comedy",25.0,10.0,2015.0
102,One Punch Man,1,3,TV Series,8.8,4333,8.7,183314,24.0,"Animation ,Action ,Comedy",19.0,10.0,2015.0
102,One Punch Man,1,5,TV Series,8.8,4244,8.7,183314,24.0,"Animation ,Action ,Comedy",1.0,11.0,2015.0
102,One Punch Man,1,6,TV Series,8.3,3983,8.7,183314,24.0,"Animation ,Action ,Comedy",8.0,11.0,2015.0
102,One Punch Man,1,8,TV Series,8.8,4057,8.7,183314,24.0,"Animation ,Action ,Comedy",22.0,11.0,2015.0
102,One Punch Man,1,7,TV Series,8.7,4030,8.7,183314,24.0,"Animation ,Action ,Comedy",15.0,11.0,2015.0
102,One Punch Man,2,7,TV Series,8.7,2342,8.7,183314,24.0,"Animation ,Action ,Comedy",22.0,5.0,2019.0
102,One Punch Man,1,10,TV Series,8.6,3875,8.7,183314,24.0,"Animation ,Action ,Comedy",7.0,12.0,2015.0
102,One Punch Man,2,8,TV Series,8.5,2240,8.7,183314,24.0,"Animation ,Action ,Comedy",29.0,5.0,2019.0
102,One Punch Man,2,11,TV Series,8.9,2340,8.7,183314,24.0,"Animation ,Action ,Comedy",26.0,6.0,2019.0
103,Invincible,1,6,TV Series,7.6,8402,8.7,190824,50.0,"Animation ,Action ,Adventure",16.0,4.0,2021.0
103,Invincible,1,7,TV Series,9.5,12068,8.7,190824,50.0,"Animation ,Action ,Adventure",23.0,4.0,2021.0
103,Invincible,3,2,TV Series,7.7,0,8.7,190824,50.0,"Animation ,Action ,Adventure",35.0,15.0,2024.0
103,Invincible,1,2,TV Series,8.4,9002,8.7,190824,50.0,"Animation ,Action ,Adventure",26.0,3.0,2021.0
103,Invincible,1,1,TV Series,8.9,11422,8.7,190824,50.0,"Animation ,Action ,Adventure",26.0,3.0,2021.0
103,Invincible,2,5,TV Series,7.7,0,8.7,190824,50.0,"Animation ,Action ,Adventure",14.0,3.0,2024.0
103,Invincible,2,4,TV Series,9.2,4890,8.7,190824,50.0,"Animation ,Action ,Adventure",24.0,11.0,2023.0
103,Invincible,2,7,TV Series,7.7,0,8.7,190824,50.0,"Animation ,Action ,Adventure",28.0,3.0,2024.0
103,Invincible,2,2,TV Series,7.3,3782,8.7,190824,50.0,"Animation ,Action ,Adventure",10.0,11.0,2023.0
103,Invincible,2,3,TV Series,8.3,3966,8.7,190824,50.0,"Animation ,Action ,Adventure",17.0,11.0,2023.0
103,Invincible,2,6,TV Series,7.7,0,8.7,190824,50.0,"Animation ,Action ,Adventure",21.0,3.0,2024.0
103,Invincible,1,3,TV Series,8.1,8453,8.7,190824,50.0,"Animation ,Action ,Adventure",26.0,3.0,2021.0
103,Invincible,2,1,TV Series,8.1,4813,8.7,190824,50.0,"Animation ,Action ,Adventure",3.0,11.0,2023.0
103,Invincible,1,8,TV Series,9.6,14092,8.7,190824,50.0,"Animation ,Action ,Adventure",30.0,4.0,2021.0
103,Invincible,1,5,TV Series,9.1,9525,8.7,190824,50.0,"Animation ,Action ,Adventure",9.0,4.0,2021.0
103,Invincible,1,4,TV Series,7.7,8191,8.7,190824,50.0,"Animation ,Action ,Adventure",2.0,4.0,2021.0
103,Invincible,2,8,TV Series,7.7,0,8.7,190824,50.0,"Animation ,Action ,Adventure",4.0,4.0,2024.0
103,Invincible,3,1,TV Series,7.7,0,8.7,190824,50.0,"Animation ,Action ,Adventure",35.0,15.0,2024.0
104,Mad Men,4,3,TV Series,8.6,2594,8.7,258393,4400.0,Drama,8.0,8.0,2010.0
104,Mad Men,4,4,TV Series,8.2,2353,8.7,258393,4400.0,Drama,15.0,8.0,2010.0
104,Mad Men,4,7,TV Series,9.7,6354,8.7,258393,4400.0,Drama,5.0,9.0,2010.0
104,Mad Men,4,8,TV Series,8.6,2570,8.7,258393,4400.0,Drama,12.0,9.0,2010.0
104,Mad Men,4,5,TV Series,8.6,2470,8.7,258393,4400.0,Drama,22.0,8.0,2010.0
104,Mad Men,4,6,TV Series,8.6,2492,8.7,258393,4400.0,Drama,29.0,8.0,2010.0
104,Mad Men,2,4,TV Series,8.1,2668,8.7,258393,4400.0,Drama,17.0,8.0,2008.0
104,Mad Men,4,9,TV Series,8.8,2600,8.7,258393,4400.0,Drama,19.0,9.0,2010.0
104,Mad Men,2,6,TV Series,7.9,2578,8.7,258393,4400.0,Drama,31.0,8.0,2008.0
104,Mad Men,2,5,TV Series,8.3,2704,8.7,258393,4400.0,Drama,24.0,8.0,2008.0
104,Mad Men,2,9,TV Series,8.5,2662,8.7,258393,4400.0,Drama,28.0,9.0,2008.0
104,Mad Men,2,10,TV Series,7.9,2503,8.7,258393,4400.0,Drama,5.0,10.0,2008.0
104,Mad Men,2,11,TV Series,8.3,2794,8.7,258393,4400.0,Drama,12.0,10.0,2008.0
104,Mad Men,2,12,TV Series,8.5,2680,8.7,258393,4400.0,Drama,19.0,10.0,2008.0
104,Mad Men,6,9,TV Series,8.3,2240,8.7,258393,4400.0,Drama,26.0,5.0,2013.0
104,Mad Men,6,10,TV Series,8.1,2095,8.7,258393,4400.0,Drama,2.0,6.0,2013.0
104,Mad Men,6,11,TV Series,8.7,2364,8.7,258393,4400.0,Drama,9.0,6.0,2013.0
104,Mad Men,6,12,TV Series,8.5,2137,8.7,258393,4400.0,Drama,16.0,6.0,2013.0
104,Mad Men,6,13,TV Series,9.1,2742,8.7,258393,4400.0,Drama,23.0,6.0,2013.0
104,Mad Men,7,1,TV Series,7.9,2361,8.7,258393,4400.0,Drama,13.0,4.0,2014.0
104,Mad Men,7,2,TV Series,8.3,2229,8.7,258393,4400.0,Drama,20.0,4.0,2014.0
104,Mad Men,4,10,TV Series,8.7,2360,8.7,258393,4400.0,Drama,26.0,9.0,2010.0
104,Mad Men,4,11,TV Series,8.3,2203,8.7,258393,4400.0,Drama,3.0,10.0,2010.0
104,Mad Men,4,12,TV Series,8.8,2406,8.7,258393,4400.0,Drama,10.0,10.0,2010.0
104,Mad Men,2,7,TV Series,8.4,2670,8.7,258393,4400.0,Drama,7.0,9.0,2008.0
104,Mad Men,2,8,TV Series,8.3,2627,8.7,258393,4400.0,Drama,14.0,9.0,2008.0
104,Mad Men,5,2,TV Series,8.5,2407,8.7,258393,4400.0,Drama,25.0,3.0,2012.0
104,Mad Men,5,3,TV Series,7.8,2300,8.7,258393,4400.0,Drama,1.0,4.0,2012.0
104,Mad Men,5,4,TV Series,8.6,2503,8.7,258393,4400.0,Drama,8.0,4.0,2012.0
104,Mad Men,5,5,TV Series,9.0,3042,8.7,258393,4400.0,Drama,15.0,4.0,2012.0
104,Mad Men,5,6,TV Series,9.1,3327,8.7,258393,4400.0,Drama,22.0,4.0,2012.0
104,Mad Men,5,7,TV Series,8.7,2524,8.7,258393,4400.0,Drama,29.0,4.0,2012.0
104,Mad Men,5,8,TV Series,8.2,2305,8.7,258393,4400.0,Drama,6.0,5.0,2012.0
104,Mad Men,5,9,TV Series,8.0,2176,8.7,258393,4400.0,Drama,13.0,5.0,2012.0
104,Mad Men,5,10,TV Series,8.2,2280,8.7,258393,4400.0,Drama,20.0,5.0,2012.0
104,Mad Men,5,11,TV Series,9.4,3531,8.7,258393,4400.0,Drama,27.0,5.0,2012.0
104,Mad Men,5,12,TV Series,9.4,3388,8.7,258393,4400.0,Drama,3.0,6.0,2012.0
104,Mad Men,3,7,TV Series,8.4,2474,8.7,258393,4400.0,Drama,27.0,9.0,2009.0
104,Mad Men,3,8,TV Series,8.0,2368,8.7,258393,4400.0,Drama,4.0,10.0,2009.0
104,Mad Men,3,9,TV Series,8.2,2328,8.7,258393,4400.0,Drama,11.0,10.0,2009.0
104,Mad Men,1,4,TV Series,7.9,3487,8.7,258393,4400.0,Drama,9.0,8.0,2007.0
104,Mad Men,1,5,TV Series,8.1,3421,8.7,258393,4400.0,Drama,16.0,8.0,2007.0
104,Mad Men,3,12,TV Series,8.9,2762,8.7,258393,4400.0,Drama,1.0,11.0,2009.0
104,Mad Men,3,13,TV Series,9.7,5040,8.7,258393,4400.0,Drama,8.0,11.0,2009.0
104,Mad Men,4,1,TV Series,8.5,2643,8.7,258393,4400.0,Drama,25.0,7.0,2010.0
104,Mad Men,4,2,TV Series,8.2,2373,8.7,258393,4400.0,Drama,1.0,8.0,2010.0
104,Mad Men,3,11,TV Series,9.2,3229,8.7,258393,4400.0,Drama,25.0,10.0,2009.0
104,Mad Men,3,10,TV Series,8.3,2382,8.7,258393,4400.0,Drama,18.0,10.0,2009.0
104,Mad Men,1,9,TV Series,8.2,3206,8.7,258393,4400.0,Drama,13.0,9.0,2007.0
104,Mad Men,1,8,TV Series,8.3,3358,8.7,258393,4400.0,Drama,6.0,9.0,2007.0
104,Mad Men,1,7,TV Series,8.1,3225,8.7,258393,4400.0,Drama,30.0,8.0,2007.0
104,Mad Men,1,6,TV Series,7.9,3371,8.7,258393,4400.0,Drama,23.0,8.0,2007.0
104,Mad Men,1,3,TV Series,7.6,3702,8.7,258393,4400.0,Drama,2.0,8.0,2007.0
104,Mad Men,1,2,TV Series,7.5,3974,8.7,258393,4400.0,Drama,26.0,7.0,2007.0
104,Mad Men,1,1,TV Series,8.1,5351,8.7,258393,4400.0,Drama,19.0,7.0,2007.0
104,Mad Men,3,6,TV Series,9.1,3279,8.7,258393,4400.0,Drama,20.0,9.0,2009.0
104,Mad Men,3,5,TV Series,8.0,2408,8.7,258393,4400.0,Drama,13.0,9.0,2009.0
104,Mad Men,3,4,TV Series,8.0,2389,8.7,258393,4400.0,Drama,6.0,9.0,2009.0
104,Mad Men,3,3,TV Series,8.1,2558,8.7,258393,4400.0,Drama,30.0,8.0,2009.0
104,Mad Men,3,2,TV Series,7.8,2388,8.7,258393,4400.0,Drama,23.0,8.0,2009.0
104,Mad Men,3,1,TV Series,8.2,2578,8.7,258393,4400.0,Drama,16.0,8.0,2009.0
104,Mad Men,2,13,TV Series,8.9,2943,8.7,258393,4400.0,Drama,26.0,10.0,2008.0
104,Mad Men,2,2,TV Series,7.9,2713,8.7,258393,4400.0,Drama,3.0,8.0,2008.0
104,Mad Men,2,1,TV Series,7.6,2804,8.7,258393,4400.0,Drama,27.0,7.0,2008.0
104,Mad Men,2,3,TV Series,7.8,2675,8.7,258393,4400.0,Drama,10.0,8.0,2008.0
104,Mad Men,6,8,TV Series,8.7,2811,8.7,258393,4400.0,Drama,19.0,5.0,2013.0
104,Mad Men,1,10,TV Series,8.2,3102,8.7,258393,4400.0,Drama,27.0,9.0,2007.0
104,Mad Men,1,11,TV Series,8.1,2962,8.7,258393,4400.0,Drama,4.0,10.0,2007.0
104,Mad Men,7,7,TV Series,9.5,3661,8.7,258393,4400.0,Drama,25.0,5.0,2014.0
104,Mad Men,4,13,TV Series,9.0,2787,8.7,258393,4400.0,Drama,17.0,10.0,2010.0
104,Mad Men,7,10,TV Series,8.3,2193,8.7,258393,4400.0,Drama,19.0,4.0,2015.0
104,Mad Men,7,9,TV Series,7.8,2180,8.7,258393,4400.0,Drama,12.0,4.0,2015.0
104,Mad Men,7,8,TV Series,8.1,2330,8.7,258393,4400.0,Drama,5.0,4.0,2015.0
104,Mad Men,1,12,TV Series,9.0,3652,8.7,258393,4400.0,Drama,11.0,10.0,2007.0
104,Mad Men,1,13,TV Series,9.0,3869,8.7,258393,4400.0,Drama,18.0,10.0,2007.0
104,Mad Men,6,5,TV Series,8.2,2287,8.7,258393,4400.0,Drama,28.0,4.0,2013.0
104,Mad Men,6,7,TV Series,7.9,2154,8.7,258393,4400.0,Drama,12.0,5.0,2013.0
104,Mad Men,6,6,TV Series,8.8,2623,8.7,258393,4400.0,Drama,5.0,5.0,2013.0
104,Mad Men,7,11,TV Series,8.9,2377,8.7,258393,4400.0,Drama,26.0,4.0,2015.0
104,Mad Men,7,12,TV Series,9.0,2568,8.7,258393,4400.0,Drama,3.0,5.0,2015.0
104,Mad Men,7,13,TV Series,9.1,2784,8.7,258393,4400.0,Drama,10.0,5.0,2015.0
104,Mad Men,7,14,TV Series,9.3,4675,8.7,258393,4400.0,Drama,17.0,5.0,2015.0
104,Mad Men,5,1,TV Series,8.5,2703,8.7,258393,4400.0,Drama,25.0,3.0,2012.0
104,Mad Men,6,2,TV Series,7.7,2255,8.7,258393,4400.0,Drama,7.0,4.0,2013.0
104,Mad Men,6,1,TV Series,7.6,2423,8.7,258393,4400.0,Drama,7.0,4.0,2013.0
104,Mad Men,5,13,TV Series,8.6,2538,8.7,258393,4400.0,Drama,10.0,6.0,2012.0
104,Mad Men,6,4,TV Series,8.0,2162,8.7,258393,4400.0,Drama,21.0,4.0,2013.0
104,Mad Men,6,3,TV Series,7.8,2188,8.7,258393,4400.0,Drama,14.0,4.0,2013.0
104,Mad Men,7,3,TV Series,8.6,2304,8.7,258393,4400.0,Drama,27.0,4.0,2014.0
104,Mad Men,7,4,TV Series,8.5,2180,8.7,258393,4400.0,Drama,4.0,5.0,2014.0
104,Mad Men,7,6,TV Series,8.9,2574,8.7,258393,4400.0,Drama,18.0,5.0,2014.0
104,Mad Men,7,5,TV Series,8.5,2244,8.7,258393,4400.0,Drama,11.0,5.0,2014.0
105,Peep Show,7,5,TV Series,8.9,745,8.7,65906,25.0,Comedy,24.0,12.0,2010.0
105,Peep Show,7,4,TV Series,8.5,650,8.7,65906,25.0,Comedy,17.0,12.0,2010.0
105,Peep Show,7,3,TV Series,8.1,591,8.7,65906,25.0,Comedy,10.0,12.0,2010.0
105,Peep Show,7,2,TV Series,7.7,548,8.7,65906,25.0,Comedy,3.0,12.0,2010.0
105,Peep Show,7,1,TV Series,8.0,601,8.7,65906,25.0,Comedy,26.0,11.0,2010.0
105,Peep Show,2,1,TV Series,8.5,835,8.7,65906,25.0,Comedy,12.0,11.0,2004.0
105,Peep Show,1,6,TV Series,8.0,798,8.7,65906,25.0,Comedy,24.0,10.0,2003.0
105,Peep Show,1,5,TV Series,7.9,809,8.7,65906,25.0,Comedy,17.0,10.0,2003.0
105,Peep Show,6,6,TV Series,8.2,577,8.7,65906,25.0,Comedy,23.0,10.0,2009.0
105,Peep Show,6,5,TV Series,8.4,625,8.7,65906,25.0,Comedy,16.0,10.0,2009.0
105,Peep Show,6,4,TV Series,7.8,567,8.7,65906,25.0,Comedy,9.0,10.0,2009.0
105,Peep Show,5,2,TV Series,8.3,678,8.7,65906,25.0,Comedy,9.0,5.0,2008.0
105,Peep Show,4,2,TV Series,8.1,689,8.7,65906,25.0,Comedy,20.0,4.0,2007.0
105,Peep Show,4,1,TV Series,8.7,815,8.7,65906,25.0,Comedy,13.0,4.0,2007.0
105,Peep Show,6,3,TV Series,8.0,568,8.7,65906,25.0,Comedy,2.0,10.0,2009.0
105,Peep Show,6,2,TV Series,8.5,674,8.7,65906,25.0,Comedy,25.0,9.0,2009.0
105,Peep Show,6,1,TV Series,7.9,600,8.7,65906,25.0,Comedy,18.0,9.0,2009.0
105,Peep Show,5,6,TV Series,8.3,622,8.7,65906,25.0,Comedy,6.0,6.0,2008.0
105,Peep Show,5,5,TV Series,8.1,606,8.7,65906,25.0,Comedy,30.0,5.0,2008.0
105,Peep Show,5,4,TV Series,8.1,641,8.7,65906,25.0,Comedy,23.0,5.0,2008.0
105,Peep Show,5,3,TV Series,7.7,612,8.7,65906,25.0,Comedy,16.0,5.0,2008.0
105,Peep Show,9,6,TV Series,8.3,558,8.7,65906,25.0,Comedy,16.0,12.0,2015.0
105,Peep Show,9,5,TV Series,8.1,509,8.7,65906,25.0,Comedy,9.0,12.0,2015.0
105,Peep Show,9,1,TV Series,8.0,622,8.7,65906,25.0,Comedy,11.0,11.0,2015.0
105,Peep Show,8,6,TV Series,7.8,536,8.7,65906,25.0,Comedy,24.0,12.0,2012.0
105,Peep Show,8,5,TV Series,7.5,517,8.7,65906,25.0,Comedy,23.0,12.0,2012.0
105,Peep Show,8,4,TV Series,7.5,529,8.7,65906,25.0,Comedy,16.0,12.0,2012.0
105,Peep Show,8,3,TV Series,8.1,569,8.7,65906,25.0,Comedy,9.0,12.0,2012.0
105,Peep Show,8,2,TV Series,7.6,558,8.7,65906,25.0,Comedy,2.0,12.0,2012.0
105,Peep Show,8,1,TV Series,8.0,596,8.7,65906,25.0,Comedy,25.0,11.0,2012.0
105,Peep Show,7,6,TV Series,8.1,572,8.7,65906,25.0,Comedy,29.0,12.0,2010.0
105,Peep Show,2,3,TV Series,7.7,716,8.7,65906,25.0,Comedy,26.0,11.0,2004.0
105,Peep Show,2,2,TV Series,8.2,816,8.7,65906,25.0,Comedy,19.0,11.0,2004.0
105,Peep Show,4,5,TV Series,9.1,1048,8.7,65906,25.0,Comedy,11.0,5.0,2007.0
105,Peep Show,4,4,TV Series,8.4,715,8.7,65906,25.0,Comedy,4.0,5.0,2007.0
105,Peep Show,4,3,TV Series,8.1,674,8.7,65906,25.0,Comedy,27.0,4.0,2007.0
105,Peep Show,9,4,TV Series,7.8,488,8.7,65906,25.0,Comedy,2.0,12.0,2015.0
105,Peep Show,9,3,TV Series,9.0,817,8.7,65906,25.0,Comedy,25.0,11.0,2015.0
105,Peep Show,9,2,TV Series,8.0,565,8.7,65906,25.0,Comedy,18.0,11.0,2015.0
105,Peep Show,5,1,TV Series,8.0,671,8.7,65906,25.0,Comedy,2.0,5.0,2008.0
105,Peep Show,4,6,TV Series,9.2,1056,8.7,65906,25.0,Comedy,18.0,5.0,2007.0
105,Peep Show,3,6,TV Series,8.5,741,8.7,65906,25.0,Comedy,16.0,12.0,2005.0
105,Peep Show,3,5,TV Series,8.1,684,8.7,65906,25.0,Comedy,9.0,12.0,2005.0
105,Peep Show,3,4,TV Series,7.9,670,8.7,65906,25.0,Comedy,2.0,12.0,2005.0
105,Peep Show,3,3,TV Series,8.6,805,8.7,65906,25.0,Comedy,25.0,11.0,2005.0
105,Peep Show,3,2,TV Series,7.8,730,8.7,65906,25.0,Comedy,18.0,11.0,2005.0
105,Peep Show,3,1,TV Series,7.9,708,8.7,65906,25.0,Comedy,11.0,11.0,2005.0
105,Peep Show,2,6,TV Series,8.1,715,8.7,65906,25.0,Comedy,17.0,12.0,2004.0
105,Peep Show,2,5,TV Series,7.8,693,8.7,65906,25.0,Comedy,10.0,12.0,2004.0
105,Peep Show,2,4,TV Series,8.5,809,8.7,65906,25.0,Comedy,3.0,12.0,2004.0
105,Peep Show,1,4,TV Series,8.0,876,8.7,65906,25.0,Comedy,10.0,10.0,2003.0
105,Peep Show,1,3,TV Series,8.1,908,8.7,65906,25.0,Comedy,3.0,10.0,2003.0
105,Peep Show,1,2,TV Series,7.8,945,8.7,65906,25.0,Comedy,26.0,9.0,2003.0
105,Peep Show,1,1,TV Series,7.5,1086,8.7,65906,25.0,Comedy,12.0,11.0,2004.0
106,Star Trek: The Next Generation,1,4,TV Series,6.3,4105,8.7,134328,44.0,"Action ,Adventure ,Drama",17.0,10.0,1987.0
106,Star Trek: The Next Generation,2,19,TV Series,6.1,3252,8.7,134328,44.0,"Action ,Adventure ,Drama",17.0,6.0,1989.0
106,Star Trek: The Next Generation,2,20,TV Series,7.5,3599,8.7,134328,44.0,"Action ,Adventure ,Drama",24.0,6.0,1989.0
106,Star Trek: The Next Generation,2,21,TV Series,7.7,3520,8.7,134328,44.0,"Action ,Adventure ,Drama",8.0,7.0,1989.0
106,Star Trek: The Next Generation,1,15,TV Series,6.1,3558,8.7,134328,44.0,"Action ,Adventure ,Drama",6.0,2.0,1988.0
106,Star Trek: The Next Generation,1,16,TV Series,6.3,3485,8.7,134328,44.0,"Action ,Adventure ,Drama",13.0,2.0,1988.0
106,Star Trek: The Next Generation,1,17,TV Series,6.8,3451,8.7,134328,44.0,"Action ,Adventure ,Drama",20.0,2.0,1988.0
106,Star Trek: The Next Generation,1,18,TV Series,7.1,3614,8.7,134328,44.0,"Action ,Adventure ,Drama",12.0,3.0,1988.0
106,Star Trek: The Next Generation,1,19,TV Series,7.2,3516,8.7,134328,44.0,"Action ,Adventure ,Drama",19.0,3.0,1988.0
106,Star Trek: The Next Generation,3,5,TV Series,6.7,3348,8.7,134328,44.0,"Action ,Adventure ,Drama",21.0,10.0,1989.0
106,Star Trek: The Next Generation,3,6,TV Series,7.4,3516,8.7,134328,44.0,"Action ,Adventure ,Drama",28.0,10.0,1989.0
106,Star Trek: The Next Generation,3,7,TV Series,7.8,3528,8.7,134328,44.0,"Action ,Adventure ,Drama",4.0,11.0,1989.0
106,Star Trek: The Next Generation,3,8,TV Series,6.3,3279,8.7,134328,44.0,"Action ,Adventure ,Drama",11.0,11.0,1989.0
106,Star Trek: The Next Generation,3,9,TV Series,6.5,3162,8.7,134328,44.0,"Action ,Adventure ,Drama",18.0,11.0,1989.0
106,Star Trek: The Next Generation,3,10,TV Series,8.4,4095,8.7,134328,44.0,"Action ,Adventure ,Drama",1.0,1.0,1990.0
106,Star Trek: The Next Generation,3,11,TV Series,7.5,3458,8.7,134328,44.0,"Action ,Adventure ,Drama",8.0,1.0,1990.0
106,Star Trek: The Next Generation,3,12,TV Series,6.8,3274,8.7,134328,44.0,"Action ,Adventure ,Drama",27.0,1.0,1990.0
106,Star Trek: The Next Generation,3,13,TV Series,8.5,4215,8.7,134328,44.0,"Action ,Adventure ,Drama",3.0,2.0,1990.0
106,Star Trek: The Next Generation,3,14,TV Series,6.7,3275,8.7,134328,44.0,"Action ,Adventure ,Drama",10.0,2.0,1990.0
106,Star Trek: The Next Generation,3,15,TV Series,9.2,5943,8.7,134328,44.0,"Action ,Adventure ,Drama",17.0,2.0,1990.0
106,Star Trek: The Next Generation,2,6,TV Series,6.9,3496,8.7,134328,44.0,"Action ,Adventure ,Drama",21.0,1.0,1989.0
106,Star Trek: The Next Generation,2,7,TV Series,6.5,3340,8.7,134328,44.0,"Action ,Adventure ,Drama",28.0,1.0,1989.0
106,Star Trek: The Next Generation,2,8,TV Series,8.0,3916,8.7,134328,44.0,"Action ,Adventure ,Drama",4.0,2.0,1989.0
106,Star Trek: The Next Generation,2,9,TV Series,9.1,6146,8.7,134328,44.0,"Action ,Adventure ,Drama",11.0,2.0,1989.0
106,Star Trek: The Next Generation,2,10,TV Series,6.2,3531,8.7,134328,44.0,"Action ,Adventure ,Drama",18.0,2.0,1989.0
106,Star Trek: The Next Generation,3,21,TV Series,7.7,3544,8.7,134328,44.0,"Action ,Adventure ,Drama",28.0,4.0,1990.0
106,Star Trek: The Next Generation,3,22,TV Series,7.6,3512,8.7,134328,44.0,"Action ,Adventure ,Drama",5.0,5.0,1990.0
106,Star Trek: The Next Generation,3,23,TV Series,8.1,3765,8.7,134328,44.0,"Action ,Adventure ,Drama",12.0,5.0,1990.0
106,Star Trek: The Next Generation,3,24,TV Series,6.5,3145,8.7,134328,44.0,"Action ,Adventure ,Drama",26.0,5.0,1990.0
106,Star Trek: The Next Generation,3,25,TV Series,6.9,3081,8.7,134328,44.0,"Action ,Adventure ,Drama",2.0,6.0,1990.0
106,Star Trek: The Next Generation,3,26,TV Series,9.3,5709,8.7,134328,44.0,"Action ,Adventure ,Drama",16.0,6.0,1990.0
106,Star Trek: The Next Generation,4,1,TV Series,9.2,5338,8.7,134328,44.0,"Action ,Adventure ,Drama",22.0,9.0,1990.0
106,Star Trek: The Next Generation,4,2,TV Series,8.3,4313,8.7,134328,44.0,"Action ,Adventure ,Drama",29.0,9.0,1990.0
106,Star Trek: The Next Generation,4,3,TV Series,7.7,3547,8.7,134328,44.0,"Action ,Adventure ,Drama",6.0,10.0,1990.0
106,Star Trek: The Next Generation,4,4,TV Series,6.4,3216,8.7,134328,44.0,"Action ,Adventure ,Drama",13.0,10.0,1990.0
106,Star Trek: The Next Generation,4,5,TV Series,7.8,3758,8.7,134328,44.0,"Action ,Adventure ,Drama",20.0,10.0,1990.0
106,Star Trek: The Next Generation,2,22,TV Series,3.3,3948,8.7,134328,44.0,"Action ,Adventure ,Drama",15.0,7.0,1989.0
106,Star Trek: The Next Generation,3,1,TV Series,6.5,3407,8.7,134328,44.0,"Action ,Adventure ,Drama",23.0,9.0,1989.0
106,Star Trek: The Next Generation,3,2,TV Series,7.4,3640,8.7,134328,44.0,"Action ,Adventure ,Drama",30.0,9.0,1989.0
106,Star Trek: The Next Generation,3,3,TV Series,7.6,3988,8.7,134328,44.0,"Action ,Adventure ,Drama",7.0,10.0,1989.0
106,Star Trek: The Next Generation,3,4,TV Series,8.0,4309,8.7,134328,44.0,"Action ,Adventure ,Drama",14.0,10.0,1989.0
106,Star Trek: The Next Generation,4,11,TV Series,8.1,3757,8.7,134328,44.0,"Action ,Adventure ,Drama",5.0,1.0,1991.0
106,Star Trek: The Next Generation,4,12,TV Series,8.1,3555,8.7,134328,44.0,"Action ,Adventure ,Drama",26.0,1.0,1991.0
106,Star Trek: The Next Generation,4,13,TV Series,7.2,3383,8.7,134328,44.0,"Action ,Adventure ,Drama",2.0,2.0,1991.0
106,Star Trek: The Next Generation,4,14,TV Series,8.2,3784,8.7,134328,44.0,"Action ,Adventure ,Drama",9.0,2.0,1991.0
106,Star Trek: The Next Generation,4,15,TV Series,8.1,3672,8.7,134328,44.0,"Action ,Adventure ,Drama",16.0,2.0,1991.0
106,Star Trek: The Next Generation,4,16,TV Series,7.0,3155,8.7,134328,44.0,"Action ,Adventure ,Drama",9.0,3.0,1991.0
106,Star Trek: The Next Generation,4,17,TV Series,7.1,3174,8.7,134328,44.0,"Action ,Adventure ,Drama",16.0,3.0,1991.0
106,Star Trek: The Next Generation,4,18,TV Series,6.7,3006,8.7,134328,44.0,"Action ,Adventure ,Drama",23.0,3.0,1991.0
106,Star Trek: The Next Generation,4,19,TV Series,7.9,3487,8.7,134328,44.0,"Action ,Adventure ,Drama",30.0,3.0,1991.0
106,Star Trek: The Next Generation,4,20,TV Series,7.2,3364,8.7,134328,44.0,"Action ,Adventure ,Drama",20.0,4.0,1991.0
106,Star Trek: The Next Generation,4,21,TV Series,8.4,4118,8.7,134328,44.0,"Action ,Adventure ,Drama",27.0,4.0,1991.0
106,Star Trek: The Next Generation,3,16,TV Series,8.5,4508,8.7,134328,44.0,"Action ,Adventure ,Drama",10.0,3.0,1990.0
106,Star Trek: The Next Generation,3,17,TV Series,8.2,3696,8.7,134328,44.0,"Action ,Adventure ,Drama",17.0,3.0,1990.0
106,Star Trek: The Next Generation,3,18,TV Series,7.4,3374,8.7,134328,44.0,"Action ,Adventure ,Drama",24.0,3.0,1990.0
106,Star Trek: The Next Generation,3,19,TV Series,7.2,3530,8.7,134328,44.0,"Action ,Adventure ,Drama",31.0,3.0,1990.0
106,Star Trek: The Next Generation,3,20,TV Series,7.2,3344,8.7,134328,44.0,"Action ,Adventure ,Drama",21.0,4.0,1990.0
106,Star Trek: The Next Generation,5,1,TV Series,8.4,3416,8.7,134328,44.0,"Action ,Adventure ,Drama",21.0,9.0,1991.0
106,Star Trek: The Next Generation,5,2,TV Series,8.7,5015,8.7,134328,44.0,"Action ,Adventure ,Drama",28.0,9.0,1991.0
106,Star Trek: The Next Generation,5,3,TV Series,7.8,3333,8.7,134328,44.0,"Action ,Adventure ,Drama",5.0,10.0,1991.0
106,Star Trek: The Next Generation,5,4,TV Series,7.2,3085,8.7,134328,44.0,"Action ,Adventure ,Drama",12.0,10.0,1991.0
106,Star Trek: The Next Generation,5,5,TV Series,7.9,3541,8.7,134328,44.0,"Action ,Adventure ,Drama",19.0,10.0,1991.0
106,Star Trek: The Next Generation,5,6,TV Series,7.4,3490,8.7,134328,44.0,"Action ,Adventure ,Drama",26.0,10.0,1991.0
106,Star Trek: The Next Generation,5,7,TV Series,8.2,3494,8.7,134328,44.0,"Action ,Adventure ,Drama",2.0,11.0,1991.0
106,Star Trek: The Next Generation,5,8,TV Series,8.3,3461,8.7,134328,44.0,"Action ,Adventure ,Drama",9.0,11.0,1991.0
106,Star Trek: The Next Generation,5,9,TV Series,7.2,3100,8.7,134328,44.0,"Action ,Adventure ,Drama",16.0,11.0,1991.0
106,Star Trek: The Next Generation,5,10,TV Series,6.5,2819,8.7,134328,44.0,"Action ,Adventure ,Drama",4.0,1.0,1992.0
106,Star Trek: The Next Generation,5,11,TV Series,6.6,2945,8.7,134328,44.0,"Action ,Adventure ,Drama",25.0,1.0,1992.0
106,Star Trek: The Next Generation,4,6,TV Series,6.7,3158,8.7,134328,44.0,"Action ,Adventure ,Drama",27.0,10.0,1990.0
106,Star Trek: The Next Generation,4,7,TV Series,8.3,3661,8.7,134328,44.0,"Action ,Adventure ,Drama",3.0,11.0,1990.0
106,Star Trek: The Next Generation,4,8,TV Series,7.7,3583,8.7,134328,44.0,"Action ,Adventure ,Drama",10.0,11.0,1990.0
106,Star Trek: The Next Generation,4,9,TV Series,6.7,3184,8.7,134328,44.0,"Action ,Adventure ,Drama",17.0,11.0,1990.0
106,Star Trek: The Next Generation,4,10,TV Series,6.0,3084,8.7,134328,44.0,"Action ,Adventure ,Drama",29.0,12.0,1990.0
106,Star Trek: The Next Generation,5,17,TV Series,6.8,3326,8.7,134328,44.0,"Action ,Adventure ,Drama",14.0,3.0,1992.0
106,Star Trek: The Next Generation,5,18,TV Series,8.9,4687,8.7,134328,44.0,"Action ,Adventure ,Drama",21.0,3.0,1992.0
106,Star Trek: The Next Generation,5,19,TV Series,7.8,3313,8.7,134328,44.0,"Action ,Adventure ,Drama",28.0,3.0,1992.0
106,Star Trek: The Next Generation,5,20,TV Series,6.1,2826,8.7,134328,44.0,"Action ,Adventure ,Drama",18.0,4.0,1992.0
106,Star Trek: The Next Generation,5,21,TV Series,7.3,3304,8.7,134328,44.0,"Action ,Adventure ,Drama",25.0,4.0,1992.0
106,Star Trek: The Next Generation,5,22,TV Series,6.0,2824,8.7,134328,44.0,"Action ,Adventure ,Drama",2.0,5.0,1992.0
106,Star Trek: The Next Generation,5,23,TV Series,8.8,4252,8.7,134328,44.0,"Action ,Adventure ,Drama",9.0,5.0,1992.0
106,Star Trek: The Next Generation,5,24,TV Series,8.3,3398,8.7,134328,44.0,"Action ,Adventure ,Drama",16.0,5.0,1992.0
106,Star Trek: The Next Generation,5,25,TV Series,9.4,8132,8.7,134328,44.0,"Action ,Adventure ,Drama",30.0,5.0,1992.0
106,Star Trek: The Next Generation,5,26,TV Series,8.3,3609,8.7,134328,44.0,"Action ,Adventure ,Drama",13.0,6.0,1992.0
106,Star Trek: The Next Generation,6,1,TV Series,8.2,3584,8.7,134328,44.0,"Action ,Adventure ,Drama",19.0,9.0,1992.0
106,Star Trek: The Next Generation,4,22,TV Series,7.3,3251,8.7,134328,44.0,"Action ,Adventure ,Drama",4.0,5.0,1991.0
106,Star Trek: The Next Generation,4,23,TV Series,6.4,3005,8.7,134328,44.0,"Action ,Adventure ,Drama",11.0,5.0,1991.0
106,Star Trek: The Next Generation,4,24,TV Series,7.7,3113,8.7,134328,44.0,"Action ,Adventure ,Drama",25.0,5.0,1991.0
106,Star Trek: The Next Generation,4,25,TV Series,7.1,3075,8.7,134328,44.0,"Action ,Adventure ,Drama",1.0,6.0,1991.0
106,Star Trek: The Next Generation,4,26,TV Series,8.4,3386,8.7,134328,44.0,"Action ,Adventure ,Drama",15.0,6.0,1991.0
106,Star Trek: The Next Generation,6,7,TV Series,7.2,3227,8.7,134328,44.0,"Action ,Adventure ,Drama",31.0,10.0,1992.0
106,Star Trek: The Next Generation,6,8,TV Series,7.4,3167,8.7,134328,44.0,"Action ,Adventure ,Drama",7.0,11.0,1992.0
106,Star Trek: The Next Generation,6,9,TV Series,7.4,2896,8.7,134328,44.0,"Action ,Adventure ,Drama",14.0,11.0,1992.0
106,Star Trek: The Next Generation,6,10,TV Series,8.3,3608,8.7,134328,44.0,"Action ,Adventure ,Drama",12.0,12.0,1992.0
106,Star Trek: The Next Generation,6,11,TV Series,8.9,3950,8.7,134328,44.0,"Action ,Adventure ,Drama",19.0,12.0,1992.0
106,Star Trek: The Next Generation,6,12,TV Series,8.5,3605,8.7,134328,44.0,"Action ,Adventure ,Drama",23.0,1.0,1993.0
106,Star Trek: The Next Generation,6,13,TV Series,6.0,2800,8.7,134328,44.0,"Action ,Adventure ,Drama",30.0,1.0,1993.0
106,Star Trek: The Next Generation,6,14,TV Series,7.9,3185,8.7,134328,44.0,"Action ,Adventure ,Drama",6.0,2.0,1993.0
106,Star Trek: The Next Generation,6,15,TV Series,8.8,4231,8.7,134328,44.0,"Action ,Adventure ,Drama",13.0,2.0,1993.0
106,Star Trek: The Next Generation,6,16,TV Series,7.5,2907,8.7,134328,44.0,"Action ,Adventure ,Drama",20.0,2.0,1993.0
106,Star Trek: The Next Generation,6,17,TV Series,7.3,2882,8.7,134328,44.0,"Action ,Adventure ,Drama",27.0,2.0,1993.0
106,Star Trek: The Next Generation,5,12,TV Series,6.2,2807,8.7,134328,44.0,"Action ,Adventure ,Drama",1.0,2.0,1992.0
106,Star Trek: The Next Generation,5,13,TV Series,6.7,2893,8.7,134328,44.0,"Action ,Adventure ,Drama",8.0,2.0,1992.0
106,Star Trek: The Next Generation,5,14,TV Series,8.2,3536,8.7,134328,44.0,"Action ,Adventure ,Drama",15.0,2.0,1992.0
106,Star Trek: The Next Generation,5,15,TV Series,7.3,2990,8.7,134328,44.0,"Action ,Adventure ,Drama",22.0,2.0,1992.0
106,Star Trek: The Next Generation,5,16,TV Series,7.2,3035,8.7,134328,44.0,"Action ,Adventure ,Drama",29.0,2.0,1992.0
106,Star Trek: The Next Generation,6,23,TV Series,7.1,2660,8.7,134328,44.0,"Action ,Adventure ,Drama",15.0,5.0,1993.0
106,Star Trek: The Next Generation,6,24,TV Series,7.5,2884,8.7,134328,44.0,"Action ,Adventure ,Drama",22.0,5.0,1993.0
106,Star Trek: The Next Generation,6,25,TV Series,8.5,3333,8.7,134328,44.0,"Action ,Adventure ,Drama",14.0,6.0,1993.0
106,Star Trek: The Next Generation,6,26,TV Series,8.1,3020,8.7,134328,44.0,"Action ,Adventure ,Drama",21.0,6.0,1993.0
106,Star Trek: The Next Generation,7,1,TV Series,7.7,3074,8.7,134328,44.0,"Action ,Adventure ,Drama",18.0,9.0,1993.0
106,Star Trek: The Next Generation,7,2,TV Series,6.6,2694,8.7,134328,44.0,"Action ,Adventure ,Drama",25.0,9.0,1993.0
106,Star Trek: The Next Generation,7,3,TV Series,6.2,2609,8.7,134328,44.0,"Action ,Adventure ,Drama",2.0,10.0,1993.0
106,Star Trek: The Next Generation,7,4,TV Series,7.8,2981,8.7,134328,44.0,"Action ,Adventure ,Drama",9.0,10.0,1993.0
106,Star Trek: The Next Generation,7,5,TV Series,7.9,2978,8.7,134328,44.0,"Action ,Adventure ,Drama",16.0,10.0,1993.0
106,Star Trek: The Next Generation,7,6,TV Series,7.5,2907,8.7,134328,44.0,"Action ,Adventure ,Drama",23.0,10.0,1993.0
106,Star Trek: The Next Generation,7,7,TV Series,6.4,2858,8.7,134328,44.0,"Action ,Adventure ,Drama",30.0,10.0,1993.0
106,Star Trek: The Next Generation,6,2,TV Series,7.2,2950,8.7,134328,44.0,"Action ,Adventure ,Drama",26.0,9.0,1992.0
106,Star Trek: The Next Generation,6,3,TV Series,5.7,2829,8.7,134328,44.0,"Action ,Adventure ,Drama",3.0,10.0,1992.0
106,Star Trek: The Next Generation,6,4,TV Series,8.5,3875,8.7,134328,44.0,"Action ,Adventure ,Drama",10.0,10.0,1992.0
106,Star Trek: The Next Generation,6,5,TV Series,7.5,3091,8.7,134328,44.0,"Action ,Adventure ,Drama",17.0,10.0,1992.0
106,Star Trek: The Next Generation,6,6,TV Series,7.4,3118,8.7,134328,44.0,"Action ,Adventure ,Drama",24.0,10.0,1992.0
106,Star Trek: The Next Generation,7,13,TV Series,7.0,2733,8.7,134328,44.0,"Action ,Adventure ,Drama",15.0,1.0,1994.0
106,Star Trek: The Next Generation,7,14,TV Series,4.8,3226,8.7,134328,44.0,"Action ,Adventure ,Drama",29.0,1.0,1994.0
106,Star Trek: The Next Generation,7,15,TV Series,8.7,4091,8.7,134328,44.0,"Action ,Adventure ,Drama",5.0,2.0,1994.0
106,Star Trek: The Next Generation,7,16,TV Series,7.8,3001,8.7,134328,44.0,"Action ,Adventure ,Drama",12.0,2.0,1994.0
106,Star Trek: The Next Generation,7,17,TV Series,5.8,2974,8.7,134328,44.0,"Action ,Adventure ,Drama",19.0,2.0,1994.0
106,Star Trek: The Next Generation,7,18,TV Series,6.6,2658,8.7,134328,44.0,"Action ,Adventure ,Drama",26.0,2.0,1994.0
106,Star Trek: The Next Generation,7,19,TV Series,7.0,2996,8.7,134328,44.0,"Action ,Adventure ,Drama",19.0,3.0,1994.0
106,Star Trek: The Next Generation,7,20,TV Series,6.2,2829,8.7,134328,44.0,"Action ,Adventure ,Drama",26.0,3.0,1994.0
106,Star Trek: The Next Generation,7,21,TV Series,6.7,2551,8.7,134328,44.0,"Action ,Adventure ,Drama",23.0,4.0,1994.0
106,Star Trek: The Next Generation,7,22,TV Series,6.5,2488,8.7,134328,44.0,"Action ,Adventure ,Drama",30.0,4.0,1994.0
106,Star Trek: The Next Generation,7,23,TV Series,6.5,2533,8.7,134328,44.0,"Action ,Adventure ,Drama",7.0,5.0,1994.0
106,Star Trek: The Next Generation,6,18,TV Series,7.9,3210,8.7,134328,44.0,"Action ,Adventure ,Drama",27.0,3.0,1993.0
106,Star Trek: The Next Generation,6,19,TV Series,7.5,3154,8.7,134328,44.0,"Action ,Adventure ,Drama",3.0,4.0,1993.0
106,Star Trek: The Next Generation,6,20,TV Series,8.0,3352,8.7,134328,44.0,"Action ,Adventure ,Drama",24.0,4.0,1993.0
106,Star Trek: The Next Generation,6,21,TV Series,8.1,3361,8.7,134328,44.0,"Action ,Adventure ,Drama",1.0,5.0,1993.0
106,Star Trek: The Next Generation,6,22,TV Series,7.0,2751,8.7,134328,44.0,"Action ,Adventure ,Drama",8.0,5.0,1993.0
106,Star Trek: The Next Generation,7,9,TV Series,6.3,2726,8.7,134328,44.0,"Action ,Adventure ,Drama",13.0,11.0,1993.0
106,Star Trek: The Next Generation,7,10,TV Series,7.5,2831,8.7,134328,44.0,"Action ,Adventure ,Drama",20.0,11.0,1993.0
106,Star Trek: The Next Generation,7,12,TV Series,8.5,3372,8.7,134328,44.0,"Action ,Adventure ,Drama",8.0,1.0,1994.0
106,Star Trek: The Next Generation,7,8,TV Series,7.5,2828,8.7,134328,44.0,"Action ,Adventure ,Drama",6.0,11.0,1993.0
106,Star Trek: The Next Generation,7,11,TV Series,8.8,3792,8.7,134328,44.0,"Action ,Adventure ,Drama",27.0,11.0,1993.0
106,Star Trek: The Next Generation,2,4,TV Series,6.2,3700,8.7,134328,44.0,"Action ,Adventure ,Drama",10.0,12.0,1988.0
106,Star Trek: The Next Generation,2,3,TV Series,8.1,4285,8.7,134328,44.0,"Action ,Adventure ,Drama",5.0,12.0,1988.0
106,Star Trek: The Next Generation,2,12,TV Series,6.6,3692,8.7,134328,44.0,"Action ,Adventure ,Drama",25.0,3.0,1989.0
106,Star Trek: The Next Generation,2,11,TV Series,7.6,3509,8.7,134328,44.0,"Action ,Adventure ,Drama",18.0,3.0,1989.0
106,Star Trek: The Next Generation,2,17,TV Series,6.5,3275,8.7,134328,44.0,"Action ,Adventure ,Drama",13.0,5.0,1989.0
106,Star Trek: The Next Generation,2,18,TV Series,6.2,3468,8.7,134328,44.0,"Action ,Adventure ,Drama",20.0,5.0,1989.0
106,Star Trek: The Next Generation,2,15,TV Series,6.8,3419,8.7,134328,44.0,"Action ,Adventure ,Drama",29.0,4.0,1989.0
106,Star Trek: The Next Generation,2,14,TV Series,6.2,3194,8.7,134328,44.0,"Action ,Adventure ,Drama",22.0,4.0,1989.0
106,Star Trek: The Next Generation,2,13,TV Series,7.5,3630,8.7,134328,44.0,"Action ,Adventure ,Drama",1.0,4.0,1989.0
106,Star Trek: The Next Generation,2,16,TV Series,8.9,4999,8.7,134328,44.0,"Action ,Adventure ,Drama",6.0,5.0,1989.0
106,Star Trek: The Next Generation,1,1,TV Series,6.9,7233,8.7,134328,44.0,"Action ,Adventure ,Drama",26.0,9.0,1987.0
106,Star Trek: The Next Generation,2,5,TV Series,6.5,3487,8.7,134328,44.0,"Action ,Adventure ,Drama",7.0,1.0,1989.0
106,Star Trek: The Next Generation,1,2,TV Series,6.5,4637,8.7,134328,44.0,"Action ,Adventure ,Drama",3.0,10.0,1987.0
106,Star Trek: The Next Generation,1,3,TV Series,5.1,4542,8.7,134328,44.0,"Action ,Adventure ,Drama",10.0,10.0,1987.0
106,Star Trek: The Next Generation,1,5,TV Series,7.5,4505,8.7,134328,44.0,"Action ,Adventure ,Drama",24.0,10.0,1987.0
106,Star Trek: The Next Generation,1,6,TV Series,6.3,3736,8.7,134328,44.0,"Action ,Adventure ,Drama",31.0,10.0,1987.0
106,Star Trek: The Next Generation,7,24,TV Series,7.9,2811,8.7,134328,44.0,"Action ,Adventure ,Drama",14.0,5.0,1994.0
106,Star Trek: The Next Generation,7,25,TV Series,9.1,9195,8.7,134328,44.0,"Action ,Adventure ,Drama",23.0,5.0,1994.0
106,Star Trek: The Next Generation,1,13,TV Series,5.7,3729,8.7,134328,44.0,"Action ,Adventure ,Drama",23.0,1.0,1988.0
106,Star Trek: The Next Generation,1,14,TV Series,7.4,4019,8.7,134328,44.0,"Action ,Adventure ,Drama",30.0,1.0,1988.0
106,Star Trek: The Next Generation,1,20,TV Series,7.1,3587,8.7,134328,44.0,"Action ,Adventure ,Drama",9.0,4.0,1988.0
106,Star Trek: The Next Generation,1,21,TV Series,6.9,3582,8.7,134328,44.0,"Action ,Adventure ,Drama",16.0,4.0,1988.0
106,Star Trek: The Next Generation,1,22,TV Series,6.8,3990,8.7,134328,44.0,"Action ,Adventure ,Drama",23.0,4.0,1988.0
106,Star Trek: The Next Generation,1,23,TV Series,6.5,3419,8.7,134328,44.0,"Action ,Adventure ,Drama",30.0,4.0,1988.0
106,Star Trek: The Next Generation,1,11,TV Series,7.2,3937,8.7,134328,44.0,"Action ,Adventure ,Drama",9.0,1.0,1988.0
106,Star Trek: The Next Generation,1,12,TV Series,7.6,4100,8.7,134328,44.0,"Action ,Adventure ,Drama",16.0,1.0,1988.0
106,Star Trek: The Next Generation,1,8,TV Series,6.8,3776,8.7,134328,44.0,"Action ,Adventure ,Drama",14.0,11.0,1987.0
106,Star Trek: The Next Generation,1,9,TV Series,6.9,3956,8.7,134328,44.0,"Action ,Adventure ,Drama",21.0,11.0,1987.0
106,Star Trek: The Next Generation,1,10,TV Series,6.2,3665,8.7,134328,44.0,"Action ,Adventure ,Drama",28.0,11.0,1987.0
106,Star Trek: The Next Generation,1,7,TV Series,6.0,4079,8.7,134328,44.0,"Action ,Adventure ,Drama",7.0,11.0,1987.0
106,Star Trek: The Next Generation,1,25,TV Series,7.4,3802,8.7,134328,44.0,"Action ,Adventure ,Drama",14.0,5.0,1988.0
106,Star Trek: The Next Generation,1,24,TV Series,8.1,4235,8.7,134328,44.0,"Action ,Adventure ,Drama",7.0,5.0,1988.0
106,Star Trek: The Next Generation,2,2,TV Series,7.0,3634,8.7,134328,44.0,"Action ,Adventure ,Drama",28.0,11.0,1988.0
106,Star Trek: The Next Generation,2,1,TV Series,5.8,3866,8.7,134328,44.0,"Action ,Adventure ,Drama",21.0,11.0,1988.0
107,Stranger Things,4,1,TV Series,8.1,23464,8.7,1317933,51.0,"Drama ,Fantasy ,Horror",27.0,5.0,2022.0
107,Stranger Things,3,8,TV Series,9.2,30626,8.7,1317933,51.0,"Drama ,Fantasy ,Horror",4.0,7.0,2019.0
107,Stranger Things,3,7,TV Series,8.7,20343,8.7,1317933,51.0,"Drama ,Fantasy ,Horror",4.0,7.0,2019.0
107,Stranger Things,3,6,TV Series,8.5,19685,8.7,1317933,51.0,"Drama ,Fantasy ,Horror",4.0,7.0,2019.0
107,Stranger Things,3,5,TV Series,8.5,19514,8.7,1317933,51.0,"Drama ,Fantasy ,Horror",4.0,7.0,2019.0
107,Stranger Things,3,4,TV Series,8.9,21394,8.7,1317933,51.0,"Drama ,Fantasy ,Horror",4.0,7.0,2019.0
107,Stranger Things,3,3,TV Series,8.3,19971,8.7,1317933,51.0,"Drama ,Fantasy ,Horror",4.0,7.0,2019.0
107,Stranger Things,2,3,TV Series,8.5,19502,8.7,1317933,51.0,"Drama ,Fantasy ,Horror",27.0,10.0,2017.0
107,Stranger Things,2,5,TV Series,8.8,19709,8.7,1317933,51.0,"Drama ,Fantasy ,Horror",27.0,10.0,2017.0
107,Stranger Things,2,4,TV Series,8.5,19254,8.7,1317933,51.0,"Drama ,Fantasy ,Horror",27.0,10.0,2017.0
107,Stranger Things,2,6,TV Series,9.1,21106,8.7,1317933,51.0,"Drama ,Fantasy ,Horror",27.0,10.0,2017.0
107,Stranger Things,1,6,TV Series,8.8,21953,8.7,1317933,51.0,"Drama ,Fantasy ,Horror",15.0,7.0,2016.0
107,Stranger Things,2,2,TV Series,8.3,19910,8.7,1317933,51.0,"Drama ,Fantasy ,Horror",27.0,10.0,2017.0
107,Stranger Things,2,1,TV Series,8.1,21268,8.7,1317933,51.0,"Drama ,Fantasy ,Horror",27.0,10.0,2017.0
107,Stranger Things,1,5,TV Series,8.6,22060,8.7,1317933,51.0,"Drama ,Fantasy ,Horror",15.0,7.0,2016.0
107,Stranger Things,1,4,TV Series,8.9,23285,8.7,1317933,51.0,"Drama ,Fantasy ,Horror",15.0,7.0,2016.0
107,Stranger Things,4,3,TV Series,8.3,19767,8.7,1317933,51.0,"Drama ,Fantasy ,Horror",27.0,5.0,2022.0
107,Stranger Things,3,2,TV Series,7.9,20608,8.7,1317933,51.0,"Drama ,Fantasy ,Horror",4.0,7.0,2019.0
107,Stranger Things,3,1,TV Series,7.8,22653,8.7,1317933,51.0,"Drama ,Fantasy ,Horror",4.0,7.0,2019.0
107,Stranger Things,2,9,TV Series,9.3,25488,8.7,1317933,51.0,"Drama ,Fantasy ,Horror",27.0,10.0,2017.0
107,Stranger Things,2,8,TV Series,9.2,22863,8.7,1317933,51.0,"Drama ,Fantasy ,Horror",27.0,10.0,2017.0
107,Stranger Things,2,7,TV Series,6.1,29654,8.7,1317933,51.0,"Drama ,Fantasy ,Horror",27.0,10.0,2017.0
107,Stranger Things,5,1,TV Series,7.3,0,8.7,1317933,51.0,"Drama ,Fantasy ,Horror",35.0,15.0,2025.0
107,Stranger Things,4,9,TV Series,9.1,32431,8.7,1317933,51.0,"Drama ,Fantasy ,Horror",1.0,7.0,2022.0
107,Stranger Things,5,8,TV Series,7.3,0,8.7,1317933,51.0,"Drama ,Fantasy ,Horror",35.0,15.0,2025.0
107,Stranger Things,5,7,TV Series,7.3,0,8.7,1317933,51.0,"Drama ,Fantasy ,Horror",35.0,15.0,2025.0
107,Stranger Things,5,6,TV Series,7.3,0,8.7,1317933,51.0,"Drama ,Fantasy ,Horror",35.0,15.0,2025.0
107,Stranger Things,5,5,TV Series,7.3,0,8.7,1317933,51.0,"Drama ,Fantasy ,Horror",35.0,15.0,2025.0
107,Stranger Things,5,4,TV Series,7.3,0,8.7,1317933,51.0,"Drama ,Fantasy ,Horror",35.0,15.0,2025.0
107,Stranger Things,5,3,TV Series,7.3,0,8.7,1317933,51.0,"Drama ,Fantasy ,Horror",35.0,15.0,2025.0
107,Stranger Things,5,2,TV Series,7.3,0,8.7,1317933,51.0,"Drama ,Fantasy ,Horror",35.0,15.0,2025.0
107,Stranger Things,1,3,TV Series,8.8,23705,8.7,1317933,51.0,"Drama ,Fantasy ,Horror",15.0,7.0,2016.0
107,Stranger Things,1,2,TV Series,8.4,23859,8.7,1317933,51.0,"Drama ,Fantasy ,Horror",15.0,7.0,2016.0
107,Stranger Things,4,2,TV Series,8.1,20492,8.7,1317933,51.0,"Drama ,Fantasy ,Horror",27.0,5.0,2022.0
107,Stranger Things,1,8,TV Series,9.3,26952,8.7,1317933,51.0,"Drama ,Fantasy ,Horror",15.0,7.0,2016.0
107,Stranger Things,1,7,TV Series,9.0,22918,8.7,1317933,51.0,"Drama ,Fantasy ,Horror",15.0,7.0,2016.0
107,Stranger Things,4,4,TV Series,9.4,37135,8.7,1317933,51.0,"Drama ,Fantasy ,Horror",27.0,5.0,2022.0
107,Stranger Things,4,5,TV Series,8.1,18966,8.7,1317933,51.0,"Drama ,Fantasy ,Horror",27.0,5.0,2022.0
107,Stranger Things,4,6,TV Series,8.5,19379,8.7,1317933,51.0,"Drama ,Fantasy ,Horror",27.0,5.0,2022.0
107,Stranger Things,1,1,TV Series,8.5,26942,8.7,1317933,51.0,"Drama ,Fantasy ,Horror",15.0,7.0,2016.0
107,Stranger Things,4,8,TV Series,8.6,21434,8.7,1317933,51.0,"Drama ,Fantasy ,Horror",1.0,7.0,2022.0
107,Stranger Things,4,7,TV Series,9.6,40848,8.7,1317933,51.0,"Drama ,Fantasy ,Horror",27.0,5.0,2022.0
108,Mahabharat,1,8,TV Series,5.7,84,8.9,23062,45.0,"Action ,Adventure ,Drama",20.0,11.0,1988.0
108,Mahabharat,1,43,TV Series,6.8,46,8.9,23062,45.0,"Action ,Adventure ,Drama",35.0,15.0,1989.0
108,Mahabharat,1,42,TV Series,6.3,45,8.9,23062,45.0,"Action ,Adventure ,Drama",35.0,15.0,1989.0
108,Mahabharat,1,9,TV Series,5.6,74,8.9,23062,45.0,"Action ,Adventure ,Drama",27.0,11.0,1988.0
108,Mahabharat,1,44,TV Series,6.1,44,8.9,23062,45.0,"Action ,Adventure ,Drama",35.0,15.0,1989.0
108,Mahabharat,1,47,TV Series,7.2,66,8.9,23062,45.0,"Action ,Adventure ,Drama",35.0,15.0,1989.0
108,Mahabharat,1,46,TV Series,6.6,45,8.9,23062,45.0,"Action ,Adventure ,Drama",35.0,15.0,1989.0
108,Mahabharat,1,45,TV Series,5.9,42,8.9,23062,45.0,"Action ,Adventure ,Drama",35.0,15.0,1989.0
108,Mahabharat,1,49,TV Series,6.8,40,8.9,23062,45.0,"Action ,Adventure ,Drama",35.0,15.0,1989.0
108,Mahabharat,1,18,TV Series,5.2,59,8.9,23062,45.0,"Action ,Adventure ,Drama",29.0,1.0,1989.0
108,Mahabharat,1,19,TV Series,5.2,58,8.9,23062,45.0,"Action ,Adventure ,Drama",5.0,2.0,1989.0
108,Mahabharat,1,48,TV Series,6.8,41,8.9,23062,45.0,"Action ,Adventure ,Drama",35.0,15.0,1989.0
108,Mahabharat,1,20,TV Series,5.8,50,8.9,23062,45.0,"Action ,Adventure ,Drama",12.0,2.0,1989.0
108,Mahabharat,1,7,TV Series,6.9,101,8.9,23062,45.0,"Action ,Adventure ,Drama",13.0,11.0,1988.0
108,Mahabharat,1,25,TV Series,6.5,41,8.9,23062,45.0,"Action ,Adventure ,Drama",19.0,3.0,1989.0
108,Mahabharat,1,24,TV Series,7.4,53,8.9,23062,45.0,"Action ,Adventure ,Drama",12.0,3.0,1989.0
108,Mahabharat,1,36,TV Series,6.9,38,8.9,23062,45.0,"Action ,Adventure ,Drama",35.0,15.0,1989.0
108,Mahabharat,1,5,TV Series,5.4,81,8.9,23062,45.0,"Action ,Adventure ,Drama",30.0,10.0,1988.0
108,Mahabharat,1,34,TV Series,6.3,53,8.9,23062,45.0,"Action ,Adventure ,Drama",35.0,15.0,1989.0
108,Mahabharat,1,6,TV Series,5.8,81,8.9,23062,45.0,"Action ,Adventure ,Drama",6.0,11.0,1988.0
108,Mahabharat,1,35,TV Series,7.0,60,8.9,23062,45.0,"Action ,Adventure ,Drama",35.0,15.0,1989.0
108,Mahabharat,1,23,TV Series,7.3,55,8.9,23062,45.0,"Action ,Adventure ,Drama",5.0,3.0,1989.0
108,Mahabharat,1,41,TV Series,6.0,47,8.9,23062,45.0,"Action ,Adventure ,Drama",35.0,15.0,1989.0
108,Mahabharat,1,38,TV Series,5.8,45,8.9,23062,45.0,"Action ,Adventure ,Drama",35.0,15.0,1989.0
108,Mahabharat,1,39,TV Series,6.1,43,8.9,23062,45.0,"Action ,Adventure ,Drama",35.0,15.0,1989.0
108,Mahabharat,1,37,TV Series,5.9,48,8.9,23062,45.0,"Action ,Adventure ,Drama",35.0,15.0,1989.0
108,Mahabharat,1,22,TV Series,7.0,46,8.9,23062,45.0,"Action ,Adventure ,Drama",26.0,2.0,1989.0
108,Mahabharat,1,21,TV Series,5.6,51,8.9,23062,45.0,"Action ,Adventure ,Drama",19.0,2.0,1989.0
108,Mahabharat,1,50,TV Series,6.8,40,8.9,23062,45.0,"Action ,Adventure ,Drama",35.0,15.0,1989.0
108,Mahabharat,1,40,TV Series,6.2,58,8.9,23062,45.0,"Action ,Adventure ,Drama",35.0,15.0,1989.0
108,Mahabharat,1,13,TV Series,5.2,67,8.9,23062,45.0,"Action ,Adventure ,Drama",25.0,12.0,1988.0
108,Mahabharat,1,14,TV Series,5.5,63,8.9,23062,45.0,"Action ,Adventure ,Drama",1.0,1.0,1989.0
108,Mahabharat,1,26,TV Series,5.8,50,8.9,23062,45.0,"Action ,Adventure ,Drama",35.0,15.0,1989.0
108,Mahabharat,1,27,TV Series,5.9,48,8.9,23062,45.0,"Action ,Adventure ,Drama",35.0,15.0,1989.0
108,Mahabharat,1,28,TV Series,7.1,57,8.9,23062,45.0,"Action ,Adventure ,Drama",35.0,15.0,1989.0
108,Mahabharat,1,29,TV Series,6.3,48,8.9,23062,45.0,"Action ,Adventure ,Drama",35.0,15.0,1989.0
108,Mahabharat,1,30,TV Series,6.6,43,8.9,23062,45.0,"Action ,Adventure ,Drama",35.0,15.0,1989.0
108,Mahabharat,1,31,TV Series,6.0,47,8.9,23062,45.0,"Action ,Adventure ,Drama",35.0,15.0,1989.0
108,Mahabharat,1,32,TV Series,5.9,45,8.9,23062,45.0,"Action ,Adventure ,Drama",35.0,15.0,1989.0
108,Mahabharat,1,33,TV Series,6.7,43,8.9,23062,45.0,"Action ,Adventure ,Drama",35.0,15.0,1989.0
108,Mahabharat,1,2,TV Series,5.9,96,8.9,23062,45.0,"Action ,Adventure ,Drama",9.0,10.0,1988.0
108,Mahabharat,1,3,TV Series,5.9,86,8.9,23062,45.0,"Action ,Adventure ,Drama",16.0,10.0,1988.0
108,Mahabharat,1,4,TV Series,6.2,103,8.9,23062,45.0,"Action ,Adventure ,Drama",23.0,10.0,1988.0
108,Mahabharat,1,10,TV Series,5.4,66,8.9,23062,45.0,"Action ,Adventure ,Drama",4.0,12.0,1988.0
108,Mahabharat,1,15,TV Series,5.2,63,8.9,23062,45.0,"Action ,Adventure ,Drama",8.0,1.0,1989.0
108,Mahabharat,1,16,TV Series,5.3,65,8.9,23062,45.0,"Action ,Adventure ,Drama",15.0,1.0,1989.0
108,Mahabharat,1,17,TV Series,5.7,65,8.9,23062,45.0,"Action ,Adventure ,Drama",22.0,1.0,1989.0
108,Mahabharat,1,1,TV Series,7.5,142,8.9,23062,45.0,"Action ,Adventure ,Drama",2.0,10.0,1988.0
108,Mahabharat,1,11,TV Series,5.6,73,8.9,23062,45.0,"Action ,Adventure ,Drama",11.0,12.0,1988.0
108,Mahabharat,1,12,TV Series,5.4,67,8.9,23062,45.0,"Action ,Adventure ,Drama",18.0,12.0,1988.0
109,The Adventures of Sherlock Holmes,1,2,TV Series,8.1,1337,8.7,23990,688.0,"Crime ,Drama ,Mystery",1.0,5.0,1984.0
109,The Adventures of Sherlock Holmes,1,7,TV Series,8.1,1139,8.7,23990,688.0,"Crime ,Drama ,Mystery",5.0,6.0,1984.0
109,The Adventures of Sherlock Holmes,2,5,TV Series,8.4,1145,8.7,23990,688.0,"Crime ,Drama ,Mystery",22.0,9.0,1985.0
109,The Adventures of Sherlock Holmes,1,6,TV Series,8.3,1234,8.7,23990,688.0,"Crime ,Drama ,Mystery",29.0,5.0,1984.0
109,The Adventures of Sherlock Holmes,2,1,TV Series,8.0,1109,8.7,23990,688.0,"Crime ,Drama ,Mystery",25.0,8.0,1985.0
109,The Adventures of Sherlock Holmes,2,2,TV Series,7.9,1054,8.7,23990,688.0,"Crime ,Drama ,Mystery",1.0,9.0,1985.0
109,The Adventures of Sherlock Holmes,1,1,TV Series,7.9,1477,8.7,23990,688.0,"Crime ,Drama ,Mystery",24.0,4.0,1984.0
109,The Adventures of Sherlock Holmes,1,5,TV Series,7.9,1156,8.7,23990,688.0,"Crime ,Drama ,Mystery",22.0,5.0,1984.0
109,The Adventures of Sherlock Holmes,1,4,TV Series,8.1,1206,8.7,23990,688.0,"Crime ,Drama ,Mystery",15.0,5.0,1984.0
109,The Adventures of Sherlock Holmes,1,3,TV Series,7.8,1178,8.7,23990,688.0,"Crime ,Drama ,Mystery",8.0,5.0,1984.0
109,The Adventures of Sherlock Holmes,2,4,TV Series,8.0,998,8.7,23990,688.0,"Crime ,Drama ,Mystery",15.0,9.0,1985.0
109,The Adventures of Sherlock Holmes,2,3,TV Series,8.2,1027,8.7,23990,688.0,"Crime ,Drama ,Mystery",8.0,9.0,1985.0
109,The Adventures of Sherlock Holmes,2,6,TV Series,8.4,1119,8.7,23990,688.0,"Crime ,Drama ,Mystery",29.0,9.0,1985.0
110,The Marvelous Mrs. Maisel,1,2,TV Series,8.3,2915,8.7,141287,2408.0,"Comedy ,Drama",29.0,11.0,2017.0
110,The Marvelous Mrs. Maisel,1,5,TV Series,7.8,2437,8.7,141287,2408.0,"Comedy ,Drama",29.0,11.0,2017.0
110,The Marvelous Mrs. Maisel,4,8,TV Series,9.1,2369,8.7,141287,2408.0,"Comedy ,Drama",11.0,3.0,2022.0
110,The Marvelous Mrs. Maisel,1,3,TV Series,8.5,2747,8.7,141287,2408.0,"Comedy ,Drama",29.0,11.0,2017.0
110,The Marvelous Mrs. Maisel,1,4,TV Series,8.1,2518,8.7,141287,2408.0,"Comedy ,Drama",29.0,11.0,2017.0
110,The Marvelous Mrs. Maisel,4,7,TV Series,8.4,1460,8.7,141287,2408.0,"Comedy ,Drama",11.0,3.0,2022.0
110,The Marvelous Mrs. Maisel,4,4,TV Series,7.7,1426,8.7,141287,2408.0,"Comedy ,Drama",25.0,2.0,2022.0
110,The Marvelous Mrs. Maisel,4,5,TV Series,8.3,1436,8.7,141287,2408.0,"Comedy ,Drama",4.0,3.0,2022.0
110,The Marvelous Mrs. Maisel,4,6,TV Series,8.1,1429,8.7,141287,2408.0,"Comedy ,Drama",4.0,3.0,2022.0
110,The Marvelous Mrs. Maisel,4,2,TV Series,7.7,1566,8.7,141287,2408.0,"Comedy ,Drama",18.0,2.0,2022.0
110,The Marvelous Mrs. Maisel,4,1,TV Series,7.8,1847,8.7,141287,2408.0,"Comedy ,Drama",18.0,2.0,2022.0
110,The Marvelous Mrs. Maisel,4,3,TV Series,8.3,1688,8.7,141287,2408.0,"Comedy ,Drama",25.0,2.0,2022.0
110,The Marvelous Mrs. Maisel,2,5,TV Series,9.2,2607,8.7,141287,2408.0,"Comedy ,Drama",5.0,12.0,2018.0
110,The Marvelous Mrs. Maisel,2,4,TV Series,8.4,2215,8.7,141287,2408.0,"Comedy ,Drama",5.0,12.0,2018.0
110,The Marvelous Mrs. Maisel,2,3,TV Series,8.0,1963,8.7,141287,2408.0,"Comedy ,Drama",5.0,12.0,2018.0
110,The Marvelous Mrs. Maisel,2,9,TV Series,9.1,2222,8.7,141287,2408.0,"Comedy ,Drama",5.0,12.0,2018.0
110,The Marvelous Mrs. Maisel,2,10,TV Series,8.9,2198,8.7,141287,2408.0,"Comedy ,Drama",5.0,12.0,2018.0
110,The Marvelous Mrs. Maisel,2,7,TV Series,8.7,2069,8.7,141287,2408.0,"Comedy ,Drama",5.0,12.0,2018.0
110,The Marvelous Mrs. Maisel,2,6,TV Series,8.6,1950,8.7,141287,2408.0,"Comedy ,Drama",5.0,12.0,2018.0
110,The Marvelous Mrs. Maisel,2,8,TV Series,8.2,1833,8.7,141287,2408.0,"Comedy ,Drama",5.0,12.0,2018.0
110,The Marvelous Mrs. Maisel,3,7,TV Series,8.3,1766,8.7,141287,2408.0,"Comedy ,Drama",6.0,12.0,2019.0
110,The Marvelous Mrs. Maisel,3,6,TV Series,8.5,1767,8.7,141287,2408.0,"Comedy ,Drama",6.0,12.0,2019.0
110,The Marvelous Mrs. Maisel,3,8,TV Series,8.8,2128,8.7,141287,2408.0,"Comedy ,Drama",6.0,12.0,2019.0
110,The Marvelous Mrs. Maisel,1,1,TV Series,8.6,4000,8.7,141287,2408.0,"Comedy ,Drama",17.0,3.0,2017.0
110,The Marvelous Mrs. Maisel,3,3,TV Series,8.5,1802,8.7,141287,2408.0,"Comedy ,Drama",6.0,12.0,2019.0
110,The Marvelous Mrs. Maisel,5,5,TV Series,8.1,1244,8.7,141287,2408.0,"Comedy ,Drama",28.0,4.0,2023.0
110,The Marvelous Mrs. Maisel,5,4,TV Series,7.6,1349,8.7,141287,2408.0,"Comedy ,Drama",21.0,4.0,2023.0
110,The Marvelous Mrs. Maisel,2,2,TV Series,8.5,2109,8.7,141287,2408.0,"Comedy ,Drama",5.0,12.0,2018.0
110,The Marvelous Mrs. Maisel,5,6,TV Series,9.2,2567,8.7,141287,2408.0,"Comedy ,Drama",5.0,5.0,2023.0
110,The Marvelous Mrs. Maisel,3,4,TV Series,8.3,1715,8.7,141287,2408.0,"Comedy ,Drama",6.0,12.0,2019.0
110,The Marvelous Mrs. Maisel,3,5,TV Series,8.7,2204,8.7,141287,2408.0,"Comedy ,Drama",6.0,12.0,2019.0
110,The Marvelous Mrs. Maisel,3,1,TV Series,8.4,1976,8.7,141287,2408.0,"Comedy ,Drama",6.0,12.0,2019.0
110,The Marvelous Mrs. Maisel,3,2,TV Series,7.9,1796,8.7,141287,2408.0,"Comedy ,Drama",6.0,12.0,2019.0
110,The Marvelous Mrs. Maisel,5,9,TV Series,9.5,3685,8.7,141287,2408.0,"Comedy ,Drama",26.0,5.0,2023.0
110,The Marvelous Mrs. Maisel,5,8,TV Series,8.5,1443,8.7,141287,2408.0,"Comedy ,Drama",19.0,5.0,2023.0
110,The Marvelous Mrs. Maisel,5,7,TV Series,8.2,1288,8.7,141287,2408.0,"Comedy ,Drama",12.0,5.0,2023.0
110,The Marvelous Mrs. Maisel,2,1,TV Series,8.2,2384,8.7,141287,2408.0,"Comedy ,Drama",5.0,12.0,2018.0
110,The Marvelous Mrs. Maisel,5,2,TV Series,8.0,1290,8.7,141287,2408.0,"Comedy ,Drama",14.0,4.0,2023.0
110,The Marvelous Mrs. Maisel,5,3,TV Series,8.0,1240,8.7,141287,2408.0,"Comedy ,Drama",14.0,4.0,2023.0
110,The Marvelous Mrs. Maisel,1,6,TV Series,8.2,2401,8.7,141287,2408.0,"Comedy ,Drama",29.0,11.0,2017.0
110,The Marvelous Mrs. Maisel,5,1,TV Series,8.0,1462,8.7,141287,2408.0,"Comedy ,Drama",14.0,4.0,2023.0
110,The Marvelous Mrs. Maisel,1,7,TV Series,8.7,2561,8.7,141287,2408.0,"Comedy ,Drama",29.0,11.0,2017.0
110,The Marvelous Mrs. Maisel,1,8,TV Series,9.0,2940,8.7,141287,2408.0,"Comedy ,Drama",29.0,11.0,2017.0
111,The Grand Tour,2,8,TV Series,8.6,1299,8.7,82313,60.0,"Comedy ,Sport ,Talk-Show",26.0,1.0,2018.0
111,The Grand Tour,2,9,TV Series,8.5,1231,8.7,82313,60.0,"Comedy ,Sport ,Talk-Show",2.0,2.0,2018.0
111,The Grand Tour,2,10,TV Series,8.5,1238,8.7,82313,60.0,"Comedy ,Sport ,Talk-Show",9.0,2.0,2018.0
111,The Grand Tour,2,11,TV Series,7.5,1918,8.7,82313,60.0,"Comedy ,Sport ,Talk-Show",16.0,2.0,2018.0
111,The Grand Tour,3,1,TV Series,8.3,1819,8.7,82313,60.0,"Comedy ,Sport ,Talk-Show",18.0,1.0,2019.0
111,The Grand Tour,3,2,TV Series,8.5,2026,8.7,82313,60.0,"Comedy ,Sport ,Talk-Show",25.0,1.0,2019.0
111,The Grand Tour,1,1,TV Series,8.9,5525,8.7,82313,60.0,"Comedy ,Sport ,Talk-Show",18.0,11.0,2016.0
111,The Grand Tour,1,2,TV Series,6.8,4733,8.7,82313,60.0,"Comedy ,Sport ,Talk-Show",25.0,11.0,2016.0
111,The Grand Tour,1,3,TV Series,8.2,3121,8.7,82313,60.0,"Comedy ,Sport ,Talk-Show",2.0,12.0,2016.0
111,The Grand Tour,3,4,TV Series,7.3,1482,8.7,82313,60.0,"Comedy ,Sport ,Talk-Show",1.0,2.0,2019.0
111,The Grand Tour,3,5,TV Series,8.6,1523,8.7,82313,60.0,"Comedy ,Sport ,Talk-Show",8.0,2.0,2019.0
111,The Grand Tour,3,6,TV Series,8.2,1339,8.7,82313,60.0,"Comedy ,Sport ,Talk-Show",15.0,2.0,2019.0
111,The Grand Tour,3,8,TV Series,8.7,1636,8.7,82313,60.0,"Comedy ,Sport ,Talk-Show",1.0,3.0,2019.0
111,The Grand Tour,3,7,TV Series,8.3,1271,8.7,82313,60.0,"Comedy ,Sport ,Talk-Show",22.0,2.0,2019.0
111,The Grand Tour,3,9,TV Series,8.0,1192,8.7,82313,60.0,"Comedy ,Sport ,Talk-Show",8.0,3.0,2019.0
111,The Grand Tour,3,13,TV Series,9.7,4200,8.7,82313,60.0,"Comedy ,Sport ,Talk-Show",5.0,4.0,2019.0
111,The Grand Tour,3,3,TV Series,8.8,1991,8.7,82313,60.0,"Comedy ,Sport ,Talk-Show",26.0,1.0,2019.0
111,The Grand Tour,5,1,TV Series,8.8,3994,8.7,82313,60.0,"Comedy ,Sport ,Talk-Show",16.0,9.0,2022.0
111,The Grand Tour,5,4,TV Series,7.7,0,8.7,82313,60.0,"Comedy ,Sport ,Talk-Show",35.0,15.0,2024.0
111,The Grand Tour,5,3,TV Series,8.4,1321,8.7,82313,60.0,"Comedy ,Sport ,Talk-Show",16.0,2.0,2024.0
111,The Grand Tour,1,13,TV Series,8.5,1476,8.7,82313,60.0,"Comedy ,Sport ,Talk-Show",3.0,2.0,2017.0
111,The Grand Tour,2,1,TV Series,8.6,2073,8.7,82313,60.0,"Comedy ,Sport ,Talk-Show",8.0,12.0,2017.0
111,The Grand Tour,1,4,TV Series,8.1,2795,8.7,82313,60.0,"Comedy ,Sport ,Talk-Show",9.0,12.0,2016.0
111,The Grand Tour,1,11,TV Series,8.0,1537,8.7,82313,60.0,"Comedy ,Sport ,Talk-Show",20.0,1.0,2017.0
111,The Grand Tour,4,3,TV Series,7.8,2666,8.7,82313,60.0,"Comedy ,Sport ,Talk-Show",30.0,7.0,2021.0
111,The Grand Tour,4,4,TV Series,7.9,2626,8.7,82313,60.0,"Comedy ,Sport ,Talk-Show",17.0,12.0,2021.0
111,The Grand Tour,4,1,TV Series,8.6,4237,8.7,82313,60.0,"Comedy ,Sport ,Talk-Show",13.0,12.0,2019.0
111,The Grand Tour,4,2,TV Series,7.9,3399,8.7,82313,60.0,"Comedy ,Sport ,Talk-Show",17.0,12.0,2020.0
111,The Grand Tour,3,14,TV Series,9.3,1982,8.7,82313,60.0,"Comedy ,Sport ,Talk-Show",12.0,4.0,2019.0
111,The Grand Tour,3,12,TV Series,8.3,1178,8.7,82313,60.0,"Comedy ,Sport ,Talk-Show",29.0,3.0,2019.0
111,The Grand Tour,3,11,TV Series,8.9,1540,8.7,82313,60.0,"Comedy ,Sport ,Talk-Show",22.0,3.0,2019.0
111,The Grand Tour,3,10,TV Series,8.0,1115,8.7,82313,60.0,"Comedy ,Sport ,Talk-Show",15.0,3.0,2019.0
111,The Grand Tour,5,2,TV Series,8.2,2146,8.7,82313,60.0,"Comedy ,Sport ,Talk-Show",16.0,6.0,2023.0
111,The Grand Tour,1,9,TV Series,8.1,1873,8.7,82313,60.0,"Comedy ,Sport ,Talk-Show",6.0,1.0,2017.0
111,The Grand Tour,2,6,TV Series,8.6,1534,8.7,82313,60.0,"Comedy ,Sport ,Talk-Show",12.0,1.0,2018.0
111,The Grand Tour,2,5,TV Series,7.9,1370,8.7,82313,60.0,"Comedy ,Sport ,Talk-Show",5.0,1.0,2018.0
111,The Grand Tour,2,4,TV Series,7.6,1580,8.7,82313,60.0,"Comedy ,Sport ,Talk-Show",29.0,12.0,2017.0
111,The Grand Tour,1,6,TV Series,8.5,2256,8.7,82313,60.0,"Comedy ,Sport ,Talk-Show",23.0,12.0,2016.0
111,The Grand Tour,1,7,TV Series,8.7,2464,8.7,82313,60.0,"Comedy ,Sport ,Talk-Show",30.0,12.0,2016.0
111,The Grand Tour,1,8,TV Series,8.6,2266,8.7,82313,60.0,"Comedy ,Sport ,Talk-Show",31.0,12.0,2016.0
111,The Grand Tour,1,10,TV Series,7.8,1735,8.7,82313,60.0,"Comedy ,Sport ,Talk-Show",13.0,1.0,2017.0
111,The Grand Tour,2,2,TV Series,8.4,1626,8.7,82313,60.0,"Comedy ,Sport ,Talk-Show",15.0,12.0,2017.0
111,The Grand Tour,1,12,TV Series,8.5,1574,8.7,82313,60.0,"Comedy ,Sport ,Talk-Show",27.0,1.0,2017.0
111,The Grand Tour,2,7,TV Series,8.7,1522,8.7,82313,60.0,"Comedy ,Sport ,Talk-Show",19.0,1.0,2018.0
111,The Grand Tour,1,5,TV Series,8.1,2325,8.7,82313,60.0,"Comedy ,Sport ,Talk-Show",16.0,12.0,2016.0
111,The Grand Tour,2,3,TV Series,8.0,1449,8.7,82313,60.0,"Comedy ,Sport ,Talk-Show",22.0,12.0,2017.0
112,Aspirants,1,4,TV Series,9.5,6863,9.2,309999,443.0,Drama,28.0,4.0,2021.0
112,Aspirants,1,3,TV Series,9.3,6404,9.2,309999,443.0,Drama,21.0,4.0,2021.0
112,Aspirants,1,5,TV Series,9.0,4900,9.2,309999,443.0,Drama,8.0,5.0,2021.0
112,Aspirants,2,1,TV Series,8.3,397,9.2,309999,443.0,Drama,25.0,10.0,2023.0
112,Aspirants,2,3,TV Series,8.5,364,9.2,309999,443.0,Drama,25.0,10.0,2023.0
112,Aspirants,2,5,TV Series,8.3,491,9.2,309999,443.0,Drama,25.0,10.0,2023.0
112,Aspirants,2,4,TV Series,8.9,373,9.2,309999,443.0,Drama,25.0,10.0,2023.0
112,Aspirants,2,2,TV Series,8.2,365,9.2,309999,443.0,Drama,25.0,10.0,2023.0
112,Aspirants,1,2,TV Series,9.2,7202,9.2,309999,443.0,Drama,14.0,4.0,2021.0
112,Aspirants,1,1,TV Series,9.2,8107,9.2,309999,443.0,Drama,7.0,4.0,2021.0
113,Justice League Unlimited,1,3,TV Series,7.9,867,8.7,19913,23.0,"Animation ,Action ,Adventure",14.0,8.0,2004.0
113,Justice League Unlimited,1,4,TV Series,6.6,722,8.7,19913,23.0,"Animation ,Action ,Adventure",21.0,8.0,2004.0
113,Justice League Unlimited,3,3,TV Series,7.0,578,8.7,19913,23.0,"Animation ,Action ,Adventure",24.0,9.0,2005.0
113,Justice League Unlimited,3,4,TV Series,7.4,575,8.7,19913,23.0,"Animation ,Action ,Adventure",24.0,9.0,2005.0
113,Justice League Unlimited,3,5,TV Series,8.5,712,8.7,19913,23.0,"Animation ,Action ,Adventure",11.0,2.0,2006.0
113,Justice League Unlimited,1,7,TV Series,8.0,808,8.7,19913,23.0,"Animation ,Action ,Adventure",11.0,9.0,2004.0
113,Justice League Unlimited,1,5,TV Series,7.7,829,8.7,19913,23.0,"Animation ,Action ,Adventure",28.0,8.0,2004.0
113,Justice League Unlimited,1,6,TV Series,7.8,716,8.7,19913,23.0,"Animation ,Action ,Adventure",4.0,9.0,2004.0
113,Justice League Unlimited,3,1,TV Series,7.8,604,8.7,19913,23.0,"Animation ,Action ,Adventure",17.0,9.0,2005.0
113,Justice League Unlimited,3,2,TV Series,7.6,584,8.7,19913,23.0,"Animation ,Action ,Adventure",17.0,9.0,2005.0
113,Justice League Unlimited,3,10,TV Series,8.0,592,8.7,19913,23.0,"Animation ,Action ,Adventure",15.0,4.0,2006.0
113,Justice League Unlimited,3,13,TV Series,9.4,970,8.7,19913,23.0,"Animation ,Action ,Adventure",13.0,5.0,2006.0
113,Justice League Unlimited,3,12,TV Series,8.7,647,8.7,19913,23.0,"Animation ,Action ,Adventure",6.0,5.0,2006.0
113,Justice League Unlimited,3,11,TV Series,7.7,593,8.7,19913,23.0,"Animation ,Action ,Adventure",29.0,4.0,2006.0
113,Justice League Unlimited,2,12,TV Series,9.4,942,8.7,19913,23.0,"Animation ,Action ,Adventure",16.0,7.0,2005.0
113,Justice League Unlimited,2,13,TV Series,9.2,1176,8.7,19913,23.0,"Animation ,Action ,Adventure",23.0,7.0,2005.0
113,Justice League Unlimited,3,9,TV Series,7.8,599,8.7,19913,23.0,"Animation ,Action ,Adventure",11.0,3.0,2006.0
113,Justice League Unlimited,1,12,TV Series,8.5,788,8.7,19913,23.0,"Animation ,Action ,Adventure",1.0,1.0,2005.0
113,Justice League Unlimited,2,11,TV Series,9.0,738,8.7,19913,23.0,"Animation ,Action ,Adventure",9.0,7.0,2005.0
113,Justice League Unlimited,2,10,TV Series,8.9,745,8.7,19913,23.0,"Animation ,Action ,Adventure",2.0,7.0,2005.0
113,Justice League Unlimited,2,9,TV Series,9.0,770,8.7,19913,23.0,"Animation ,Action ,Adventure",25.0,6.0,2005.0
113,Justice League Unlimited,2,8,TV Series,7.4,599,8.7,19913,23.0,"Animation ,Action ,Adventure",18.0,6.0,2005.0
113,Justice League Unlimited,2,7,TV Series,8.4,723,8.7,19913,23.0,"Animation ,Action ,Adventure",11.0,6.0,2005.0
113,Justice League Unlimited,2,6,TV Series,8.3,707,8.7,19913,23.0,"Animation ,Action ,Adventure",4.0,6.0,2005.0
113,Justice League Unlimited,1,11,TV Series,8.2,701,8.7,19913,23.0,"Animation ,Action ,Adventure",18.0,12.0,2004.0
113,Justice League Unlimited,1,8,TV Series,8.5,781,8.7,19913,23.0,"Animation ,Action ,Adventure",18.0,9.0,2004.0
113,Justice League Unlimited,1,9,TV Series,7.8,694,8.7,19913,23.0,"Animation ,Action ,Adventure",4.0,12.0,2004.0
113,Justice League Unlimited,1,2,TV Series,8.6,1044,8.7,19913,23.0,"Animation ,Action ,Adventure",7.0,8.0,2004.0
113,Justice League Unlimited,1,1,TV Series,7.5,819,8.7,19913,23.0,"Animation ,Action ,Adventure",31.0,7.0,2004.0
113,Justice League Unlimited,1,10,TV Series,7.6,656,8.7,19913,23.0,"Animation ,Action ,Adventure",11.0,12.0,2004.0
113,Justice League Unlimited,3,7,TV Series,7.8,612,8.7,19913,23.0,"Animation ,Action ,Adventure",25.0,2.0,2006.0
113,Justice League Unlimited,2,4,TV Series,8.4,692,8.7,19913,23.0,"Animation ,Action ,Adventure",21.0,5.0,2005.0
113,Justice League Unlimited,2,1,TV Series,7.9,668,8.7,19913,23.0,"Animation ,Action ,Adventure",5.0,2.0,2005.0
113,Justice League Unlimited,1,13,TV Series,8.7,811,8.7,19913,23.0,"Animation ,Action ,Adventure",29.0,1.0,2005.0
113,Justice League Unlimited,2,3,TV Series,8.6,755,8.7,19913,23.0,"Animation ,Action ,Adventure",19.0,2.0,2005.0
113,Justice League Unlimited,2,2,TV Series,7.4,623,8.7,19913,23.0,"Animation ,Action ,Adventure",12.0,2.0,2005.0
113,Justice League Unlimited,2,5,TV Series,7.6,623,8.7,19913,23.0,"Animation ,Action ,Adventure",28.0,5.0,2005.0
113,Justice League Unlimited,3,6,TV Series,7.9,587,8.7,19913,23.0,"Animation ,Action ,Adventure",18.0,2.0,2006.0
113,Justice League Unlimited,3,8,TV Series,8.6,677,8.7,19913,23.0,"Animation ,Action ,Adventure",4.0,3.0,2006.0
114,Friday Night Lights,1,18,TV Series,7.8,666,8.7,71892,44.0,"Drama ,Sport",28.0,2.0,2007.0
114,Friday Night Lights,3,6,TV Series,8.1,452,8.7,71892,44.0,"Drama ,Sport",5.0,11.0,2008.0
114,Friday Night Lights,3,5,TV Series,7.8,434,8.7,71892,44.0,"Drama ,Sport",29.0,10.0,2008.0
114,Friday Night Lights,3,4,TV Series,8.8,545,8.7,71892,44.0,"Drama ,Sport",22.0,10.0,2008.0
114,Friday Night Lights,3,3,TV Series,8.2,445,8.7,71892,44.0,"Drama ,Sport",15.0,10.0,2008.0
114,Friday Night Lights,3,2,TV Series,7.9,455,8.7,71892,44.0,"Drama ,Sport",8.0,10.0,2008.0
114,Friday Night Lights,3,1,TV Series,8.1,477,8.7,71892,44.0,"Drama ,Sport",29.0,12.0,2010.0
114,Friday Night Lights,1,5,TV Series,7.9,841,8.7,71892,44.0,"Drama ,Sport",30.0,10.0,2006.0
114,Friday Night Lights,1,4,TV Series,7.6,845,8.7,71892,44.0,"Drama ,Sport",24.0,10.0,2006.0
114,Friday Night Lights,1,3,TV Series,7.8,889,8.7,71892,44.0,"Drama ,Sport",17.0,10.0,2006.0
114,Friday Night Lights,1,2,TV Series,7.7,935,8.7,71892,44.0,"Drama ,Sport",10.0,10.0,2006.0
114,Friday Night Lights,1,1,TV Series,8.4,1417,8.7,71892,44.0,"Drama ,Sport",3.0,10.0,2006.0
114,Friday Night Lights,2,1,TV Series,7.6,633,8.7,71892,44.0,"Drama ,Sport",20.0,9.0,2007.0
114,Friday Night Lights,2,2,TV Series,7.5,575,8.7,71892,44.0,"Drama ,Sport",12.0,10.0,2007.0
114,Friday Night Lights,1,12,TV Series,7.7,744,8.7,71892,44.0,"Drama ,Sport",10.0,1.0,2007.0
114,Friday Night Lights,1,14,TV Series,7.8,714,8.7,71892,44.0,"Drama ,Sport",31.0,1.0,2007.0
114,Friday Night Lights,1,13,TV Series,7.8,740,8.7,71892,44.0,"Drama ,Sport",24.0,1.0,2007.0
114,Friday Night Lights,2,6,TV Series,7.9,544,8.7,71892,44.0,"Drama ,Sport",9.0,11.0,2007.0
114,Friday Night Lights,2,7,TV Series,7.5,547,8.7,71892,44.0,"Drama ,Sport",16.0,11.0,2007.0
114,Friday Night Lights,2,8,TV Series,7.7,581,8.7,71892,44.0,"Drama ,Sport",30.0,11.0,2007.0
114,Friday Night Lights,1,15,TV Series,7.8,763,8.7,71892,44.0,"Drama ,Sport",7.0,2.0,2007.0
114,Friday Night Lights,1,16,TV Series,8.4,758,8.7,71892,44.0,"Drama ,Sport",14.0,2.0,2007.0
114,Friday Night Lights,1,17,TV Series,8.2,738,8.7,71892,44.0,"Drama ,Sport",21.0,2.0,2007.0
114,Friday Night Lights,2,3,TV Series,7.8,560,8.7,71892,44.0,"Drama ,Sport",19.0,10.0,2007.0
114,Friday Night Lights,2,4,TV Series,7.5,552,8.7,71892,44.0,"Drama ,Sport",26.0,10.0,2007.0
114,Friday Night Lights,2,5,TV Series,8.1,554,8.7,71892,44.0,"Drama ,Sport",2.0,11.0,2007.0
114,Friday Night Lights,1,10,TV Series,7.9,763,8.7,71892,44.0,"Drama ,Sport",12.0,12.0,2006.0
114,Friday Night Lights,1,11,TV Series,8.0,767,8.7,71892,44.0,"Drama ,Sport",3.0,1.0,2007.0
114,Friday Night Lights,1,8,TV Series,7.8,790,8.7,71892,44.0,"Drama ,Sport",28.0,11.0,2006.0
114,Friday Night Lights,1,7,TV Series,7.7,795,8.7,71892,44.0,"Drama ,Sport",14.0,11.0,2006.0
114,Friday Night Lights,1,6,TV Series,7.7,793,8.7,71892,44.0,"Drama ,Sport",7.0,11.0,2006.0
114,Friday Night Lights,1,9,TV Series,7.9,773,8.7,71892,44.0,"Drama ,Sport",5.0,12.0,2006.0
114,Friday Night Lights,1,22,TV Series,8.9,815,8.7,71892,44.0,"Drama ,Sport",11.0,4.0,2007.0
114,Friday Night Lights,5,3,TV Series,8.3,433,8.7,71892,44.0,"Drama ,Sport",10.0,11.0,2010.0
114,Friday Night Lights,5,5,TV Series,8.7,444,8.7,71892,44.0,"Drama ,Sport",1.0,12.0,2010.0
114,Friday Night Lights,5,4,TV Series,8.2,406,8.7,71892,44.0,"Drama ,Sport",17.0,11.0,2010.0
114,Friday Night Lights,3,10,TV Series,8.3,437,8.7,71892,44.0,"Drama ,Sport",10.0,12.0,2008.0
114,Friday Night Lights,3,11,TV Series,8.3,449,8.7,71892,44.0,"Drama ,Sport",17.0,12.0,2008.0
114,Friday Night Lights,3,12,TV Series,9.1,562,8.7,71892,44.0,"Drama ,Sport",7.0,1.0,2009.0
114,Friday Night Lights,3,13,TV Series,8.9,516,8.7,71892,44.0,"Drama ,Sport",14.0,1.0,2009.0
114,Friday Night Lights,4,1,TV Series,8.5,523,8.7,71892,44.0,"Drama ,Sport",28.0,10.0,2009.0
114,Friday Night Lights,4,2,TV Series,8.3,455,8.7,71892,44.0,"Drama ,Sport",4.0,11.0,2009.0
114,Friday Night Lights,4,3,TV Series,8.1,437,8.7,71892,44.0,"Drama ,Sport",11.0,11.0,2009.0
114,Friday Night Lights,4,10,TV Series,8.1,424,8.7,71892,44.0,"Drama ,Sport",20.0,1.0,2010.0
114,Friday Night Lights,4,11,TV Series,8.1,418,8.7,71892,44.0,"Drama ,Sport",27.0,1.0,2010.0
114,Friday Night Lights,4,12,TV Series,8.8,448,8.7,71892,44.0,"Drama ,Sport",3.0,2.0,2010.0
114,Friday Night Lights,4,13,TV Series,9.1,563,8.7,71892,44.0,"Drama ,Sport",10.0,2.0,2010.0
114,Friday Night Lights,5,1,TV Series,8.0,436,8.7,71892,44.0,"Drama ,Sport",27.0,10.0,2010.0
114,Friday Night Lights,5,2,TV Series,7.8,412,8.7,71892,44.0,"Drama ,Sport",3.0,11.0,2010.0
114,Friday Night Lights,3,8,TV Series,8.6,487,8.7,71892,44.0,"Drama ,Sport",19.0,11.0,2008.0
114,Friday Night Lights,3,9,TV Series,8.2,438,8.7,71892,44.0,"Drama ,Sport",3.0,12.0,2008.0
114,Friday Night Lights,3,7,TV Series,8.1,449,8.7,71892,44.0,"Drama ,Sport",12.0,11.0,2008.0
114,Friday Night Lights,2,9,TV Series,7.9,538,8.7,71892,44.0,"Drama ,Sport",7.0,12.0,2007.0
114,Friday Night Lights,2,10,TV Series,8.3,543,8.7,71892,44.0,"Drama ,Sport",4.0,1.0,2008.0
114,Friday Night Lights,2,11,TV Series,7.9,514,8.7,71892,44.0,"Drama ,Sport",11.0,1.0,2008.0
114,Friday Night Lights,2,12,TV Series,7.6,507,8.7,71892,44.0,"Drama ,Sport",18.0,1.0,2008.0
114,Friday Night Lights,2,13,TV Series,7.7,486,8.7,71892,44.0,"Drama ,Sport",25.0,1.0,2008.0
114,Friday Night Lights,2,14,TV Series,8.4,535,8.7,71892,44.0,"Drama ,Sport",1.0,2.0,2008.0
114,Friday Night Lights,2,15,TV Series,7.8,525,8.7,71892,44.0,"Drama ,Sport",8.0,2.0,2008.0
114,Friday Night Lights,5,7,TV Series,8.4,405,8.7,71892,44.0,"Drama ,Sport",15.0,12.0,2010.0
114,Friday Night Lights,5,8,TV Series,7.9,414,8.7,71892,44.0,"Drama ,Sport",5.0,1.0,2011.0
114,Friday Night Lights,5,9,TV Series,8.4,399,8.7,71892,44.0,"Drama ,Sport",12.0,1.0,2011.0
114,Friday Night Lights,5,10,TV Series,8.6,420,8.7,71892,44.0,"Drama ,Sport",19.0,1.0,2011.0
114,Friday Night Lights,5,11,TV Series,8.6,422,8.7,71892,44.0,"Drama ,Sport",26.0,1.0,2011.0
114,Friday Night Lights,5,12,TV Series,9.0,488,8.7,71892,44.0,"Drama ,Sport",2.0,2.0,2011.0
114,Friday Night Lights,4,9,TV Series,8.0,418,8.7,71892,44.0,"Drama ,Sport",13.0,1.0,2010.0
114,Friday Night Lights,4,8,TV Series,8.1,417,8.7,71892,44.0,"Drama ,Sport",6.0,1.0,2010.0
114,Friday Night Lights,4,7,TV Series,8.0,423,8.7,71892,44.0,"Drama ,Sport",16.0,12.0,2009.0
114,Friday Night Lights,4,6,TV Series,8.4,463,8.7,71892,44.0,"Drama ,Sport",9.0,12.0,2009.0
114,Friday Night Lights,4,5,TV Series,9.6,1041,8.7,71892,44.0,"Drama ,Sport",2.0,12.0,2009.0
114,Friday Night Lights,4,4,TV Series,8.5,454,8.7,71892,44.0,"Drama ,Sport",20.0,11.0,2009.0
114,Friday Night Lights,1,21,TV Series,8.1,662,8.7,71892,44.0,"Drama ,Sport",4.0,4.0,2007.0
114,Friday Night Lights,1,20,TV Series,8.8,828,8.7,71892,44.0,"Drama ,Sport",28.0,3.0,2007.0
114,Friday Night Lights,1,19,TV Series,8.1,678,8.7,71892,44.0,"Drama ,Sport",21.0,3.0,2007.0
114,Friday Night Lights,5,6,TV Series,8.0,402,8.7,71892,44.0,"Drama ,Sport",8.0,12.0,2010.0
114,Friday Night Lights,5,13,TV Series,9.6,1232,8.7,71892,44.0,"Drama ,Sport",9.0,2.0,2011.0
115,Sarabhai V/S Sarabhai,1,40,TV Series,9.1,103,8.9,18060,30.0,Comedy,8.0,8.0,2005.0
115,Sarabhai V/S Sarabhai,1,39,TV Series,9.0,93,8.9,18060,30.0,Comedy,1.0,8.0,2005.0
115,Sarabhai V/S Sarabhai,1,38,TV Series,8.1,66,8.9,18060,30.0,Comedy,25.0,7.0,2005.0
115,Sarabhai V/S Sarabhai,1,37,TV Series,8.3,76,8.9,18060,30.0,Comedy,18.0,7.0,2005.0
115,Sarabhai V/S Sarabhai,1,36,TV Series,8.9,86,8.9,18060,30.0,Comedy,11.0,7.0,2005.0
115,Sarabhai V/S Sarabhai,1,35,TV Series,8.1,70,8.9,18060,30.0,Comedy,4.0,7.0,2005.0
115,Sarabhai V/S Sarabhai,1,34,TV Series,8.1,71,8.9,18060,30.0,Comedy,27.0,6.0,2005.0
115,Sarabhai V/S Sarabhai,1,33,TV Series,7.9,83,8.9,18060,30.0,Comedy,20.0,6.0,2005.0
115,Sarabhai V/S Sarabhai,1,32,TV Series,7.8,76,8.9,18060,30.0,Comedy,13.0,6.0,2005.0
115,Sarabhai V/S Sarabhai,2,8,TV Series,8.9,69,8.9,18060,30.0,Comedy,3.0,7.0,2017.0
115,Sarabhai V/S Sarabhai,2,9,TV Series,8.2,61,8.9,18060,30.0,Comedy,10.0,7.0,2017.0
115,Sarabhai V/S Sarabhai,2,10,TV Series,8.3,64,8.9,18060,30.0,Comedy,17.0,7.0,2017.0
115,Sarabhai V/S Sarabhai,1,25,TV Series,7.9,87,8.9,18060,30.0,Comedy,25.0,4.0,2005.0
115,Sarabhai V/S Sarabhai,2,4,TV Series,8.5,80,8.9,18060,30.0,Comedy,5.0,6.0,2017.0
115,Sarabhai V/S Sarabhai,2,5,TV Series,8.6,78,8.9,18060,30.0,Comedy,12.0,6.0,2017.0
115,Sarabhai V/S Sarabhai,2,6,TV Series,8.9,80,8.9,18060,30.0,Comedy,19.0,6.0,2017.0
115,Sarabhai V/S Sarabhai,1,48,TV Series,8.8,76,8.9,18060,30.0,Comedy,10.0,10.0,2005.0
115,Sarabhai V/S Sarabhai,1,41,TV Series,7.8,71,8.9,18060,30.0,Comedy,15.0,8.0,2005.0
115,Sarabhai V/S Sarabhai,1,50,TV Series,8.0,66,8.9,18060,30.0,Comedy,24.0,10.0,2005.0
115,Sarabhai V/S Sarabhai,2,3,TV Series,8.4,96,8.9,18060,30.0,Comedy,29.0,5.0,2017.0
115,Sarabhai V/S Sarabhai,2,2,TV Series,8.4,126,8.9,18060,30.0,Comedy,22.0,5.0,2017.0
115,Sarabhai V/S Sarabhai,2,1,TV Series,8.4,142,8.9,18060,30.0,Comedy,15.0,5.0,2017.0
115,Sarabhai V/S Sarabhai,1,49,TV Series,7.9,67,8.9,18060,30.0,Comedy,17.0,10.0,2005.0
115,Sarabhai V/S Sarabhai,2,7,TV Series,8.6,68,8.9,18060,30.0,Comedy,26.0,6.0,2017.0
115,Sarabhai V/S Sarabhai,1,16,TV Series,8.3,80,8.9,18060,30.0,Comedy,21.0,2.0,2005.0
115,Sarabhai V/S Sarabhai,1,47,TV Series,7.9,70,8.9,18060,30.0,Comedy,3.0,10.0,2005.0
115,Sarabhai V/S Sarabhai,1,46,TV Series,8.1,67,8.9,18060,30.0,Comedy,26.0,9.0,2005.0
115,Sarabhai V/S Sarabhai,1,45,TV Series,8.6,75,8.9,18060,30.0,Comedy,19.0,9.0,2005.0
115,Sarabhai V/S Sarabhai,1,12,TV Series,8.6,89,8.9,18060,30.0,Comedy,24.0,1.0,2005.0
115,Sarabhai V/S Sarabhai,1,13,TV Series,8.4,87,8.9,18060,30.0,Comedy,31.0,1.0,2005.0
115,Sarabhai V/S Sarabhai,1,10,TV Series,8.6,92,8.9,18060,30.0,Comedy,10.0,1.0,2005.0
115,Sarabhai V/S Sarabhai,1,11,TV Series,8.4,82,8.9,18060,30.0,Comedy,17.0,1.0,2005.0
115,Sarabhai V/S Sarabhai,1,6,TV Series,9.0,125,8.9,18060,30.0,Comedy,13.0,12.0,2004.0
115,Sarabhai V/S Sarabhai,1,5,TV Series,8.3,92,8.9,18060,30.0,Comedy,6.0,12.0,2004.0
115,Sarabhai V/S Sarabhai,1,3,TV Series,8.8,107,8.9,18060,30.0,Comedy,22.0,11.0,2004.0
115,Sarabhai V/S Sarabhai,1,4,TV Series,8.5,95,8.9,18060,30.0,Comedy,29.0,11.0,2004.0
115,Sarabhai V/S Sarabhai,1,8,TV Series,7.9,96,8.9,18060,30.0,Comedy,27.0,12.0,2004.0
115,Sarabhai V/S Sarabhai,1,7,TV Series,8.4,96,8.9,18060,30.0,Comedy,20.0,12.0,2004.0
115,Sarabhai V/S Sarabhai,1,14,TV Series,8.2,88,8.9,18060,30.0,Comedy,7.0,2.0,2005.0
115,Sarabhai V/S Sarabhai,1,15,TV Series,8.6,88,8.9,18060,30.0,Comedy,14.0,2.0,2005.0
115,Sarabhai V/S Sarabhai,1,26,TV Series,8.8,91,8.9,18060,30.0,Comedy,2.0,5.0,2005.0
115,Sarabhai V/S Sarabhai,1,27,TV Series,8.2,73,8.9,18060,30.0,Comedy,9.0,5.0,2005.0
115,Sarabhai V/S Sarabhai,1,28,TV Series,7.7,81,8.9,18060,30.0,Comedy,16.0,5.0,2005.0
115,Sarabhai V/S Sarabhai,1,29,TV Series,9.4,175,8.9,18060,30.0,Comedy,23.0,5.0,2005.0
115,Sarabhai V/S Sarabhai,1,30,TV Series,7.7,70,8.9,18060,30.0,Comedy,30.0,5.0,2005.0
115,Sarabhai V/S Sarabhai,1,31,TV Series,7.8,79,8.9,18060,30.0,Comedy,6.0,6.0,2005.0
115,Sarabhai V/S Sarabhai,1,1,TV Series,8.6,164,8.9,18060,30.0,Comedy,8.0,11.0,2004.0
115,Sarabhai V/S Sarabhai,1,2,TV Series,8.5,104,8.9,18060,30.0,Comedy,15.0,11.0,2004.0
115,Sarabhai V/S Sarabhai,1,24,TV Series,9.0,93,8.9,18060,30.0,Comedy,18.0,4.0,2005.0
115,Sarabhai V/S Sarabhai,1,23,TV Series,8.9,94,8.9,18060,30.0,Comedy,11.0,4.0,2005.0
115,Sarabhai V/S Sarabhai,1,22,TV Series,7.8,72,8.9,18060,30.0,Comedy,4.0,4.0,2005.0
115,Sarabhai V/S Sarabhai,1,21,TV Series,8.7,86,8.9,18060,30.0,Comedy,28.0,3.0,2005.0
115,Sarabhai V/S Sarabhai,1,20,TV Series,8.8,88,8.9,18060,30.0,Comedy,21.0,3.0,2005.0
115,Sarabhai V/S Sarabhai,1,19,TV Series,8.3,78,8.9,18060,30.0,Comedy,14.0,3.0,2005.0
115,Sarabhai V/S Sarabhai,1,18,TV Series,7.9,84,8.9,18060,30.0,Comedy,7.0,3.0,2005.0
115,Sarabhai V/S Sarabhai,1,17,TV Series,8.5,79,8.9,18060,30.0,Comedy,28.0,2.0,2005.0
115,Sarabhai V/S Sarabhai,1,44,TV Series,8.4,76,8.9,18060,30.0,Comedy,12.0,9.0,2005.0
115,Sarabhai V/S Sarabhai,1,43,TV Series,9.0,94,8.9,18060,30.0,Comedy,5.0,9.0,2005.0
115,Sarabhai V/S Sarabhai,1,42,TV Series,7.5,76,8.9,18060,30.0,Comedy,29.0,8.0,2005.0
115,Sarabhai V/S Sarabhai,1,9,TV Series,7.9,87,8.9,18060,30.0,Comedy,3.0,1.0,2005.0
116,The Mandalorian,1,2,TV Series,8.5,31001,8.7,579553,40.0,"Action ,Adventure ,Fantasy",15.0,11.0,2019.0
116,The Mandalorian,1,3,TV Series,8.9,30947,8.7,579553,40.0,"Action ,Adventure ,Fantasy",22.0,11.0,2019.0
116,The Mandalorian,3,2,TV Series,8.2,18311,8.7,579553,40.0,"Action ,Adventure ,Fantasy",8.0,3.0,2023.0
116,The Mandalorian,3,3,TV Series,7.0,18811,8.7,579553,40.0,"Action ,Adventure ,Fantasy",15.0,3.0,2023.0
116,The Mandalorian,2,6,TV Series,9.1,26428,8.7,579553,40.0,"Action ,Adventure ,Fantasy",4.0,12.0,2020.0
116,The Mandalorian,2,4,TV Series,8.3,22770,8.7,579553,40.0,"Action ,Adventure ,Fantasy",20.0,11.0,2020.0
116,The Mandalorian,2,2,TV Series,7.8,25176,8.7,579553,40.0,"Action ,Adventure ,Fantasy",6.0,11.0,2020.0
116,The Mandalorian,2,3,TV Series,8.7,24984,8.7,579553,40.0,"Action ,Adventure ,Fantasy",13.0,11.0,2020.0
116,The Mandalorian,1,8,TV Series,9.2,28958,8.7,579553,40.0,"Action ,Adventure ,Fantasy",27.0,12.0,2019.0
116,The Mandalorian,1,7,TV Series,9.0,26450,8.7,579553,40.0,"Action ,Adventure ,Fantasy",18.0,12.0,2019.0
116,The Mandalorian,1,6,TV Series,8.3,27370,8.7,579553,40.0,"Action ,Adventure ,Fantasy",13.0,12.0,2019.0
116,The Mandalorian,2,1,TV Series,8.8,28966,8.7,579553,40.0,"Action ,Adventure ,Fantasy",30.0,10.0,2020.0
116,The Mandalorian,1,5,TV Series,7.5,26079,8.7,579553,40.0,"Action ,Adventure ,Fantasy",6.0,12.0,2019.0
116,The Mandalorian,1,4,TV Series,7.7,29179,8.7,579553,40.0,"Action ,Adventure ,Fantasy",29.0,11.0,2019.0
116,The Mandalorian,3,4,TV Series,7.7,15637,8.7,579553,40.0,"Action ,Adventure ,Fantasy",22.0,3.0,2023.0
116,The Mandalorian,3,5,TV Series,8.1,15421,8.7,579553,40.0,"Action ,Adventure ,Fantasy",29.0,3.0,2023.0
116,The Mandalorian,3,8,TV Series,8.4,15759,8.7,579553,40.0,"Action ,Adventure ,Fantasy",19.0,4.0,2023.0
116,The Mandalorian,3,7,TV Series,8.8,17275,8.7,579553,40.0,"Action ,Adventure ,Fantasy",12.0,4.0,2023.0
116,The Mandalorian,3,6,TV Series,6.4,20599,8.7,579553,40.0,"Action ,Adventure ,Fantasy",5.0,4.0,2023.0
116,The Mandalorian,4,1,TV Series,7.3,0,8.7,579553,40.0,"Action ,Adventure ,Fantasy",35.0,15.0,2050.0
116,The Mandalorian,2,5,TV Series,9.3,34127,8.7,579553,40.0,"Action ,Adventure ,Fantasy",27.0,11.0,2020.0
116,The Mandalorian,2,8,TV Series,9.8,62049,8.7,579553,40.0,"Action ,Adventure ,Fantasy",18.0,12.0,2020.0
116,The Mandalorian,2,7,TV Series,8.9,23804,8.7,579553,40.0,"Action ,Adventure ,Fantasy",11.0,12.0,2020.0
116,The Mandalorian,1,1,TV Series,8.6,34786,8.7,579553,40.0,"Action ,Adventure ,Fantasy",12.0,11.0,2019.0
116,The Mandalorian,3,1,TV Series,7.4,19786,8.7,579553,40.0,"Action ,Adventure ,Fantasy",1.0,3.0,2023.0
117,Behzat Ç: An Ankara Detective Story,1,34,TV Series,8.5,125,8.9,32595,90.0,"Crime ,Drama ,Mystery",22.0,5.0,2011.0
117,Behzat Ç: An Ankara Detective Story,1,33,TV Series,7.7,124,8.9,32595,90.0,"Crime ,Drama ,Mystery",15.0,5.0,2011.0
117,Behzat Ç: An Ankara Detective Story,1,32,TV Series,8.4,145,8.9,32595,90.0,"Crime ,Drama ,Mystery",8.0,5.0,2011.0
117,Behzat Ç: An Ankara Detective Story,1,27,TV Series,7.8,124,8.9,32595,90.0,"Crime ,Drama ,Mystery",3.0,4.0,2011.0
117,Behzat Ç: An Ankara Detective Story,2,20,TV Series,8.0,103,8.9,32595,90.0,"Crime ,Drama ,Mystery",1.0,4.0,2012.0
117,Behzat Ç: An Ankara Detective Story,2,19,TV Series,8.1,102,8.9,32595,90.0,"Crime ,Drama ,Mystery",25.0,3.0,2012.0
117,Behzat Ç: An Ankara Detective Story,2,18,TV Series,8.6,124,8.9,32595,90.0,"Crime ,Drama ,Mystery",18.0,3.0,2012.0
117,Behzat Ç: An Ankara Detective Story,1,31,TV Series,8.4,117,8.9,32595,90.0,"Crime ,Drama ,Mystery",1.0,5.0,2011.0
117,Behzat Ç: An Ankara Detective Story,1,30,TV Series,9.4,252,8.9,32595,90.0,"Crime ,Drama ,Mystery",24.0,4.0,2011.0
117,Behzat Ç: An Ankara Detective Story,1,29,TV Series,8.0,113,8.9,32595,90.0,"Crime ,Drama ,Mystery",17.0,4.0,2011.0
117,Behzat Ç: An Ankara Detective Story,1,28,TV Series,8.1,115,8.9,32595,90.0,"Crime ,Drama ,Mystery",10.0,4.0,2011.0
117,Behzat Ç: An Ankara Detective Story,1,19,TV Series,8.5,134,8.9,32595,90.0,"Crime ,Drama ,Mystery",6.0,2.0,2011.0
117,Behzat Ç: An Ankara Detective Story,1,18,TV Series,8.1,121,8.9,32595,90.0,"Crime ,Drama ,Mystery",30.0,1.0,2011.0
117,Behzat Ç: An Ankara Detective Story,1,17,TV Series,8.5,138,8.9,32595,90.0,"Crime ,Drama ,Mystery",23.0,1.0,2011.0
117,Behzat Ç: An Ankara Detective Story,1,16,TV Series,8.9,153,8.9,32595,90.0,"Crime ,Drama ,Mystery",16.0,1.0,2011.0
117,Behzat Ç: An Ankara Detective Story,1,15,TV Series,8.4,126,8.9,32595,90.0,"Crime ,Drama ,Mystery",9.0,1.0,2011.0
117,Behzat Ç: An Ankara Detective Story,1,14,TV Series,8.8,146,8.9,32595,90.0,"Crime ,Drama ,Mystery",2.0,1.0,2011.0
117,Behzat Ç: An Ankara Detective Story,1,13,TV Series,8.6,139,8.9,32595,90.0,"Crime ,Drama ,Mystery",26.0,12.0,2010.0
117,Behzat Ç: An Ankara Detective Story,1,12,TV Series,8.2,134,8.9,32595,90.0,"Crime ,Drama ,Mystery",19.0,12.0,2010.0
117,Behzat Ç: An Ankara Detective Story,1,11,TV Series,8.4,136,8.9,32595,90.0,"Crime ,Drama ,Mystery",12.0,12.0,2010.0
117,Behzat Ç: An Ankara Detective Story,2,4,TV Series,7.7,101,8.9,32595,90.0,"Crime ,Drama ,Mystery",4.0,12.0,2011.0
117,Behzat Ç: An Ankara Detective Story,2,3,TV Series,7.9,101,8.9,32595,90.0,"Crime ,Drama ,Mystery",27.0,11.0,2011.0
117,Behzat Ç: An Ankara Detective Story,2,2,TV Series,7.8,102,8.9,32595,90.0,"Crime ,Drama ,Mystery",20.0,11.0,2011.0
117,Behzat Ç: An Ankara Detective Story,2,1,TV Series,8.2,115,8.9,32595,90.0,"Crime ,Drama ,Mystery",13.0,11.0,2011.0
117,Behzat Ç: An Ankara Detective Story,1,38,TV Series,9.8,461,8.9,32595,90.0,"Crime ,Drama ,Mystery",26.0,6.0,2011.0
117,Behzat Ç: An Ankara Detective Story,1,37,TV Series,8.8,143,8.9,32595,90.0,"Crime ,Drama ,Mystery",19.0,6.0,2011.0
117,Behzat Ç: An Ankara Detective Story,1,4,TV Series,8.5,160,8.9,32595,90.0,"Crime ,Drama ,Mystery",10.0,10.0,2010.0
117,Behzat Ç: An Ankara Detective Story,1,35,TV Series,8.2,116,8.9,32595,90.0,"Crime ,Drama ,Mystery",29.0,5.0,2011.0
117,Behzat Ç: An Ankara Detective Story,1,6,TV Series,8.1,141,8.9,32595,90.0,"Crime ,Drama ,Mystery",1.0,11.0,2010.0
117,Behzat Ç: An Ankara Detective Story,1,5,TV Series,8.1,143,8.9,32595,90.0,"Crime ,Drama ,Mystery",17.0,10.0,2010.0
117,Behzat Ç: An Ankara Detective Story,1,8,TV Series,8.4,142,8.9,32595,90.0,"Crime ,Drama ,Mystery",15.0,11.0,2010.0
117,Behzat Ç: An Ankara Detective Story,1,10,TV Series,9.1,185,8.9,32595,90.0,"Crime ,Drama ,Mystery",30.0,11.0,2010.0
117,Behzat Ç: An Ankara Detective Story,1,9,TV Series,8.2,137,8.9,32595,90.0,"Crime ,Drama ,Mystery",23.0,11.0,2010.0
117,Behzat Ç: An Ankara Detective Story,1,7,TV Series,8.3,146,8.9,32595,90.0,"Crime ,Drama ,Mystery",8.0,11.0,2010.0
117,Behzat Ç: An Ankara Detective Story,1,1,TV Series,8.7,359,8.9,32595,90.0,"Crime ,Drama ,Mystery",19.0,9.0,2010.0
117,Behzat Ç: An Ankara Detective Story,1,2,TV Series,8.2,173,8.9,32595,90.0,"Crime ,Drama ,Mystery",26.0,9.0,2010.0
117,Behzat Ç: An Ankara Detective Story,1,3,TV Series,8.3,153,8.9,32595,90.0,"Crime ,Drama ,Mystery",3.0,10.0,2010.0
117,Behzat Ç: An Ankara Detective Story,1,25,TV Series,8.1,122,8.9,32595,90.0,"Crime ,Drama ,Mystery",20.0,3.0,2011.0
117,Behzat Ç: An Ankara Detective Story,1,26,TV Series,8.4,209,8.9,32595,90.0,"Crime ,Drama ,Mystery",27.0,3.0,2011.0
117,Behzat Ç: An Ankara Detective Story,1,24,TV Series,8.3,119,8.9,32595,90.0,"Crime ,Drama ,Mystery",13.0,3.0,2011.0
117,Behzat Ç: An Ankara Detective Story,1,23,TV Series,8.1,108,8.9,32595,90.0,"Crime ,Drama ,Mystery",6.0,3.0,2011.0
117,Behzat Ç: An Ankara Detective Story,1,22,TV Series,8.0,117,8.9,32595,90.0,"Crime ,Drama ,Mystery",27.0,2.0,2011.0
117,Behzat Ç: An Ankara Detective Story,1,21,TV Series,8.4,129,8.9,32595,90.0,"Crime ,Drama ,Mystery",20.0,2.0,2011.0
117,Behzat Ç: An Ankara Detective Story,2,14,TV Series,8.1,102,8.9,32595,90.0,"Crime ,Drama ,Mystery",19.0,2.0,2012.0
117,Behzat Ç: An Ankara Detective Story,3,16,TV Series,8.0,80,8.9,32595,90.0,"Crime ,Drama ,Mystery",1.0,2.0,2013.0
117,Behzat Ç: An Ankara Detective Story,3,17,TV Series,7.8,76,8.9,32595,90.0,"Crime ,Drama ,Mystery",15.0,2.0,2013.0
117,Behzat Ç: An Ankara Detective Story,3,18,TV Series,7.8,84,8.9,32595,90.0,"Crime ,Drama ,Mystery",1.0,3.0,2013.0
117,Behzat Ç: An Ankara Detective Story,3,19,TV Series,7.9,79,8.9,32595,90.0,"Crime ,Drama ,Mystery",15.0,3.0,2013.0
117,Behzat Ç: An Ankara Detective Story,3,20,TV Series,8.2,84,8.9,32595,90.0,"Crime ,Drama ,Mystery",22.0,3.0,2013.0
117,Behzat Ç: An Ankara Detective Story,3,21,TV Series,8.2,82,8.9,32595,90.0,"Crime ,Drama ,Mystery",29.0,3.0,2013.0
117,Behzat Ç: An Ankara Detective Story,2,21,TV Series,8.1,97,8.9,32595,90.0,"Crime ,Drama ,Mystery",8.0,4.0,2012.0
117,Behzat Ç: An Ankara Detective Story,2,22,TV Series,7.7,125,8.9,32595,90.0,"Crime ,Drama ,Mystery",15.0,4.0,2012.0
117,Behzat Ç: An Ankara Detective Story,2,23,TV Series,8.4,108,8.9,32595,90.0,"Crime ,Drama ,Mystery",22.0,4.0,2012.0
117,Behzat Ç: An Ankara Detective Story,2,24,TV Series,8.0,96,8.9,32595,90.0,"Crime ,Drama ,Mystery",29.0,4.0,2012.0
117,Behzat Ç: An Ankara Detective Story,2,25,TV Series,8.5,123,8.9,32595,90.0,"Crime ,Drama ,Mystery",6.0,5.0,2012.0
117,Behzat Ç: An Ankara Detective Story,2,26,TV Series,8.0,94,8.9,32595,90.0,"Crime ,Drama ,Mystery",13.0,5.0,2012.0
117,Behzat Ç: An Ankara Detective Story,2,27,TV Series,7.7,89,8.9,32595,90.0,"Crime ,Drama ,Mystery",20.0,5.0,2012.0
117,Behzat Ç: An Ankara Detective Story,2,28,TV Series,8.1,98,8.9,32595,90.0,"Crime ,Drama ,Mystery",27.0,5.0,2012.0
117,Behzat Ç: An Ankara Detective Story,2,29,TV Series,9.1,165,8.9,32595,90.0,"Crime ,Drama ,Mystery",3.0,6.0,2012.0
117,Behzat Ç: An Ankara Detective Story,1,36,TV Series,8.2,123,8.9,32595,90.0,"Crime ,Drama ,Mystery",5.0,7.0,2011.0
117,Behzat Ç: An Ankara Detective Story,2,31,TV Series,9.1,149,8.9,32595,90.0,"Crime ,Drama ,Mystery",17.0,6.0,2012.0
117,Behzat Ç: An Ankara Detective Story,3,1,TV Series,8.1,110,8.9,32595,90.0,"Crime ,Drama ,Mystery",21.0,9.0,2012.0
117,Behzat Ç: An Ankara Detective Story,3,2,TV Series,8.0,97,8.9,32595,90.0,"Crime ,Drama ,Mystery",28.0,9.0,2012.0
117,Behzat Ç: An Ankara Detective Story,3,3,TV Series,8.2,94,8.9,32595,90.0,"Crime ,Drama ,Mystery",5.0,10.0,2012.0
117,Behzat Ç: An Ankara Detective Story,3,4,TV Series,8.2,94,8.9,32595,90.0,"Crime ,Drama ,Mystery",12.0,10.0,2012.0
117,Behzat Ç: An Ankara Detective Story,3,5,TV Series,8.2,92,8.9,32595,90.0,"Crime ,Drama ,Mystery",19.0,10.0,2012.0
117,Behzat Ç: An Ankara Detective Story,2,5,TV Series,7.9,95,8.9,32595,90.0,"Crime ,Drama ,Mystery",11.0,12.0,2011.0
117,Behzat Ç: An Ankara Detective Story,2,6,TV Series,8.4,121,8.9,32595,90.0,"Crime ,Drama ,Mystery",18.0,12.0,2011.0
117,Behzat Ç: An Ankara Detective Story,2,7,TV Series,8.0,101,8.9,32595,90.0,"Crime ,Drama ,Mystery",25.0,12.0,2011.0
117,Behzat Ç: An Ankara Detective Story,2,8,TV Series,8.0,98,8.9,32595,90.0,"Crime ,Drama ,Mystery",8.0,1.0,2012.0
117,Behzat Ç: An Ankara Detective Story,2,9,TV Series,7.7,107,8.9,32595,90.0,"Crime ,Drama ,Mystery",15.0,1.0,2012.0
117,Behzat Ç: An Ankara Detective Story,2,10,TV Series,8.0,103,8.9,32595,90.0,"Crime ,Drama ,Mystery",22.0,1.0,2012.0
117,Behzat Ç: An Ankara Detective Story,2,11,TV Series,7.8,97,8.9,32595,90.0,"Crime ,Drama ,Mystery",29.0,1.0,2012.0
117,Behzat Ç: An Ankara Detective Story,2,12,TV Series,7.8,101,8.9,32595,90.0,"Crime ,Drama ,Mystery",5.0,2.0,2012.0
117,Behzat Ç: An Ankara Detective Story,2,13,TV Series,8.3,99,8.9,32595,90.0,"Crime ,Drama ,Mystery",12.0,2.0,2012.0
117,Behzat Ç: An Ankara Detective Story,1,20,TV Series,9.0,155,8.9,32595,90.0,"Crime ,Drama ,Mystery",13.0,2.0,2011.0
117,Behzat Ç: An Ankara Detective Story,2,15,TV Series,8.0,92,8.9,32595,90.0,"Crime ,Drama ,Mystery",26.0,2.0,2012.0
117,Behzat Ç: An Ankara Detective Story,2,16,TV Series,7.9,98,8.9,32595,90.0,"Crime ,Drama ,Mystery",4.0,3.0,2012.0
117,Behzat Ç: An Ankara Detective Story,2,17,TV Series,8.0,104,8.9,32595,90.0,"Crime ,Drama ,Mystery",11.0,3.0,2012.0
117,Behzat Ç: An Ankara Detective Story,3,11,TV Series,7.9,86,8.9,32595,90.0,"Crime ,Drama ,Mystery",7.0,12.0,2012.0
117,Behzat Ç: An Ankara Detective Story,3,10,TV Series,8.3,86,8.9,32595,90.0,"Crime ,Drama ,Mystery",30.0,11.0,2012.0
117,Behzat Ç: An Ankara Detective Story,3,9,TV Series,9.9,659,8.9,32595,90.0,"Crime ,Drama ,Mystery",23.0,11.0,2012.0
117,Behzat Ç: An Ankara Detective Story,3,8,TV Series,8.3,87,8.9,32595,90.0,"Crime ,Drama ,Mystery",16.0,11.0,2012.0
117,Behzat Ç: An Ankara Detective Story,3,7,TV Series,8.1,81,8.9,32595,90.0,"Crime ,Drama ,Mystery",9.0,11.0,2012.0
117,Behzat Ç: An Ankara Detective Story,3,6,TV Series,8.1,95,8.9,32595,90.0,"Crime ,Drama ,Mystery",2.0,11.0,2012.0
117,Behzat Ç: An Ankara Detective Story,4,9,TV Series,8.6,129,8.9,32595,90.0,"Crime ,Drama ,Mystery",19.0,9.0,2019.0
117,Behzat Ç: An Ankara Detective Story,4,8,TV Series,8.5,120,8.9,32595,90.0,"Crime ,Drama ,Mystery",12.0,9.0,2019.0
117,Behzat Ç: An Ankara Detective Story,4,7,TV Series,8.5,117,8.9,32595,90.0,"Crime ,Drama ,Mystery",5.0,9.0,2019.0
117,Behzat Ç: An Ankara Detective Story,4,6,TV Series,7.8,119,8.9,32595,90.0,"Crime ,Drama ,Mystery",29.0,8.0,2019.0
117,Behzat Ç: An Ankara Detective Story,4,5,TV Series,8.1,124,8.9,32595,90.0,"Crime ,Drama ,Mystery",22.0,8.0,2019.0
117,Behzat Ç: An Ankara Detective Story,2,30,TV Series,8.6,108,8.9,32595,90.0,"Crime ,Drama ,Mystery",10.0,6.0,2012.0
117,Behzat Ç: An Ankara Detective Story,3,15,TV Series,8.1,83,8.9,32595,90.0,"Crime ,Drama ,Mystery",25.0,1.0,2013.0
117,Behzat Ç: An Ankara Detective Story,3,14,TV Series,8.1,83,8.9,32595,90.0,"Crime ,Drama ,Mystery",18.0,1.0,2013.0
117,Behzat Ç: An Ankara Detective Story,3,13,TV Series,8.1,84,8.9,32595,90.0,"Crime ,Drama ,Mystery",21.0,12.0,2012.0
117,Behzat Ç: An Ankara Detective Story,3,12,TV Series,9.2,207,8.9,32595,90.0,"Crime ,Drama ,Mystery",14.0,12.0,2012.0
117,Behzat Ç: An Ankara Detective Story,3,22,TV Series,8.3,81,8.9,32595,90.0,"Crime ,Drama ,Mystery",5.0,4.0,2013.0
117,Behzat Ç: An Ankara Detective Story,3,23,TV Series,8.3,79,8.9,32595,90.0,"Crime ,Drama ,Mystery",19.0,4.0,2013.0
117,Behzat Ç: An Ankara Detective Story,3,25,TV Series,8.3,84,8.9,32595,90.0,"Crime ,Drama ,Mystery",3.0,5.0,2013.0
117,Behzat Ç: An Ankara Detective Story,3,24,TV Series,7.3,86,8.9,32595,90.0,"Crime ,Drama ,Mystery",26.0,4.0,2013.0
117,Behzat Ç: An Ankara Detective Story,4,3,TV Series,9.0,192,8.9,32595,90.0,"Crime ,Drama ,Mystery",8.0,8.0,2019.0
117,Behzat Ç: An Ankara Detective Story,4,4,TV Series,8.9,155,8.9,32595,90.0,"Crime ,Drama ,Mystery",15.0,8.0,2019.0
117,Behzat Ç: An Ankara Detective Story,4,2,TV Series,8.6,207,8.9,32595,90.0,"Crime ,Drama ,Mystery",1.0,8.0,2019.0
117,Behzat Ç: An Ankara Detective Story,4,1,TV Series,9.0,291,8.9,32595,90.0,"Crime ,Drama ,Mystery",25.0,7.0,2019.0
117,Behzat Ç: An Ankara Detective Story,3,27,TV Series,9.4,181,8.9,32595,90.0,"Crime ,Drama ,Mystery",17.0,5.0,2013.0
117,Behzat Ç: An Ankara Detective Story,3,26,TV Series,8.6,100,8.9,32595,90.0,"Crime ,Drama ,Mystery",10.0,5.0,2013.0
118,Top Gear,1,3,TV Series,7.2,282,8.7,125800,60.0,"Adventure ,Sport ,Talk-Show",3.0,11.0,2002.0
118,Top Gear,1,4,TV Series,7.2,265,8.7,125800,60.0,"Adventure ,Sport ,Talk-Show",10.0,11.0,2002.0
118,Top Gear,1,5,TV Series,7.3,254,8.7,125800,60.0,"Adventure ,Sport ,Talk-Show",17.0,11.0,2002.0
118,Top Gear,1,6,TV Series,7.3,257,8.7,125800,60.0,"Adventure ,Sport ,Talk-Show",24.0,11.0,2002.0
118,Top Gear,1,7,TV Series,7.2,245,8.7,125800,60.0,"Adventure ,Sport ,Talk-Show",1.0,12.0,2002.0
118,Top Gear,1,8,TV Series,7.3,256,8.7,125800,60.0,"Adventure ,Sport ,Talk-Show",8.0,12.0,2002.0
118,Top Gear,1,9,TV Series,7.3,248,8.7,125800,60.0,"Adventure ,Sport ,Talk-Show",22.0,12.0,2002.0
118,Top Gear,1,10,TV Series,7.3,251,8.7,125800,60.0,"Adventure ,Sport ,Talk-Show",29.0,12.0,2002.0
118,Top Gear,2,7,TV Series,7.9,251,8.7,125800,60.0,"Adventure ,Sport ,Talk-Show",22.0,6.0,2003.0
118,Top Gear,5,5,TV Series,8.0,229,8.7,125800,60.0,"Adventure ,Sport ,Talk-Show",21.0,11.0,2004.0
118,Top Gear,5,6,TV Series,8.1,239,8.7,125800,60.0,"Adventure ,Sport ,Talk-Show",5.0,12.0,2004.0
118,Top Gear,5,7,TV Series,7.9,230,8.7,125800,60.0,"Adventure ,Sport ,Talk-Show",12.0,12.0,2004.0
118,Top Gear,5,8,TV Series,8.4,266,8.7,125800,60.0,"Adventure ,Sport ,Talk-Show",19.0,12.0,2004.0
118,Top Gear,5,9,TV Series,7.9,233,8.7,125800,60.0,"Adventure ,Sport ,Talk-Show",26.0,12.0,2004.0
118,Top Gear,6,1,TV Series,7.9,235,8.7,125800,60.0,"Adventure ,Sport ,Talk-Show",22.0,5.0,2005.0
118,Top Gear,2,8,TV Series,7.7,247,8.7,125800,60.0,"Adventure ,Sport ,Talk-Show",6.0,7.0,2003.0
118,Top Gear,Unknown,Unknown,TV Series,5.6,59,8.7,125800,60.0,"Adventure ,Sport ,Talk-Show",23.0,12.0,2013.0
118,Top Gear,Unknown,Unknown,TV Series,5.0,57,8.7,125800,60.0,"Adventure ,Sport ,Talk-Show",15.0,12.0,2014.0
118,Top Gear,Unknown,Unknown,TV Series,5.1,54,8.7,125800,60.0,"Adventure ,Sport ,Talk-Show",22.0,12.0,2014.0
118,Top Gear,Unknown,Unknown,TV Series,8.3,684,8.7,125800,60.0,"Adventure ,Sport ,Talk-Show",12.0,1.0,2015.0
118,Top Gear,Unknown,Unknown,TV Series,8.5,662,8.7,125800,60.0,"Adventure ,Sport ,Talk-Show",19.0,1.0,2015.0
118,Top Gear,Unknown,Unknown,TV Series,3.5,38,8.7,125800,60.0,"Adventure ,Sport ,Talk-Show",3.0,8.0,2015.0
118,Top Gear,Unknown,Unknown,TV Series,4.0,38,8.7,125800,60.0,"Adventure ,Sport ,Talk-Show",17.0,8.0,2015.0
118,Top Gear,1,1,TV Series,7.1,379,8.7,125800,60.0,"Adventure ,Sport ,Talk-Show",20.0,10.0,2002.0
118,Top Gear,5,4,TV Series,8.0,235,8.7,125800,60.0,"Adventure ,Sport ,Talk-Show",14.0,11.0,2004.0
118,Top Gear,2,1,TV Series,7.6,300,8.7,125800,60.0,"Adventure ,Sport ,Talk-Show",11.0,5.0,2003.0
118,Top Gear,2,2,TV Series,7.5,266,8.7,125800,60.0,"Adventure ,Sport ,Talk-Show",18.0,5.0,2003.0
118,Top Gear,2,3,TV Series,7.5,260,8.7,125800,60.0,"Adventure ,Sport ,Talk-Show",25.0,5.0,2003.0
118,Top Gear,2,4,TV Series,7.5,255,8.7,125800,60.0,"Adventure ,Sport ,Talk-Show",1.0,6.0,2003.0
118,Top Gear,2,5,TV Series,7.5,250,8.7,125800,60.0,"Adventure ,Sport ,Talk-Show",8.0,6.0,2003.0
118,Top Gear,2,6,TV Series,7.7,248,8.7,125800,60.0,"Adventure ,Sport ,Talk-Show",15.0,6.0,2003.0
118,Top Gear,1,2,TV Series,7.1,316,8.7,125800,60.0,"Adventure ,Sport ,Talk-Show",27.0,10.0,2002.0
118,Top Gear,6,3,TV Series,7.9,236,8.7,125800,60.0,"Adventure ,Sport ,Talk-Show",12.0,6.0,2005.0
118,Top Gear,6,4,TV Series,7.9,235,8.7,125800,60.0,"Adventure ,Sport ,Talk-Show",19.0,6.0,2005.0
118,Top Gear,6,5,TV Series,7.8,219,8.7,125800,60.0,"Adventure ,Sport ,Talk-Show",26.0,6.0,2005.0
118,Top Gear,6,6,TV Series,8.1,257,8.7,125800,60.0,"Adventure ,Sport ,Talk-Show",3.0,7.0,2005.0
118,Top Gear,6,7,TV Series,8.0,224,8.7,125800,60.0,"Adventure ,Sport ,Talk-Show",10.0,7.0,2005.0
118,Top Gear,6,8,TV Series,7.8,226,8.7,125800,60.0,"Adventure ,Sport ,Talk-Show",17.0,7.0,2005.0
118,Top Gear,6,9,TV Series,7.8,219,8.7,125800,60.0,"Adventure ,Sport ,Talk-Show",24.0,7.0,2005.0
118,Top Gear,6,10,TV Series,7.9,223,8.7,125800,60.0,"Adventure ,Sport ,Talk-Show",31.0,7.0,2005.0
118,Top Gear,6,11,TV Series,7.8,225,8.7,125800,60.0,"Adventure ,Sport ,Talk-Show",7.0,8.0,2005.0
118,Top Gear,7,1,TV Series,7.8,237,8.7,125800,60.0,"Adventure ,Sport ,Talk-Show",13.0,11.0,2005.0
118,Top Gear,7,2,TV Series,7.9,230,8.7,125800,60.0,"Adventure ,Sport ,Talk-Show",20.0,11.0,2005.0
118,Top Gear,7,3,TV Series,8.2,256,8.7,125800,60.0,"Adventure ,Sport ,Talk-Show",27.0,11.0,2005.0
118,Top Gear,7,4,TV Series,8.3,260,8.7,125800,60.0,"Adventure ,Sport ,Talk-Show",4.0,12.0,2005.0
118,Top Gear,7,5,TV Series,8.3,259,8.7,125800,60.0,"Adventure ,Sport ,Talk-Show",11.0,12.0,2005.0
118,Top Gear,7,6,TV Series,7.8,221,8.7,125800,60.0,"Adventure ,Sport ,Talk-Show",27.0,12.0,2005.0
118,Top Gear,4,5,TV Series,7.7,227,8.7,125800,60.0,"Adventure ,Sport ,Talk-Show",6.0,6.0,2004.0
118,Top Gear,7,9,TV Series,7.3,0,8.7,125800,60.0,"Adventure ,Sport ,Talk-Show",35.0,15.0,2050.0
118,Top Gear,8,1,TV Series,8.2,253,8.7,125800,60.0,"Adventure ,Sport ,Talk-Show",7.0,5.0,2006.0
118,Top Gear,8,2,TV Series,7.8,228,8.7,125800,60.0,"Adventure ,Sport ,Talk-Show",14.0,5.0,2006.0
118,Top Gear,8,3,TV Series,8.6,314,8.7,125800,60.0,"Adventure ,Sport ,Talk-Show",21.0,5.0,2006.0
118,Top Gear,8,4,TV Series,7.9,245,8.7,125800,60.0,"Adventure ,Sport ,Talk-Show",28.0,5.0,2006.0
118,Top Gear,8,5,TV Series,7.9,224,8.7,125800,60.0,"Adventure ,Sport ,Talk-Show",4.0,6.0,2006.0
118,Top Gear,8,6,TV Series,8.2,256,8.7,125800,60.0,"Adventure ,Sport ,Talk-Show",16.0,7.0,2006.0
118,Top Gear,8,7,TV Series,7.8,228,8.7,125800,60.0,"Adventure ,Sport ,Talk-Show",23.0,7.0,2006.0
118,Top Gear,8,8,TV Series,8.1,248,8.7,125800,60.0,"Adventure ,Sport ,Talk-Show",30.0,7.0,2006.0
118,Top Gear,9,1,TV Series,8.4,282,8.7,125800,60.0,"Adventure ,Sport ,Talk-Show",28.0,1.0,2007.0
118,Top Gear,9,2,TV Series,7.9,253,8.7,125800,60.0,"Adventure ,Sport ,Talk-Show",4.0,2.0,2007.0
118,Top Gear,9,3,TV Series,8.9,596,8.7,125800,60.0,"Adventure ,Sport ,Talk-Show",11.0,2.0,2007.0
118,Top Gear,9,4,TV Series,8.0,261,8.7,125800,60.0,"Adventure ,Sport ,Talk-Show",18.0,2.0,2007.0
118,Top Gear,9,5,TV Series,8.1,259,8.7,125800,60.0,"Adventure ,Sport ,Talk-Show",25.0,2.0,2007.0
118,Top Gear,9,6,TV Series,8.4,330,8.7,125800,60.0,"Adventure ,Sport ,Talk-Show",4.0,3.0,2007.0
118,Top Gear,6,2,TV Series,8.1,241,8.7,125800,60.0,"Adventure ,Sport ,Talk-Show",29.0,5.0,2005.0
118,Top Gear,9,8,TV Series,9.0,958,8.7,125800,60.0,"Adventure ,Sport ,Talk-Show",25.0,7.0,2007.0
118,Top Gear,10,1,TV Series,8.1,271,8.7,125800,60.0,"Adventure ,Sport ,Talk-Show",7.0,10.0,2007.0
118,Top Gear,10,2,TV Series,8.7,353,8.7,125800,60.0,"Adventure ,Sport ,Talk-Show",14.0,10.0,2007.0
118,Top Gear,10,3,TV Series,8.3,272,8.7,125800,60.0,"Adventure ,Sport ,Talk-Show",28.0,10.0,2007.0
118,Top Gear,10,4,TV Series,9.1,741,8.7,125800,60.0,"Adventure ,Sport ,Talk-Show",4.0,11.0,2007.0
118,Top Gear,10,5,TV Series,8.5,286,8.7,125800,60.0,"Adventure ,Sport ,Talk-Show",11.0,11.0,2007.0
118,Top Gear,10,6,TV Series,7.8,230,8.7,125800,60.0,"Adventure ,Sport ,Talk-Show",18.0,11.0,2007.0
118,Top Gear,10,7,TV Series,8.5,293,8.7,125800,60.0,"Adventure ,Sport ,Talk-Show",25.0,11.0,2007.0
118,Top Gear,10,8,TV Series,8.0,241,8.7,125800,60.0,"Adventure ,Sport ,Talk-Show",2.0,12.0,2007.0
118,Top Gear,10,9,TV Series,8.6,294,8.7,125800,60.0,"Adventure ,Sport ,Talk-Show",9.0,12.0,2007.0
118,Top Gear,10,10,TV Series,8.2,279,8.7,125800,60.0,"Adventure ,Sport ,Talk-Show",23.0,12.0,2007.0
118,Top Gear,10,11,TV Series,8.2,292,8.7,125800,60.0,"Adventure ,Sport ,Talk-Show",14.0,3.0,2008.0
118,Top Gear,11,1,TV Series,8.2,279,8.7,125800,60.0,"Adventure ,Sport ,Talk-Show",22.0,6.0,2008.0
118,Top Gear,11,2,TV Series,7.7,237,8.7,125800,60.0,"Adventure ,Sport ,Talk-Show",29.0,6.0,2008.0
118,Top Gear,11,3,TV Series,8.2,257,8.7,125800,60.0,"Adventure ,Sport ,Talk-Show",6.0,7.0,2008.0
118,Top Gear,7,7,TV Series,8.4,441,8.7,125800,60.0,"Adventure ,Sport ,Talk-Show",12.0,2.0,2006.0
118,Top Gear,11,5,TV Series,8.0,241,8.7,125800,60.0,"Adventure ,Sport ,Talk-Show",20.0,7.0,2008.0
118,Top Gear,11,6,TV Series,8.4,275,8.7,125800,60.0,"Adventure ,Sport ,Talk-Show",27.0,7.0,2008.0
118,Top Gear,12,1,TV Series,8.4,304,8.7,125800,60.0,"Adventure ,Sport ,Talk-Show",2.0,11.0,2008.0
118,Top Gear,12,2,TV Series,8.3,299,8.7,125800,60.0,"Adventure ,Sport ,Talk-Show",9.0,11.0,2008.0
118,Top Gear,12,3,TV Series,8.0,250,8.7,125800,60.0,"Adventure ,Sport ,Talk-Show",16.0,11.0,2008.0
118,Top Gear,12,4,TV Series,8.4,287,8.7,125800,60.0,"Adventure ,Sport ,Talk-Show",23.0,11.0,2008.0
118,Top Gear,12,5,TV Series,7.8,248,8.7,125800,60.0,"Adventure ,Sport ,Talk-Show",30.0,11.0,2008.0
118,Top Gear,12,6,TV Series,8.4,273,8.7,125800,60.0,"Adventure ,Sport ,Talk-Show",7.0,12.0,2008.0
118,Top Gear,12,7,TV Series,8.0,237,8.7,125800,60.0,"Adventure ,Sport ,Talk-Show",14.0,12.0,2008.0
118,Top Gear,12,8,TV Series,9.4,1118,8.7,125800,60.0,"Adventure ,Sport ,Talk-Show",28.0,12.0,2008.0
118,Top Gear,13,1,TV Series,8.9,381,8.7,125800,60.0,"Adventure ,Sport ,Talk-Show",25.0,1.0,2010.0
118,Top Gear,13,2,TV Series,8.6,334,8.7,125800,60.0,"Adventure ,Sport ,Talk-Show",1.0,2.0,2010.0
118,Top Gear,13,3,TV Series,8.2,270,8.7,125800,60.0,"Adventure ,Sport ,Talk-Show",8.0,2.0,2010.0
118,Top Gear,13,4,TV Series,8.0,252,8.7,125800,60.0,"Adventure ,Sport ,Talk-Show",15.0,2.0,2010.0
118,Top Gear,13,5,TV Series,8.4,278,8.7,125800,60.0,"Adventure ,Sport ,Talk-Show",22.0,2.0,2010.0
118,Top Gear,9,7,TV Series,7.7,252,8.7,125800,60.0,"Adventure ,Sport ,Talk-Show",16.0,3.0,2007.0
118,Top Gear,13,7,TV Series,8.5,280,8.7,125800,60.0,"Adventure ,Sport ,Talk-Show",8.0,3.0,2010.0
118,Top Gear,14,1,TV Series,8.5,368,8.7,125800,60.0,"Adventure ,Sport ,Talk-Show",15.0,3.0,2010.0
118,Top Gear,14,2,TV Series,8.5,326,8.7,125800,60.0,"Adventure ,Sport ,Talk-Show",22.0,3.0,2010.0
118,Top Gear,14,3,TV Series,8.1,275,8.7,125800,60.0,"Adventure ,Sport ,Talk-Show",29.0,3.0,2010.0
118,Top Gear,14,4,TV Series,8.1,274,8.7,125800,60.0,"Adventure ,Sport ,Talk-Show",5.0,4.0,2010.0
118,Top Gear,14,5,TV Series,7.9,268,8.7,125800,60.0,"Adventure ,Sport ,Talk-Show",12.0,4.0,2010.0
118,Top Gear,14,6,TV Series,9.3,929,8.7,125800,60.0,"Adventure ,Sport ,Talk-Show",19.0,4.0,2010.0
118,Top Gear,14,7,TV Series,8.1,258,8.7,125800,60.0,"Adventure ,Sport ,Talk-Show",25.0,4.0,2010.0
118,Top Gear,15,1,TV Series,8.5,359,8.7,125800,60.0,"Adventure ,Sport ,Talk-Show",27.0,9.0,2010.0
118,Top Gear,15,2,TV Series,8.1,297,8.7,125800,60.0,"Adventure ,Sport ,Talk-Show",4.0,10.0,2010.0
118,Top Gear,15,3,TV Series,8.1,296,8.7,125800,60.0,"Adventure ,Sport ,Talk-Show",11.0,10.0,2010.0
118,Top Gear,15,4,TV Series,9.0,476,8.7,125800,60.0,"Adventure ,Sport ,Talk-Show",18.0,10.0,2010.0
118,Top Gear,15,5,TV Series,8.8,398,8.7,125800,60.0,"Adventure ,Sport ,Talk-Show",25.0,10.0,2010.0
118,Top Gear,15,6,TV Series,8.4,321,8.7,125800,60.0,"Adventure ,Sport ,Talk-Show",1.0,11.0,2010.0
118,Top Gear,15,7,TV Series,8.3,175,8.7,125800,60.0,"Adventure ,Sport ,Talk-Show",8.0,8.0,2010.0
118,Top Gear,11,4,TV Series,8.5,312,8.7,125800,60.0,"Adventure ,Sport ,Talk-Show",13.0,7.0,2008.0
118,Top Gear,15,9,TV Series,8.4,319,8.7,125800,60.0,"Adventure ,Sport ,Talk-Show",7.0,2.0,2011.0
118,Top Gear,16,0,TV Series,8.9,820,8.7,125800,60.0,"Adventure ,Sport ,Talk-Show",14.0,2.0,2011.0
118,Top Gear,16,1,TV Series,8.1,299,8.7,125800,60.0,"Adventure ,Sport ,Talk-Show",7.0,2.0,2011.0
118,Top Gear,16,2,TV Series,8.1,305,8.7,125800,60.0,"Adventure ,Sport ,Talk-Show",14.0,2.0,2011.0
118,Top Gear,16,3,TV Series,8.5,351,8.7,125800,60.0,"Adventure ,Sport ,Talk-Show",21.0,2.0,2011.0
118,Top Gear,16,4,TV Series,8.0,283,8.7,125800,60.0,"Adventure ,Sport ,Talk-Show",28.0,2.0,2011.0
118,Top Gear,16,5,TV Series,8.2,322,8.7,125800,60.0,"Adventure ,Sport ,Talk-Show",7.0,3.0,2011.0
118,Top Gear,16,6,TV Series,8.0,280,8.7,125800,60.0,"Adventure ,Sport ,Talk-Show",14.0,3.0,2011.0
118,Top Gear,16,7,TV Series,8.1,158,8.7,125800,60.0,"Adventure ,Sport ,Talk-Show",6.0,3.0,2011.0
118,Top Gear,16,8,TV Series,8.2,164,8.7,125800,60.0,"Adventure ,Sport ,Talk-Show",13.0,3.0,2011.0
118,Top Gear,17,1,TV Series,8.2,329,8.7,125800,60.0,"Adventure ,Sport ,Talk-Show",22.0,8.0,2011.0
118,Top Gear,17,2,TV Series,8.4,343,8.7,125800,60.0,"Adventure ,Sport ,Talk-Show",29.0,8.0,2011.0
118,Top Gear,17,3,TV Series,8.2,304,8.7,125800,60.0,"Adventure ,Sport ,Talk-Show",5.0,9.0,2011.0
118,Top Gear,17,4,TV Series,8.8,393,8.7,125800,60.0,"Adventure ,Sport ,Talk-Show",12.0,9.0,2011.0
118,Top Gear,17,5,TV Series,8.0,311,8.7,125800,60.0,"Adventure ,Sport ,Talk-Show",19.0,9.0,2011.0
118,Top Gear,13,6,TV Series,8.4,288,8.7,125800,60.0,"Adventure ,Sport ,Talk-Show",1.0,3.0,2010.0
118,Top Gear,18,0,TV Series,8.2,761,8.7,125800,60.0,"Adventure ,Sport ,Talk-Show",16.0,4.0,2012.0
118,Top Gear,18,1,TV Series,8.3,422,8.7,125800,60.0,"Adventure ,Sport ,Talk-Show",23.0,4.0,2012.0
118,Top Gear,18,2,TV Series,8.1,342,8.7,125800,60.0,"Adventure ,Sport ,Talk-Show",30.0,4.0,2012.0
118,Top Gear,18,3,TV Series,8.0,335,8.7,125800,60.0,"Adventure ,Sport ,Talk-Show",7.0,5.0,2012.0
118,Top Gear,18,4,TV Series,8.1,314,8.7,125800,60.0,"Adventure ,Sport ,Talk-Show",14.0,5.0,2012.0
118,Top Gear,18,5,TV Series,7.8,302,8.7,125800,60.0,"Adventure ,Sport ,Talk-Show",21.0,5.0,2012.0
118,Top Gear,18,6,TV Series,7.9,310,8.7,125800,60.0,"Adventure ,Sport ,Talk-Show",28.0,5.0,2012.0
118,Top Gear,18,7,TV Series,8.5,329,8.7,125800,60.0,"Adventure ,Sport ,Talk-Show",4.0,6.0,2012.0
118,Top Gear,19,1,TV Series,8.4,427,8.7,125800,60.0,"Adventure ,Sport ,Talk-Show",4.0,2.0,2013.0
118,Top Gear,19,2,TV Series,8.5,406,8.7,125800,60.0,"Adventure ,Sport ,Talk-Show",11.0,2.0,2013.0
118,Top Gear,19,3,TV Series,8.2,371,8.7,125800,60.0,"Adventure ,Sport ,Talk-Show",18.0,2.0,2013.0
118,Top Gear,19,4,TV Series,8.1,362,8.7,125800,60.0,"Adventure ,Sport ,Talk-Show",25.0,2.0,2013.0
118,Top Gear,19,5,TV Series,8.3,356,8.7,125800,60.0,"Adventure ,Sport ,Talk-Show",4.0,3.0,2013.0
118,Top Gear,19,6,TV Series,9.1,942,8.7,125800,60.0,"Adventure ,Sport ,Talk-Show",11.0,3.0,2013.0
118,Top Gear,19,7,TV Series,9.2,831,8.7,125800,60.0,"Adventure ,Sport ,Talk-Show",18.0,3.0,2013.0
118,Top Gear,15,8,TV Series,8.3,167,8.7,125800,60.0,"Adventure ,Sport ,Talk-Show",15.0,8.0,2010.0
118,Top Gear,19,9,TV Series,7.3,128,8.7,125800,60.0,"Adventure ,Sport ,Talk-Show",24.0,3.0,2013.0
118,Top Gear,20,1,TV Series,8.2,413,8.7,125800,60.0,"Adventure ,Sport ,Talk-Show",8.0,7.0,2013.0
118,Top Gear,20,2,TV Series,8.2,347,8.7,125800,60.0,"Adventure ,Sport ,Talk-Show",15.0,7.0,2013.0
118,Top Gear,20,3,TV Series,8.5,404,8.7,125800,60.0,"Adventure ,Sport ,Talk-Show",22.0,7.0,2013.0
118,Top Gear,20,4,TV Series,8.6,384,8.7,125800,60.0,"Adventure ,Sport ,Talk-Show",29.0,7.0,2013.0
118,Top Gear,20,5,TV Series,8.6,360,8.7,125800,60.0,"Adventure ,Sport ,Talk-Show",5.0,8.0,2013.0
118,Top Gear,20,6,TV Series,8.3,388,8.7,125800,60.0,"Adventure ,Sport ,Talk-Show",12.0,8.0,2013.0
118,Top Gear,21,1,TV Series,8.0,504,8.7,125800,60.0,"Adventure ,Sport ,Talk-Show",10.0,2.0,2014.0
118,Top Gear,21,2,TV Series,8.3,445,8.7,125800,60.0,"Adventure ,Sport ,Talk-Show",17.0,2.0,2014.0
118,Top Gear,21,3,TV Series,8.3,447,8.7,125800,60.0,"Adventure ,Sport ,Talk-Show",24.0,2.0,2014.0
118,Top Gear,21,4,TV Series,8.2,354,8.7,125800,60.0,"Adventure ,Sport ,Talk-Show",3.0,3.0,2014.0
118,Top Gear,21,5,TV Series,8.5,411,8.7,125800,60.0,"Adventure ,Sport ,Talk-Show",10.0,3.0,2014.0
118,Top Gear,21,6,TV Series,9.1,910,8.7,125800,60.0,"Adventure ,Sport ,Talk-Show",17.0,3.0,2014.0
118,Top Gear,21,7,TV Series,9.2,898,8.7,125800,60.0,"Adventure ,Sport ,Talk-Show",24.0,3.0,2014.0
118,Top Gear,22,1,TV Series,8.6,589,8.7,125800,60.0,"Adventure ,Sport ,Talk-Show",26.0,1.0,2015.0
118,Top Gear,17,6,TV Series,7.8,282,8.7,125800,60.0,"Adventure ,Sport ,Talk-Show",26.0,9.0,2011.0
118,Top Gear,22,3,TV Series,8.8,596,8.7,125800,60.0,"Adventure ,Sport ,Talk-Show",9.0,2.0,2015.0
118,Top Gear,22,4,TV Series,8.4,440,8.7,125800,60.0,"Adventure ,Sport ,Talk-Show",16.0,2.0,2015.0
118,Top Gear,22,5,TV Series,8.4,464,8.7,125800,60.0,"Adventure ,Sport ,Talk-Show",23.0,2.0,2015.0
118,Top Gear,22,6,TV Series,8.6,516,8.7,125800,60.0,"Adventure ,Sport ,Talk-Show",2.0,3.0,2015.0
118,Top Gear,22,7,TV Series,8.3,418,8.7,125800,60.0,"Adventure ,Sport ,Talk-Show",9.0,3.0,2015.0
118,Top Gear,22,8,TV Series,9.4,1135,8.7,125800,60.0,"Adventure ,Sport ,Talk-Show",13.0,7.0,2015.0
118,Top Gear,23,1,TV Series,2.2,3264,8.7,125800,60.0,"Adventure ,Sport ,Talk-Show",30.0,5.0,2016.0
118,Top Gear,23,2,TV Series,2.6,1286,8.7,125800,60.0,"Adventure ,Sport ,Talk-Show",6.0,6.0,2016.0
118,Top Gear,23,3,TV Series,2.8,1095,8.7,125800,60.0,"Adventure ,Sport ,Talk-Show",13.0,6.0,2016.0
118,Top Gear,23,4,TV Series,2.7,918,8.7,125800,60.0,"Adventure ,Sport ,Talk-Show",20.0,6.0,2016.0
118,Top Gear,23,5,TV Series,2.6,782,8.7,125800,60.0,"Adventure ,Sport ,Talk-Show",27.0,6.0,2016.0
118,Top Gear,23,6,TV Series,2.5,780,8.7,125800,60.0,"Adventure ,Sport ,Talk-Show",4.0,7.0,2016.0
118,Top Gear,24,1,TV Series,6.2,730,8.7,125800,60.0,"Adventure ,Sport ,Talk-Show",12.0,3.0,2017.0
118,Top Gear,24,2,TV Series,5.9,482,8.7,125800,60.0,"Adventure ,Sport ,Talk-Show",19.0,3.0,2017.0
118,Top Gear,24,3,TV Series,6.2,430,8.7,125800,60.0,"Adventure ,Sport ,Talk-Show",26.0,3.0,2017.0
118,Top Gear,19,8,TV Series,7.3,139,8.7,125800,60.0,"Adventure ,Sport ,Talk-Show",17.0,3.0,2013.0
118,Top Gear,24,5,TV Series,5.7,330,8.7,125800,60.0,"Adventure ,Sport ,Talk-Show",9.0,4.0,2017.0
118,Top Gear,24,6,TV Series,5.1,289,8.7,125800,60.0,"Adventure ,Sport ,Talk-Show",16.0,4.0,2017.0
118,Top Gear,24,7,TV Series,5.2,296,8.7,125800,60.0,"Adventure ,Sport ,Talk-Show",23.0,4.0,2017.0
118,Top Gear,25,1,TV Series,6.0,386,8.7,125800,60.0,"Adventure ,Sport ,Talk-Show",3.0,3.0,2018.0
118,Top Gear,25,2,TV Series,6.3,320,8.7,125800,60.0,"Adventure ,Sport ,Talk-Show",4.0,3.0,2018.0
118,Top Gear,25,3,TV Series,6.7,350,8.7,125800,60.0,"Adventure ,Sport ,Talk-Show",11.0,3.0,2018.0
118,Top Gear,25,4,TV Series,6.2,257,8.7,125800,60.0,"Adventure ,Sport ,Talk-Show",18.0,3.0,2018.0
118,Top Gear,25,5,TV Series,5.5,213,8.7,125800,60.0,"Adventure ,Sport ,Talk-Show",25.0,3.0,2018.0
118,Top Gear,25,6,TV Series,5.7,225,8.7,125800,60.0,"Adventure ,Sport ,Talk-Show",1.0,4.0,2018.0
118,Top Gear,26,1,TV Series,5.3,242,8.7,125800,60.0,"Adventure ,Sport ,Talk-Show",25.0,4.0,2019.0
118,Top Gear,26,2,TV Series,5.0,212,8.7,125800,60.0,"Adventure ,Sport ,Talk-Show",2.0,5.0,2019.0
118,Top Gear,26,3,TV Series,5.3,174,8.7,125800,60.0,"Adventure ,Sport ,Talk-Show",9.0,5.0,2019.0
118,Top Gear,26,4,TV Series,6.0,183,8.7,125800,60.0,"Adventure ,Sport ,Talk-Show",16.0,5.0,2019.0
118,Top Gear,26,5,TV Series,5.3,162,8.7,125800,60.0,"Adventure ,Sport ,Talk-Show",23.0,5.0,2019.0
118,Top Gear,27,1,TV Series,5.6,535,8.7,125800,60.0,"Adventure ,Sport ,Talk-Show",14.0,7.0,2019.0
118,Top Gear,22,2,TV Series,8.5,489,8.7,125800,60.0,"Adventure ,Sport ,Talk-Show",2.0,2.0,2015.0
118,Top Gear,27,3,TV Series,4.6,349,8.7,125800,60.0,"Adventure ,Sport ,Talk-Show",28.0,7.0,2019.0
118,Top Gear,27,4,TV Series,4.9,273,8.7,125800,60.0,"Adventure ,Sport ,Talk-Show",4.0,8.0,2019.0
118,Top Gear,27,5,TV Series,5.9,240,8.7,125800,60.0,"Adventure ,Sport ,Talk-Show",11.0,8.0,2019.0
118,Top Gear,28,0,TV Series,6.5,272,8.7,125800,60.0,"Adventure ,Sport ,Talk-Show",30.0,8.0,2020.0
118,Top Gear,28,1,TV Series,6.1,218,8.7,125800,60.0,"Adventure ,Sport ,Talk-Show",6.0,9.0,2020.0
118,Top Gear,28,2,TV Series,6.3,190,8.7,125800,60.0,"Adventure ,Sport ,Talk-Show",13.0,9.0,2020.0
118,Top Gear,28,3,TV Series,6.5,206,8.7,125800,60.0,"Adventure ,Sport ,Talk-Show",20.0,9.0,2020.0
118,Top Gear,28,4,TV Series,5.7,167,8.7,125800,60.0,"Adventure ,Sport ,Talk-Show",27.0,9.0,2020.0
118,Top Gear,28,5,TV Series,6.1,156,8.7,125800,60.0,"Adventure ,Sport ,Talk-Show",4.0,10.0,2020.0
118,Top Gear,28,6,TV Series,6.1,165,8.7,125800,60.0,"Adventure ,Sport ,Talk-Show",11.0,10.0,2020.0
118,Top Gear,29,1,TV Series,6.0,200,8.7,125800,60.0,"Adventure ,Sport ,Talk-Show",18.0,10.0,2020.0
118,Top Gear,29,2,TV Series,6.6,170,8.7,125800,60.0,"Adventure ,Sport ,Talk-Show",25.0,10.0,2020.0
118,Top Gear,29,3,TV Series,5.5,148,8.7,125800,60.0,"Adventure ,Sport ,Talk-Show",1.0,11.0,2020.0
118,Top Gear,29,4,TV Series,6.0,126,8.7,125800,60.0,"Adventure ,Sport ,Talk-Show",8.0,11.0,2020.0
118,Top Gear,29,5,TV Series,5.2,142,8.7,125800,60.0,"Adventure ,Sport ,Talk-Show",15.0,11.0,2020.0
118,Top Gear,24,4,TV Series,6.3,400,8.7,125800,60.0,"Adventure ,Sport ,Talk-Show",2.0,4.0,2017.0
118,Top Gear,30,2,TV Series,6.1,125,8.7,125800,60.0,"Adventure ,Sport ,Talk-Show",2.0,5.0,2021.0
118,Top Gear,30,3,TV Series,6.6,107,8.7,125800,60.0,"Adventure ,Sport ,Talk-Show",9.0,5.0,2021.0
118,Top Gear,30,4,TV Series,5.4,109,8.7,125800,60.0,"Adventure ,Sport ,Talk-Show",16.0,5.0,2021.0
118,Top Gear,31,1,TV Series,7.3,164,8.7,125800,60.0,"Adventure ,Sport ,Talk-Show",23.0,11.0,2021.0
118,Top Gear,31,2,TV Series,5.9,109,8.7,125800,60.0,"Adventure ,Sport ,Talk-Show",30.0,11.0,2021.0
118,Top Gear,31,3,TV Series,5.2,99,8.7,125800,60.0,"Adventure ,Sport ,Talk-Show",7.0,12.0,2021.0
118,Top Gear,31,4,TV Series,6.1,101,8.7,125800,60.0,"Adventure ,Sport ,Talk-Show",14.0,12.0,2021.0
118,Top Gear,31,5,TV Series,5.5,85,8.7,125800,60.0,"Adventure ,Sport ,Talk-Show",21.0,12.0,2021.0
118,Top Gear,31,6,TV Series,4.7,98,8.7,125800,60.0,"Adventure ,Sport ,Talk-Show",24.0,12.0,2021.0
118,Top Gear,32,1,TV Series,5.9,142,8.7,125800,60.0,"Adventure ,Sport ,Talk-Show",14.0,7.0,2022.0
118,Top Gear,32,2,TV Series,5.8,110,8.7,125800,60.0,"Adventure ,Sport ,Talk-Show",12.0,6.0,2022.0
118,Top Gear,32,3,TV Series,5.4,95,8.7,125800,60.0,"Adventure ,Sport ,Talk-Show",19.0,6.0,2022.0
118,Top Gear,32,4,TV Series,5.8,80,8.7,125800,60.0,"Adventure ,Sport ,Talk-Show",26.0,6.0,2022.0
118,Top Gear,32,5,TV Series,5.6,82,8.7,125800,60.0,"Adventure ,Sport ,Talk-Show",3.0,7.0,2022.0
118,Top Gear,33,1,TV Series,5.9,83,8.7,125800,60.0,"Adventure ,Sport ,Talk-Show",30.0,10.0,2022.0
118,Top Gear,27,2,TV Series,5.4,383,8.7,125800,60.0,"Adventure ,Sport ,Talk-Show",21.0,7.0,2019.0
118,Top Gear,33,3,TV Series,5.5,65,8.7,125800,60.0,"Adventure ,Sport ,Talk-Show",13.0,11.0,2022.0
118,Top Gear,33,4,TV Series,5.9,83,8.7,125800,60.0,"Adventure ,Sport ,Talk-Show",20.0,11.0,2022.0
118,Top Gear,33,5,TV Series,5.8,59,8.7,125800,60.0,"Adventure ,Sport ,Talk-Show",19.0,12.0,2022.0
118,Top Gear,Unknown,Unknown,TV Series,6.0,10,8.7,125800,60.0,"Adventure ,Sport ,Talk-Show",35.0,15.0,2006.0
118,Top Gear,Unknown,Unknown,TV Series,6.0,10,8.7,125800,60.0,"Adventure ,Sport ,Talk-Show",35.0,15.0,2006.0
118,Top Gear,Unknown,Unknown,TV Series,5.9,10,8.7,125800,60.0,"Adventure ,Sport ,Talk-Show",35.0,15.0,2007.0
118,Top Gear,Unknown,Unknown,TV Series,5.6,10,8.7,125800,60.0,"Adventure ,Sport ,Talk-Show",35.0,15.0,2007.0
118,Top Gear,Unknown,Unknown,TV Series,5.6,10,8.7,125800,60.0,"Adventure ,Sport ,Talk-Show",35.0,15.0,2007.0
118,Top Gear,Unknown,Unknown,TV Series,5.2,61,8.7,125800,60.0,"Adventure ,Sport ,Talk-Show",7.0,11.0,2011.0
118,Top Gear,Unknown,Unknown,TV Series,5.5,61,8.7,125800,60.0,"Adventure ,Sport ,Talk-Show",7.0,11.0,2011.0
118,Top Gear,Unknown,Unknown,TV Series,5.4,60,8.7,125800,60.0,"Adventure ,Sport ,Talk-Show",14.0,11.0,2011.0
118,Top Gear,Unknown,Unknown,TV Series,5.2,59,8.7,125800,60.0,"Adventure ,Sport ,Talk-Show",14.0,11.0,2011.0
118,Top Gear,Unknown,Unknown,TV Series,5.5,66,8.7,125800,60.0,"Adventure ,Sport ,Talk-Show",28.0,11.0,2011.0
118,Top Gear,Unknown,Unknown,TV Series,5.6,64,8.7,125800,60.0,"Adventure ,Sport ,Talk-Show",28.0,11.0,2011.0
118,Top Gear,Unknown,Unknown,TV Series,5.5,59,8.7,125800,60.0,"Adventure ,Sport ,Talk-Show",28.0,11.0,2011.0
118,Top Gear,30,1,TV Series,6.3,163,8.7,125800,60.0,"Adventure ,Sport ,Talk-Show",25.0,4.0,2021.0
118,Top Gear,Unknown,Unknown,TV Series,5.4,59,8.7,125800,60.0,"Adventure ,Sport ,Talk-Show",5.0,12.0,2011.0
118,Top Gear,Unknown,Unknown,TV Series,5.4,58,8.7,125800,60.0,"Adventure ,Sport ,Talk-Show",5.0,12.0,2011.0
118,Top Gear,Unknown,Unknown,TV Series,4.9,60,8.7,125800,60.0,"Adventure ,Sport ,Talk-Show",12.0,12.0,2011.0
118,Top Gear,Unknown,Unknown,TV Series,5.4,61,8.7,125800,60.0,"Adventure ,Sport ,Talk-Show",12.0,12.0,2011.0
118,Top Gear,Unknown,Unknown,TV Series,5.3,61,8.7,125800,60.0,"Adventure ,Sport ,Talk-Show",12.0,12.0,2011.0
118,Top Gear,Unknown,Unknown,TV Series,5.3,59,8.7,125800,60.0,"Adventure ,Sport ,Talk-Show",19.0,12.0,2011.0
118,Top Gear,Unknown,Unknown,TV Series,5.5,60,8.7,125800,60.0,"Adventure ,Sport ,Talk-Show",19.0,12.0,2011.0
118,Top Gear,Unknown,Unknown,TV Series,5.9,76,8.7,125800,60.0,"Adventure ,Sport ,Talk-Show",22.0,10.0,2012.0
118,Top Gear,Unknown,Unknown,TV Series,8.0,369,8.7,125800,60.0,"Adventure ,Sport ,Talk-Show",29.0,10.0,2012.0
118,Top Gear,Unknown,Unknown,TV Series,5.6,78,8.7,125800,60.0,"Adventure ,Sport ,Talk-Show",29.0,10.0,2012.0
118,Top Gear,Unknown,Unknown,TV Series,5.4,64,8.7,125800,60.0,"Adventure ,Sport ,Talk-Show",4.0,12.0,2012.0
118,Top Gear,Unknown,Unknown,TV Series,5.5,62,8.7,125800,60.0,"Adventure ,Sport ,Talk-Show",10.0,12.0,2012.0
118,Top Gear,Unknown,Unknown,TV Series,6.1,72,8.7,125800,60.0,"Adventure ,Sport ,Talk-Show",17.0,12.0,2012.0
118,Top Gear,Unknown,Unknown,TV Series,5.6,64,8.7,125800,60.0,"Adventure ,Sport ,Talk-Show",17.0,12.0,2012.0
118,Top Gear,Unknown,Unknown,TV Series,6.0,57,8.7,125800,60.0,"Adventure ,Sport ,Talk-Show",3.0,6.0,2013.0
118,Top Gear,33,2,TV Series,6.4,74,8.7,125800,60.0,"Adventure ,Sport ,Talk-Show",6.0,11.0,2022.0
118,Top Gear,2,9,TV Series,7.7,248,8.7,125800,60.0,"Adventure ,Sport ,Talk-Show",13.0,7.0,2003.0
118,Top Gear,2,10,TV Series,7.7,243,8.7,125800,60.0,"Adventure ,Sport ,Talk-Show",20.0,7.0,2003.0
118,Top Gear,3,1,TV Series,7.7,249,8.7,125800,60.0,"Adventure ,Sport ,Talk-Show",26.0,10.0,2003.0
118,Top Gear,3,2,TV Series,7.8,249,8.7,125800,60.0,"Adventure ,Sport ,Talk-Show",2.0,11.0,2003.0
118,Top Gear,3,3,TV Series,7.7,240,8.7,125800,60.0,"Adventure ,Sport ,Talk-Show",9.0,11.0,2003.0
118,Top Gear,3,4,TV Series,7.8,240,8.7,125800,60.0,"Adventure ,Sport ,Talk-Show",16.0,11.0,2003.0
118,Top Gear,3,5,TV Series,8.2,288,8.7,125800,60.0,"Adventure ,Sport ,Talk-Show",23.0,11.0,2003.0
118,Top Gear,3,6,TV Series,7.9,259,8.7,125800,60.0,"Adventure ,Sport ,Talk-Show",7.0,12.0,2003.0
118,Top Gear,Unknown,Unknown,TV Series,6.0,68,8.7,125800,60.0,"Adventure ,Sport ,Talk-Show",31.0,3.0,2014.0
118,Top Gear,Unknown,Unknown,TV Series,5.6,61,8.7,125800,60.0,"Adventure ,Sport ,Talk-Show",7.0,4.0,2014.0
118,Top Gear,Unknown,Unknown,TV Series,5.2,56,8.7,125800,60.0,"Adventure ,Sport ,Talk-Show",14.0,4.0,2014.0
118,Top Gear,Unknown,Unknown,TV Series,5.3,54,8.7,125800,60.0,"Adventure ,Sport ,Talk-Show",28.0,7.0,2014.0
118,Top Gear,Unknown,Unknown,TV Series,5.2,54,8.7,125800,60.0,"Adventure ,Sport ,Talk-Show",4.0,8.0,2014.0
118,Top Gear,Unknown,Unknown,TV Series,5.2,53,8.7,125800,60.0,"Adventure ,Sport ,Talk-Show",11.0,8.0,2014.0
118,Top Gear,Unknown,Unknown,TV Series,5.4,60,8.7,125800,60.0,"Adventure ,Sport ,Talk-Show",8.0,12.0,2014.0
118,Top Gear,Unknown,Unknown,TV Series,5.0,62,8.7,125800,60.0,"Adventure ,Sport ,Talk-Show",5.0,12.0,2011.0
118,Top Gear,4,6,TV Series,7.6,229,8.7,125800,60.0,"Adventure ,Sport ,Talk-Show",13.0,6.0,2004.0
118,Top Gear,4,7,TV Series,7.7,233,8.7,125800,60.0,"Adventure ,Sport ,Talk-Show",11.0,7.0,2004.0
118,Top Gear,4,8,TV Series,7.8,231,8.7,125800,60.0,"Adventure ,Sport ,Talk-Show",18.0,7.0,2004.0
118,Top Gear,4,9,TV Series,7.7,228,8.7,125800,60.0,"Adventure ,Sport ,Talk-Show",25.0,7.0,2004.0
118,Top Gear,4,10,TV Series,7.7,226,8.7,125800,60.0,"Adventure ,Sport ,Talk-Show",1.0,8.0,2004.0
118,Top Gear,5,1,TV Series,7.8,229,8.7,125800,60.0,"Adventure ,Sport ,Talk-Show",24.0,10.0,2004.0
118,Top Gear,5,2,TV Series,7.9,235,8.7,125800,60.0,"Adventure ,Sport ,Talk-Show",31.0,10.0,2004.0
118,Top Gear,5,3,TV Series,7.8,229,8.7,125800,60.0,"Adventure ,Sport ,Talk-Show",7.0,11.0,2004.0
118,Top Gear,Unknown,Unknown,TV Series,6.4,88,8.7,125800,60.0,"Adventure ,Sport ,Talk-Show",14.0,10.0,2013.0
118,Top Gear,Unknown,Unknown,TV Series,5.5,57,8.7,125800,60.0,"Adventure ,Sport ,Talk-Show",21.0,10.0,2013.0
118,Top Gear,Unknown,Unknown,TV Series,5.4,55,8.7,125800,60.0,"Adventure ,Sport ,Talk-Show",28.0,10.0,2013.0
118,Top Gear,Unknown,Unknown,TV Series,5.1,55,8.7,125800,60.0,"Adventure ,Sport ,Talk-Show",4.0,11.0,2013.0
118,Top Gear,Unknown,Unknown,TV Series,5.3,55,8.7,125800,60.0,"Adventure ,Sport ,Talk-Show",11.0,11.0,2013.0
118,Top Gear,Unknown,Unknown,TV Series,5.5,58,8.7,125800,60.0,"Adventure ,Sport ,Talk-Show",25.0,11.0,2013.0
118,Top Gear,Unknown,Unknown,TV Series,5.4,57,8.7,125800,60.0,"Adventure ,Sport ,Talk-Show",2.0,12.0,2013.0
118,Top Gear,Unknown,Unknown,TV Series,5.7,62,8.7,125800,60.0,"Adventure ,Sport ,Talk-Show",16.0,12.0,2013.0
118,Top Gear,4,4,TV Series,8.2,243,8.7,125800,60.0,"Adventure ,Sport ,Talk-Show",30.0,5.0,2004.0
118,Top Gear,4,3,TV Series,8.0,257,8.7,125800,60.0,"Adventure ,Sport ,Talk-Show",23.0,5.0,2004.0
118,Top Gear,4,2,TV Series,7.7,239,8.7,125800,60.0,"Adventure ,Sport ,Talk-Show",16.0,5.0,2004.0
118,Top Gear,4,1,TV Series,8.3,278,8.7,125800,60.0,"Adventure ,Sport ,Talk-Show",9.0,5.0,2004.0
118,Top Gear,3,9,TV Series,7.6,237,8.7,125800,60.0,"Adventure ,Sport ,Talk-Show",28.0,12.0,2003.0
118,Top Gear,3,8,TV Series,7.7,228,8.7,125800,60.0,"Adventure ,Sport ,Talk-Show",21.0,12.0,2003.0
118,Top Gear,3,7,TV Series,7.7,236,8.7,125800,60.0,"Adventure ,Sport ,Talk-Show",14.0,12.0,2003.0
119,Line of Duty,1,4,TV Series,8.1,1418,8.7,69072,60.0,"Crime ,Drama ,Mystery",11.0,9.0,2012.0
119,Line of Duty,1,5,TV Series,8.3,1539,8.7,69072,60.0,"Crime ,Drama ,Mystery",18.0,9.0,2012.0
119,Line of Duty,2,1,TV Series,8.5,1519,8.7,69072,60.0,"Crime ,Drama ,Mystery",12.0,2.0,2014.0
119,Line of Duty,2,2,TV Series,8.5,1330,8.7,69072,60.0,"Crime ,Drama ,Mystery",19.0,2.0,2014.0
119,Line of Duty,2,4,TV Series,8.4,1238,8.7,69072,60.0,"Crime ,Drama ,Mystery",5.0,3.0,2014.0
119,Line of Duty,2,3,TV Series,8.2,1244,8.7,69072,60.0,"Crime ,Drama ,Mystery",26.0,2.0,2014.0
119,Line of Duty,2,5,TV Series,8.7,1252,8.7,69072,60.0,"Crime ,Drama ,Mystery",12.0,3.0,2014.0
119,Line of Duty,4,3,TV Series,8.6,1269,8.7,69072,60.0,"Crime ,Drama ,Mystery",9.0,4.0,2017.0
119,Line of Duty,5,1,TV Series,8.5,1421,8.7,69072,60.0,"Crime ,Drama ,Mystery",31.0,3.0,2019.0
119,Line of Duty,4,4,TV Series,8.5,1213,8.7,69072,60.0,"Crime ,Drama ,Mystery",16.0,4.0,2017.0
119,Line of Duty,4,5,TV Series,8.5,1175,8.7,69072,60.0,"Crime ,Drama ,Mystery",23.0,4.0,2017.0
119,Line of Duty,4,6,TV Series,9.0,1456,8.7,69072,60.0,"Crime ,Drama ,Mystery",30.0,4.0,2017.0
119,Line of Duty,5,3,TV Series,8.4,1148,8.7,69072,60.0,"Crime ,Drama ,Mystery",14.0,4.0,2019.0
119,Line of Duty,5,2,TV Series,8.5,1190,8.7,69072,60.0,"Crime ,Drama ,Mystery",7.0,4.0,2019.0
119,Line of Duty,1,1,TV Series,7.7,1836,8.7,69072,60.0,"Crime ,Drama ,Mystery",21.0,8.0,2012.0
119,Line of Duty,1,2,TV Series,8.1,1548,8.7,69072,60.0,"Crime ,Drama ,Mystery",28.0,8.0,2012.0
119,Line of Duty,3,5,TV Series,9.1,1529,8.7,69072,60.0,"Crime ,Drama ,Mystery",21.0,4.0,2016.0
119,Line of Duty,1,3,TV Series,8.0,1473,8.7,69072,60.0,"Crime ,Drama ,Mystery",4.0,9.0,2012.0
119,Line of Duty,6,7,TV Series,6.0,2767,8.7,69072,60.0,"Crime ,Drama ,Mystery",2.0,5.0,2021.0
119,Line of Duty,7,1,TV Series,7.3,0,8.7,69072,60.0,"Crime ,Drama ,Mystery",35.0,15.0,2050.0
119,Line of Duty,3,3,TV Series,8.4,1218,8.7,69072,60.0,"Crime ,Drama ,Mystery",7.0,4.0,2016.0
119,Line of Duty,3,2,TV Series,8.3,1241,8.7,69072,60.0,"Crime ,Drama ,Mystery",31.0,3.0,2016.0
119,Line of Duty,3,1,TV Series,8.6,1473,8.7,69072,60.0,"Crime ,Drama ,Mystery",24.0,3.0,2016.0
119,Line of Duty,2,6,TV Series,8.2,1281,8.7,69072,60.0,"Crime ,Drama ,Mystery",19.0,3.0,2014.0
119,Line of Duty,3,6,TV Series,9.5,2630,8.7,69072,60.0,"Crime ,Drama ,Mystery",28.0,4.0,2016.0
119,Line of Duty,3,4,TV Series,8.4,1225,8.7,69072,60.0,"Crime ,Drama ,Mystery",14.0,4.0,2016.0
119,Line of Duty,5,6,TV Series,8.4,1337,8.7,69072,60.0,"Crime ,Drama ,Mystery",5.0,5.0,2019.0
119,Line of Duty,6,1,TV Series,7.7,1363,8.7,69072,60.0,"Crime ,Drama ,Mystery",21.0,3.0,2021.0
119,Line of Duty,6,3,TV Series,8.3,1065,8.7,69072,60.0,"Crime ,Drama ,Mystery",4.0,4.0,2021.0
119,Line of Duty,6,2,TV Series,8.1,1096,8.7,69072,60.0,"Crime ,Drama ,Mystery",28.0,3.0,2021.0
119,Line of Duty,4,2,TV Series,8.1,1188,8.7,69072,60.0,"Crime ,Drama ,Mystery",2.0,4.0,2017.0
119,Line of Duty,4,1,TV Series,8.4,1412,8.7,69072,60.0,"Crime ,Drama ,Mystery",26.0,3.0,2017.0
119,Line of Duty,6,4,TV Series,9.0,1449,8.7,69072,60.0,"Crime ,Drama ,Mystery",11.0,4.0,2021.0
119,Line of Duty,6,5,TV Series,8.9,1334,8.7,69072,60.0,"Crime ,Drama ,Mystery",18.0,4.0,2021.0
119,Line of Duty,6,6,TV Series,8.2,1116,8.7,69072,60.0,"Crime ,Drama ,Mystery",25.0,4.0,2021.0
119,Line of Duty,5,4,TV Series,8.9,1307,8.7,69072,60.0,"Crime ,Drama ,Mystery",21.0,4.0,2019.0
119,Line of Duty,5,5,TV Series,8.5,1116,8.7,69072,60.0,"Crime ,Drama ,Mystery",28.0,4.0,2019.0
120,1883,1,4,TV Mini Series,8.3,3554,8.7,112131,562.0,"Drama ,Western",9.0,1.0,2022.0
120,1883,1,1,TV Mini Series,8.6,4865,8.7,112131,562.0,"Drama ,Western",19.0,12.0,2021.0
120,1883,1,2,TV Mini Series,8.8,4243,8.7,112131,562.0,"Drama ,Western",19.0,12.0,2021.0
120,1883,1,10,TV Mini Series,9.0,3707,8.7,112131,562.0,"Drama ,Western",27.0,2.0,2022.0
120,1883,1,5,TV Mini Series,9.0,4095,8.7,112131,562.0,"Drama ,Western",16.0,1.0,2022.0
120,1883,1,3,TV Mini Series,8.3,3581,8.7,112131,562.0,"Drama ,Western",26.0,12.0,2021.0
120,1883,1,6,TV Mini Series,8.2,3218,8.7,112131,562.0,"Drama ,Western",30.0,1.0,2022.0
120,1883,1,8,TV Mini Series,7.6,3382,8.7,112131,562.0,"Drama ,Western",13.0,2.0,2022.0
120,1883,1,7,TV Mini Series,8.6,3626,8.7,112131,562.0,"Drama ,Western",6.0,2.0,2022.0
120,1883,1,9,TV Mini Series,9.1,3688,8.7,112131,562.0,"Drama ,Western",20.0,2.0,2022.0
121,The Thick of It,3,2,TV Series,8.4,437,8.7,25851,29.0,Comedy,31.0,10.0,2009.0
121,The Thick of It,4,5,TV Series,8.1,360,8.7,25851,29.0,Comedy,13.0,10.0,2012.0
121,The Thick of It,2,5,TV Series,8.5,490,8.7,25851,29.0,Comedy,3.0,7.0,2007.0
121,The Thick of It,2,2,TV Series,7.8,487,8.7,25851,29.0,Comedy,27.0,10.0,2005.0
121,The Thick of It,2,3,TV Series,8.4,504,8.7,25851,29.0,Comedy,3.0,11.0,2005.0
121,The Thick of It,2,4,TV Series,8.5,502,8.7,25851,29.0,Comedy,10.0,1.0,2007.0
121,The Thick of It,3,1,TV Series,8.0,431,8.7,25851,29.0,Comedy,24.0,10.0,2009.0
121,The Thick of It,2,6,TV Series,7.6,198,8.7,25851,29.0,Comedy,3.0,7.0,2007.0
121,The Thick of It,4,4,TV Series,8.2,357,8.7,25851,29.0,Comedy,29.0,9.0,2012.0
121,The Thick of It,1,2,TV Series,8.0,618,8.7,25851,29.0,Comedy,26.0,5.0,2005.0
121,The Thick of It,1,1,TV Series,7.7,710,8.7,25851,29.0,Comedy,19.0,5.0,2005.0
121,The Thick of It,4,7,TV Series,8.3,350,8.7,25851,29.0,Comedy,27.0,10.0,2012.0
121,The Thick of It,4,6,TV Series,8.7,450,8.7,25851,29.0,Comedy,20.0,10.0,2012.0
121,The Thick of It,3,8,TV Series,8.1,388,8.7,25851,29.0,Comedy,12.0,12.0,2009.0
121,The Thick of It,3,7,TV Series,8.5,414,8.7,25851,29.0,Comedy,5.0,12.0,2009.0
121,The Thick of It,2,1,TV Series,8.2,537,8.7,25851,29.0,Comedy,20.0,10.0,2005.0
121,The Thick of It,1,3,TV Series,7.8,568,8.7,25851,29.0,Comedy,2.0,6.0,2005.0
121,The Thick of It,4,1,TV Series,7.4,390,8.7,25851,29.0,Comedy,8.0,9.0,2012.0
121,The Thick of It,4,2,TV Series,7.8,364,8.7,25851,29.0,Comedy,15.0,9.0,2012.0
121,The Thick of It,4,3,TV Series,8.1,376,8.7,25851,29.0,Comedy,22.0,9.0,2012.0
121,The Thick of It,3,3,TV Series,8.3,428,8.7,25851,29.0,Comedy,7.0,11.0,2009.0
121,The Thick of It,3,6,TV Series,8.2,422,8.7,25851,29.0,Comedy,28.0,11.0,2009.0
121,The Thick of It,3,5,TV Series,8.7,483,8.7,25851,29.0,Comedy,21.0,11.0,2009.0
121,The Thick of It,3,4,TV Series,7.9,400,8.7,25851,29.0,Comedy,14.0,11.0,2009.0
122,Naruto: Shippuden,1,36,TV Series,7.0,564,8.7,162989,24.0,"Animation ,Action ,Adventure",19.0,5.0,2010.0
122,Naruto: Shippuden,1,3,TV Series,7.9,823,8.7,162989,24.0,"Animation ,Action ,Adventure",28.0,10.0,2009.0
122,Naruto: Shippuden,1,2,TV Series,7.8,912,8.7,162989,24.0,"Animation ,Action ,Adventure",28.0,10.0,2009.0
122,Naruto: Shippuden,1,1,TV Series,8.2,1232,8.7,162989,24.0,"Animation ,Action ,Adventure",28.0,10.0,2009.0
122,Naruto: Shippuden,1,17,TV Series,7.6,639,8.7,162989,24.0,"Animation ,Action ,Adventure",13.0,1.0,2010.0
122,Naruto: Shippuden,1,14,TV Series,8.3,720,8.7,162989,24.0,"Animation ,Action ,Adventure",31.0,12.0,2009.0
122,Naruto: Shippuden,1,13,TV Series,8.0,700,8.7,162989,24.0,"Animation ,Action ,Adventure",31.0,12.0,2009.0
122,Naruto: Shippuden,1,18,TV Series,7.5,642,8.7,162989,24.0,"Animation ,Action ,Adventure",20.0,1.0,2010.0
122,Naruto: Shippuden,1,15,TV Series,8.3,719,8.7,162989,24.0,"Animation ,Action ,Adventure",31.0,12.0,2009.0
122,Naruto: Shippuden,1,19,TV Series,7.6,636,8.7,162989,24.0,"Animation ,Action ,Adventure",27.0,1.0,2010.0
122,Naruto: Shippuden,1,16,TV Series,7.5,642,8.7,162989,24.0,"Animation ,Action ,Adventure",6.0,1.0,2010.0
122,Naruto: Shippuden,1,29,TV Series,8.0,646,8.7,162989,24.0,"Animation ,Action ,Adventure",31.0,3.0,2010.0
122,Naruto: Shippuden,1,30,TV Series,8.3,701,8.7,162989,24.0,"Animation ,Action ,Adventure",7.0,4.0,2010.0
122,Naruto: Shippuden,1,31,TV Series,8.7,984,8.7,162989,24.0,"Animation ,Action ,Adventure",14.0,4.0,2010.0
122,Naruto: Shippuden,1,32,TV Series,7.7,637,8.7,162989,24.0,"Animation ,Action ,Adventure",21.0,4.0,2010.0
122,Naruto: Shippuden,1,33,TV Series,7.5,599,8.7,162989,24.0,"Animation ,Action ,Adventure",28.0,4.0,2010.0
122,Naruto: Shippuden,1,34,TV Series,7.1,574,8.7,162989,24.0,"Animation ,Action ,Adventure",5.0,5.0,2010.0
122,Naruto: Shippuden,1,35,TV Series,7.1,573,8.7,162989,24.0,"Animation ,Action ,Adventure",12.0,5.0,2010.0
122,Naruto: Shippuden,1,4,TV Series,8.1,827,8.7,162989,24.0,"Animation ,Action ,Adventure",28.0,10.0,2009.0
122,Naruto: Shippuden,1,5,TV Series,8.1,782,8.7,162989,24.0,"Animation ,Action ,Adventure",4.0,11.0,2009.0
122,Naruto: Shippuden,1,6,TV Series,8.1,773,8.7,162989,24.0,"Animation ,Action ,Adventure",11.0,11.0,2009.0
122,Naruto: Shippuden,1,7,TV Series,7.6,729,8.7,162989,24.0,"Animation ,Action ,Adventure",18.0,11.0,2009.0
122,Naruto: Shippuden,1,8,TV Series,7.6,701,8.7,162989,24.0,"Animation ,Action ,Adventure",2.0,12.0,2009.0
122,Naruto: Shippuden,1,9,TV Series,7.5,696,8.7,162989,24.0,"Animation ,Action ,Adventure",9.0,12.0,2009.0
122,Naruto: Shippuden,1,10,TV Series,7.4,682,8.7,162989,24.0,"Animation ,Action ,Adventure",16.0,12.0,2009.0
122,Naruto: Shippuden,1,11,TV Series,7.6,685,8.7,162989,24.0,"Animation ,Action ,Adventure",23.0,12.0,2009.0
122,Naruto: Shippuden,1,12,TV Series,7.8,678,8.7,162989,24.0,"Animation ,Action ,Adventure",31.0,12.0,2009.0
122,Naruto: Shippuden,1,46,TV Series,7.1,551,8.7,162989,24.0,"Animation ,Action ,Adventure",4.0,8.0,2010.0
122,Naruto: Shippuden,1,47,TV Series,7.3,551,8.7,162989,24.0,"Animation ,Action ,Adventure",11.0,8.0,2010.0
122,Naruto: Shippuden,1,48,TV Series,7.1,558,8.7,162989,24.0,"Animation ,Action ,Adventure",18.0,8.0,2010.0
122,Naruto: Shippuden,1,49,TV Series,7.3,563,8.7,162989,24.0,"Animation ,Action ,Adventure",25.0,8.0,2010.0
122,Naruto: Shippuden,1,50,TV Series,7.2,543,8.7,162989,24.0,"Animation ,Action ,Adventure",1.0,9.0,2010.0
122,Naruto: Shippuden,Unknown,Unknown,TV Series,6.7,231,8.7,162989,24.0,"Animation ,Action ,Adventure",11.0,9.0,2014.0
122,Naruto: Shippuden,1,20,TV Series,7.9,667,8.7,162989,24.0,"Animation ,Action ,Adventure",3.0,2.0,2010.0
122,Naruto: Shippuden,1,21,TV Series,7.9,658,8.7,162989,24.0,"Animation ,Action ,Adventure",10.0,2.0,2010.0
122,Naruto: Shippuden,1,22,TV Series,7.7,647,8.7,162989,24.0,"Animation ,Action ,Adventure",17.0,2.0,2010.0
122,Naruto: Shippuden,1,23,TV Series,7.7,647,8.7,162989,24.0,"Animation ,Action ,Adventure",24.0,2.0,2010.0
122,Naruto: Shippuden,1,24,TV Series,7.9,658,8.7,162989,24.0,"Animation ,Action ,Adventure",24.0,2.0,2010.0
122,Naruto: Shippuden,1,25,TV Series,7.7,652,8.7,162989,24.0,"Animation ,Action ,Adventure",3.0,3.0,2010.0
122,Naruto: Shippuden,1,26,TV Series,8.8,946,8.7,162989,24.0,"Animation ,Action ,Adventure",10.0,3.0,2010.0
122,Naruto: Shippuden,1,27,TV Series,8.5,813,8.7,162989,24.0,"Animation ,Action ,Adventure",17.0,3.0,2010.0
122,Naruto: Shippuden,1,28,TV Series,6.9,589,8.7,162989,24.0,"Animation ,Action ,Adventure",24.0,3.0,2010.0
122,Naruto: Shippuden,1,37,TV Series,7.0,564,8.7,162989,24.0,"Animation ,Action ,Adventure",26.0,5.0,2010.0
122,Naruto: Shippuden,1,38,TV Series,6.9,565,8.7,162989,24.0,"Animation ,Action ,Adventure",2.0,6.0,2010.0
122,Naruto: Shippuden,1,39,TV Series,7.7,598,8.7,162989,24.0,"Animation ,Action ,Adventure",16.0,6.0,2010.0
122,Naruto: Shippuden,1,40,TV Series,7.6,629,8.7,162989,24.0,"Animation ,Action ,Adventure",23.0,6.0,2010.0
122,Naruto: Shippuden,1,41,TV Series,7.9,633,8.7,162989,24.0,"Animation ,Action ,Adventure",30.0,6.0,2010.0
122,Naruto: Shippuden,1,42,TV Series,8.4,752,8.7,162989,24.0,"Animation ,Action ,Adventure",7.0,7.0,2010.0
122,Naruto: Shippuden,1,43,TV Series,7.8,595,8.7,162989,24.0,"Animation ,Action ,Adventure",14.0,7.0,2010.0
122,Naruto: Shippuden,1,44,TV Series,7.3,561,8.7,162989,24.0,"Animation ,Action ,Adventure",21.0,7.0,2010.0
122,Naruto: Shippuden,1,45,TV Series,7.1,549,8.7,162989,24.0,"Animation ,Action ,Adventure",28.0,7.0,2010.0
123,Monster,1,43,TV Series,7.7,663,8.7,42916,24.0,"Animation ,Crime ,Drama",22.0,2.0,2005.0
123,Monster,1,10,TV Series,7.6,935,8.7,42916,24.0,"Animation ,Crime ,Drama",35.0,6.0,2004.0
123,Monster,1,9,TV Series,8.5,1155,8.7,42916,24.0,"Animation ,Crime ,Drama",35.0,6.0,2004.0
123,Monster,1,8,TV Series,7.4,1004,8.7,42916,24.0,"Animation ,Crime ,Drama",26.0,5.0,2004.0
123,Monster,1,7,TV Series,8.3,1078,8.7,42916,24.0,"Animation ,Crime ,Drama",19.0,5.0,2004.0
123,Monster,1,6,TV Series,8.3,1092,8.7,42916,24.0,"Animation ,Crime ,Drama",35.0,5.0,2004.0
123,Monster,1,5,TV Series,7.9,1117,8.7,42916,24.0,"Animation ,Crime ,Drama",35.0,5.0,2004.0
123,Monster,1,4,TV Series,9.0,1634,8.7,42916,24.0,"Animation ,Crime ,Drama",28.0,4.0,2004.0
123,Monster,1,3,TV Series,7.8,1227,8.7,42916,24.0,"Animation ,Crime ,Drama",21.0,4.0,2004.0
123,Monster,1,2,TV Series,8.3,1340,8.7,42916,24.0,"Animation ,Crime ,Drama",14.0,4.0,2004.0
123,Monster,1,1,TV Series,8.2,1544,8.7,42916,24.0,"Animation ,Crime ,Drama",6.0,4.0,2004.0
123,Monster,1,32,TV Series,7.5,710,8.7,42916,24.0,"Animation ,Crime ,Drama",16.0,11.0,2004.0
123,Monster,1,47,TV Series,8.3,686,8.7,42916,24.0,"Animation ,Crime ,Drama",22.0,3.0,2005.0
123,Monster,1,46,TV Series,8.6,727,8.7,42916,24.0,"Animation ,Crime ,Drama",15.0,3.0,2005.0
123,Monster,1,45,TV Series,8.2,673,8.7,42916,24.0,"Animation ,Crime ,Drama",8.0,3.0,2005.0
123,Monster,1,44,TV Series,8.6,864,8.7,42916,24.0,"Animation ,Crime ,Drama",1.0,3.0,2005.0
123,Monster,1,42,TV Series,8.2,704,8.7,42916,24.0,"Animation ,Crime ,Drama",15.0,2.0,2005.0
123,Monster,1,41,TV Series,8.0,689,8.7,42916,24.0,"Animation ,Crime ,Drama",8.0,2.0,2005.0
123,Monster,1,40,TV Series,7.8,713,8.7,42916,24.0,"Animation ,Crime ,Drama",1.0,2.0,2005.0
123,Monster,1,39,TV Series,8.0,705,8.7,42916,24.0,"Animation ,Crime ,Drama",25.0,1.0,2005.0
123,Monster,1,37,TV Series,9.5,1445,8.7,42916,24.0,"Animation ,Crime ,Drama",11.0,1.0,2005.0
123,Monster,1,38,TV Series,8.8,873,8.7,42916,24.0,"Animation ,Crime ,Drama",18.0,1.0,2005.0
123,Monster,1,36,TV Series,8.3,735,8.7,42916,24.0,"Animation ,Crime ,Drama",22.0,12.0,2004.0
123,Monster,1,35,TV Series,7.6,702,8.7,42916,24.0,"Animation ,Crime ,Drama",15.0,12.0,2004.0
123,Monster,1,33,TV Series,8.0,737,8.7,42916,24.0,"Animation ,Crime ,Drama",23.0,11.0,2004.0
123,Monster,1,34,TV Series,7.9,711,8.7,42916,24.0,"Animation ,Crime ,Drama",8.0,12.0,2004.0
123,Monster,1,49,TV Series,9.2,1118,8.7,42916,24.0,"Animation ,Crime ,Drama",5.0,4.0,2005.0
123,Monster,1,50,TV Series,8.1,650,8.7,42916,24.0,"Animation ,Crime ,Drama",12.0,4.0,2005.0
123,Monster,Unknown,Unknown,TV Series,7.7,107,8.7,42916,24.0,"Animation ,Crime ,Drama",21.0,9.0,2004.0
123,Monster,1,28,TV Series,8.5,828,8.7,42916,24.0,"Animation ,Crime ,Drama",19.0,10.0,2004.0
123,Monster,1,29,TV Series,9.4,1592,8.7,42916,24.0,"Animation ,Crime ,Drama",26.0,10.0,2004.0
123,Monster,1,30,TV Series,9.1,989,8.7,42916,24.0,"Animation ,Crime ,Drama",2.0,11.0,2004.0
123,Monster,1,22,TV Series,8.9,1033,8.7,42916,24.0,"Animation ,Crime ,Drama",31.0,8.0,2004.0
123,Monster,1,21,TV Series,8.5,863,8.7,42916,24.0,"Animation ,Crime ,Drama",24.0,8.0,2004.0
123,Monster,1,20,TV Series,7.7,867,8.7,42916,24.0,"Animation ,Crime ,Drama",17.0,8.0,2004.0
123,Monster,1,19,TV Series,8.7,938,8.7,42916,24.0,"Animation ,Crime ,Drama",10.0,8.0,2004.0
123,Monster,1,18,TV Series,7.8,868,8.7,42916,24.0,"Animation ,Crime ,Drama",3.0,8.0,2004.0
123,Monster,1,17,TV Series,8.5,893,8.7,42916,24.0,"Animation ,Crime ,Drama",27.0,7.0,2004.0
123,Monster,1,48,TV Series,8.1,648,8.7,42916,24.0,"Animation ,Crime ,Drama",29.0,3.0,2005.0
123,Monster,1,11,TV Series,8.2,934,8.7,42916,24.0,"Animation ,Crime ,Drama",16.0,6.0,2004.0
123,Monster,1,31,TV Series,8.0,722,8.7,42916,24.0,"Animation ,Crime ,Drama",9.0,11.0,2004.0
123,Monster,1,23,TV Series,7.7,787,8.7,42916,24.0,"Animation ,Crime ,Drama",7.0,9.0,2004.0
123,Monster,1,27,TV Series,8.0,763,8.7,42916,24.0,"Animation ,Crime ,Drama",12.0,10.0,2004.0
123,Monster,1,16,TV Series,8.1,837,8.7,42916,24.0,"Animation ,Crime ,Drama",20.0,7.0,2004.0
123,Monster,1,13,TV Series,8.1,921,8.7,42916,24.0,"Animation ,Crime ,Drama",30.0,6.0,2004.0
123,Monster,1,12,TV Series,8.4,970,8.7,42916,24.0,"Animation ,Crime ,Drama",23.0,6.0,2004.0
123,Monster,1,15,TV Series,7.8,862,8.7,42916,24.0,"Animation ,Crime ,Drama",14.0,7.0,2004.0
123,Monster,1,14,TV Series,7.8,892,8.7,42916,24.0,"Animation ,Crime ,Drama",7.0,7.0,2004.0
123,Monster,1,26,TV Series,7.7,767,8.7,42916,24.0,"Animation ,Crime ,Drama",5.0,10.0,2004.0
123,Monster,1,24,TV Series,8.0,773,8.7,42916,24.0,"Animation ,Crime ,Drama",14.0,9.0,2004.0
123,Monster,1,25,TV Series,7.4,782,8.7,42916,24.0,"Animation ,Crime ,Drama",28.0,9.0,2004.0
124,House of Cards,1,10,TV Series,8.7,5129,8.6,527910,3804.0,Drama,1.0,2.0,2013.0
124,House of Cards,1,9,TV Series,8.4,5068,8.6,527910,3804.0,Drama,1.0,2.0,2013.0
124,House of Cards,1,7,TV Series,8.1,5160,8.6,527910,3804.0,Drama,1.0,2.0,2013.0
124,House of Cards,1,6,TV Series,8.5,5479,8.6,527910,3804.0,Drama,1.0,2.0,2013.0
124,House of Cards,1,5,TV Series,8.4,5504,8.6,527910,3804.0,Drama,1.0,2.0,2013.0
124,House of Cards,1,1,TV Series,8.5,8391,8.6,527910,3804.0,Drama,1.0,2.0,2013.0
124,House of Cards,1,2,TV Series,8.5,6720,8.6,527910,3804.0,Drama,1.0,2.0,2013.0
124,House of Cards,1,11,TV Series,9.0,5638,8.6,527910,3804.0,Drama,1.0,2.0,2013.0
124,House of Cards,4,1,TV Series,7.9,4177,8.6,527910,3804.0,Drama,4.0,3.0,2016.0
124,House of Cards,1,4,TV Series,8.1,5646,8.6,527910,3804.0,Drama,1.0,2.0,2013.0
124,House of Cards,1,12,TV Series,8.5,4930,8.6,527910,3804.0,Drama,1.0,2.0,2013.0
124,House of Cards,2,11,TV Series,8.6,4511,8.6,527910,3804.0,Drama,14.0,2.0,2014.0
124,House of Cards,1,13,TV Series,8.8,5377,8.6,527910,3804.0,Drama,1.0,2.0,2013.0
124,House of Cards,6,7,TV Series,4.1,4900,8.6,527910,3804.0,Drama,2.0,11.0,2018.0
124,House of Cards,3,13,TV Series,8.9,4913,8.6,527910,3804.0,Drama,27.0,2.0,2015.0
124,House of Cards,3,12,TV Series,8.7,3932,8.6,527910,3804.0,Drama,27.0,2.0,2015.0
124,House of Cards,3,11,TV Series,9.0,4377,8.6,527910,3804.0,Drama,27.0,2.0,2015.0
124,House of Cards,3,10,TV Series,8.1,3767,8.6,527910,3804.0,Drama,27.0,2.0,2015.0
124,House of Cards,3,9,TV Series,8.2,3792,8.6,527910,3804.0,Drama,27.0,2.0,2015.0
124,House of Cards,3,8,TV Series,8.1,3805,8.6,527910,3804.0,Drama,27.0,2.0,2015.0
124,House of Cards,3,7,TV Series,8.1,3983,8.6,527910,3804.0,Drama,27.0,2.0,2015.0
124,House of Cards,3,6,TV Series,9.0,5469,8.6,527910,3804.0,Drama,27.0,2.0,2015.0
124,House of Cards,3,5,TV Series,8.1,3922,8.6,527910,3804.0,Drama,27.0,2.0,2015.0
124,House of Cards,3,4,TV Series,8.2,4059,8.6,527910,3804.0,Drama,27.0,2.0,2015.0
124,House of Cards,5,9,TV Series,7.8,2868,8.6,527910,3804.0,Drama,30.0,5.0,2017.0
124,House of Cards,5,8,TV Series,7.9,2884,8.6,527910,3804.0,Drama,30.0,5.0,2017.0
124,House of Cards,5,7,TV Series,8.2,2933,8.6,527910,3804.0,Drama,30.0,5.0,2017.0
124,House of Cards,5,6,TV Series,7.7,2930,8.6,527910,3804.0,Drama,30.0,5.0,2017.0
124,House of Cards,5,5,TV Series,7.9,3010,8.6,527910,3804.0,Drama,30.0,5.0,2017.0
124,House of Cards,5,3,TV Series,8.0,3128,8.6,527910,3804.0,Drama,30.0,5.0,2017.0
124,House of Cards,5,2,TV Series,7.9,3229,8.6,527910,3804.0,Drama,30.0,5.0,2017.0
124,House of Cards,5,1,TV Series,8.2,3771,8.6,527910,3804.0,Drama,30.0,5.0,2017.0
124,House of Cards,4,13,TV Series,9.4,6409,8.6,527910,3804.0,Drama,4.0,3.0,2016.0
124,House of Cards,4,11,TV Series,8.3,3452,8.6,527910,3804.0,Drama,4.0,3.0,2016.0
124,House of Cards,4,12,TV Series,8.7,3576,8.6,527910,3804.0,Drama,4.0,3.0,2016.0
124,House of Cards,4,10,TV Series,9.2,4554,8.6,527910,3804.0,Drama,4.0,3.0,2016.0
124,House of Cards,4,9,TV Series,8.7,3562,8.6,527910,3804.0,Drama,4.0,3.0,2016.0
124,House of Cards,4,7,TV Series,8.4,3526,8.6,527910,3804.0,Drama,4.0,3.0,2016.0
124,House of Cards,4,8,TV Series,8.0,3400,8.6,527910,3804.0,Drama,4.0,3.0,2016.0
124,House of Cards,6,8,TV Series,2.6,8161,8.6,527910,3804.0,Drama,2.0,11.0,2018.0
124,House of Cards,6,1,TV Series,4.5,6631,8.6,527910,3804.0,Drama,2.0,11.0,2018.0
124,House of Cards,6,3,TV Series,4.5,5109,8.6,527910,3804.0,Drama,2.0,11.0,2018.0
124,House of Cards,6,4,TV Series,4.6,4924,8.6,527910,3804.0,Drama,2.0,11.0,2018.0
124,House of Cards,6,5,TV Series,4.7,5013,8.6,527910,3804.0,Drama,2.0,11.0,2018.0
124,House of Cards,6,6,TV Series,4.5,4860,8.6,527910,3804.0,Drama,2.0,11.0,2018.0
124,House of Cards,5,10,TV Series,8.2,2848,8.6,527910,3804.0,Drama,30.0,5.0,2017.0
124,House of Cards,5,11,TV Series,8.3,2846,8.6,527910,3804.0,Drama,30.0,5.0,2017.0
124,House of Cards,5,13,TV Series,8.3,3644,8.6,527910,3804.0,Drama,30.0,5.0,2017.0
124,House of Cards,5,12,TV Series,9.0,3735,8.6,527910,3804.0,Drama,30.0,5.0,2017.0
124,House of Cards,6,2,TV Series,4.5,5441,8.6,527910,3804.0,Drama,2.0,11.0,2018.0
124,House of Cards,2,6,TV Series,8.2,4253,8.6,527910,3804.0,Drama,14.0,2.0,2014.0
124,House of Cards,2,5,TV Series,8.2,4377,8.6,527910,3804.0,Drama,14.0,2.0,2014.0
124,House of Cards,2,4,TV Series,9.0,5166,8.6,527910,3804.0,Drama,14.0,2.0,2014.0
124,House of Cards,2,3,TV Series,8.4,4581,8.6,527910,3804.0,Drama,14.0,2.0,2014.0
124,House of Cards,1,8,TV Series,7.6,5367,8.6,527910,3804.0,Drama,1.0,2.0,2013.0
124,House of Cards,1,3,TV Series,8.2,5998,8.6,527910,3804.0,Drama,1.0,2.0,2013.0
124,House of Cards,3,3,TV Series,8.5,4527,8.6,527910,3804.0,Drama,27.0,2.0,2015.0
124,House of Cards,3,2,TV Series,8.4,4269,8.6,527910,3804.0,Drama,27.0,2.0,2015.0
124,House of Cards,3,1,TV Series,8.0,4735,8.6,527910,3804.0,Drama,27.0,2.0,2015.0
124,House of Cards,2,13,TV Series,9.5,7089,8.6,527910,3804.0,Drama,14.0,2.0,2014.0
124,House of Cards,2,12,TV Series,8.8,4330,8.6,527910,3804.0,Drama,14.0,2.0,2014.0
124,House of Cards,5,4,TV Series,8.5,3220,8.6,527910,3804.0,Drama,30.0,5.0,2017.0
124,House of Cards,2,10,TV Series,8.3,4152,8.6,527910,3804.0,Drama,14.0,2.0,2014.0
124,House of Cards,2,9,TV Series,8.8,4522,8.6,527910,3804.0,Drama,14.0,2.0,2014.0
124,House of Cards,2,8,TV Series,8.5,4223,8.6,527910,3804.0,Drama,14.0,2.0,2014.0
124,House of Cards,2,7,TV Series,8.3,4237,8.6,527910,3804.0,Drama,14.0,2.0,2014.0
124,House of Cards,4,4,TV Series,9.3,4729,8.6,527910,3804.0,Drama,4.0,3.0,2016.0
124,House of Cards,4,3,TV Series,8.8,3942,8.6,527910,3804.0,Drama,4.0,3.0,2016.0
124,House of Cards,4,2,TV Series,8.1,3780,8.6,527910,3804.0,Drama,4.0,3.0,2016.0
124,House of Cards,4,5,TV Series,8.4,3580,8.6,527910,3804.0,Drama,4.0,3.0,2016.0
124,House of Cards,2,2,TV Series,8.3,4739,8.6,527910,3804.0,Drama,14.0,2.0,2014.0
124,House of Cards,2,1,TV Series,9.5,9371,8.6,527910,3804.0,Drama,14.0,2.0,2014.0
124,House of Cards,4,6,TV Series,8.5,3695,8.6,527910,3804.0,Drama,4.0,3.0,2016.0
125,Ramayan,1,1,TV Series,8.0,133,9.0,23589,30.0,"Adventure ,Drama ,Family",25.0,1.0,1987.0
125,Ramayan,1,15,TV Series,9.2,60,9.0,23589,30.0,"Adventure ,Drama ,Family",10.0,5.0,1987.0
125,Ramayan,1,3,TV Series,9.1,81,9.0,23589,30.0,"Adventure ,Drama ,Family",8.0,2.0,1987.0
125,Ramayan,1,4,TV Series,9.1,77,9.0,23589,30.0,"Adventure ,Drama ,Family",15.0,2.0,1987.0
125,Ramayan,1,32,TV Series,9.4,47,9.0,23589,30.0,"Adventure ,Drama ,Family",30.0,8.0,1987.0
125,Ramayan,1,33,TV Series,9.1,46,9.0,23589,30.0,"Adventure ,Drama ,Family",13.0,9.0,1987.0
125,Ramayan,1,34,TV Series,9.2,44,9.0,23589,30.0,"Adventure ,Drama ,Family",20.0,9.0,1987.0
125,Ramayan,1,35,TV Series,9.0,47,9.0,23589,30.0,"Adventure ,Drama ,Family",27.0,9.0,1987.0
125,Ramayan,1,36,TV Series,9.1,43,9.0,23589,30.0,"Adventure ,Drama ,Family",4.0,10.0,1987.0
125,Ramayan,1,5,TV Series,9.1,62,9.0,23589,30.0,"Adventure ,Drama ,Family",1.0,3.0,1987.0
125,Ramayan,1,6,TV Series,9.1,65,9.0,23589,30.0,"Adventure ,Drama ,Family",8.0,3.0,1987.0
125,Ramayan,1,7,TV Series,9.3,74,9.0,23589,30.0,"Adventure ,Drama ,Family",15.0,3.0,1987.0
125,Ramayan,1,8,TV Series,9.2,65,9.0,23589,30.0,"Adventure ,Drama ,Family",22.0,3.0,1987.0
125,Ramayan,1,9,TV Series,8.8,59,9.0,23589,30.0,"Adventure ,Drama ,Family",29.0,3.0,1987.0
125,Ramayan,1,10,TV Series,8.9,59,9.0,23589,30.0,"Adventure ,Drama ,Family",5.0,4.0,1987.0
125,Ramayan,1,11,TV Series,9.0,59,9.0,23589,30.0,"Adventure ,Drama ,Family",12.0,4.0,1987.0
125,Ramayan,1,12,TV Series,9.0,60,9.0,23589,30.0,"Adventure ,Drama ,Family",19.0,4.0,1987.0
125,Ramayan,1,13,TV Series,9.1,59,9.0,23589,30.0,"Adventure ,Drama ,Family",26.0,4.0,1987.0
125,Ramayan,1,14,TV Series,9.1,62,9.0,23589,30.0,"Adventure ,Drama ,Family",3.0,5.0,1987.0
125,Ramayan,1,47,TV Series,9.1,42,9.0,23589,30.0,"Adventure ,Drama ,Family",20.0,12.0,1987.0
125,Ramayan,1,16,TV Series,9.0,65,9.0,23589,30.0,"Adventure ,Drama ,Family",17.0,5.0,1987.0
125,Ramayan,1,17,TV Series,9.0,57,9.0,23589,30.0,"Adventure ,Drama ,Family",24.0,5.0,1987.0
125,Ramayan,1,18,TV Series,9.0,56,9.0,23589,30.0,"Adventure ,Drama ,Family",31.0,5.0,1987.0
125,Ramayan,1,19,TV Series,9.1,56,9.0,23589,30.0,"Adventure ,Drama ,Family",7.0,6.0,1987.0
125,Ramayan,1,20,TV Series,9.1,60,9.0,23589,30.0,"Adventure ,Drama ,Family",14.0,6.0,1987.0
125,Ramayan,1,31,TV Series,9.1,44,9.0,23589,30.0,"Adventure ,Drama ,Family",30.0,8.0,1987.0
125,Ramayan,1,2,TV Series,8.9,85,9.0,23589,30.0,"Adventure ,Drama ,Family",1.0,2.0,1987.0
125,Ramayan,1,45,TV Series,9.2,43,9.0,23589,30.0,"Adventure ,Drama ,Family",6.0,12.0,1987.0
125,Ramayan,1,44,TV Series,9.1,41,9.0,23589,30.0,"Adventure ,Drama ,Family",22.0,11.0,1987.0
125,Ramayan,1,30,TV Series,9.3,47,9.0,23589,30.0,"Adventure ,Drama ,Family",23.0,8.0,1987.0
125,Ramayan,1,28,TV Series,9.2,46,9.0,23589,30.0,"Adventure ,Drama ,Family",9.0,8.0,1987.0
125,Ramayan,1,29,TV Series,9.3,47,9.0,23589,30.0,"Adventure ,Drama ,Family",16.0,8.0,1987.0
125,Ramayan,1,26,TV Series,9.2,47,9.0,23589,30.0,"Adventure ,Drama ,Family",26.0,7.0,1987.0
125,Ramayan,1,25,TV Series,9.3,50,9.0,23589,30.0,"Adventure ,Drama ,Family",19.0,7.0,1987.0
125,Ramayan,1,24,TV Series,9.6,102,9.0,23589,30.0,"Adventure ,Drama ,Family",12.0,7.0,1987.0
125,Ramayan,1,27,TV Series,9.1,47,9.0,23589,30.0,"Adventure ,Drama ,Family",2.0,8.0,1987.0
125,Ramayan,1,40,TV Series,9.0,43,9.0,23589,30.0,"Adventure ,Drama ,Family",1.0,11.0,1987.0
125,Ramayan,1,43,TV Series,9.2,43,9.0,23589,30.0,"Adventure ,Drama ,Family",22.0,11.0,1987.0
125,Ramayan,1,41,TV Series,9.1,43,9.0,23589,30.0,"Adventure ,Drama ,Family",8.0,11.0,1987.0
125,Ramayan,1,42,TV Series,9.2,42,9.0,23589,30.0,"Adventure ,Drama ,Family",15.0,11.0,1987.0
125,Ramayan,1,38,TV Series,9.1,49,9.0,23589,30.0,"Adventure ,Drama ,Family",11.0,10.0,1987.0
125,Ramayan,1,39,TV Series,9.1,45,9.0,23589,30.0,"Adventure ,Drama ,Family",25.0,10.0,1987.0
125,Ramayan,1,37,TV Series,9.1,43,9.0,23589,30.0,"Adventure ,Drama ,Family",11.0,10.0,1987.0
125,Ramayan,1,23,TV Series,9.3,59,9.0,23589,30.0,"Adventure ,Drama ,Family",28.0,6.0,1987.0
125,Ramayan,1,22,TV Series,9.2,55,9.0,23589,30.0,"Adventure ,Drama ,Family",28.0,6.0,1987.0
125,Ramayan,1,21,TV Series,9.2,57,9.0,23589,30.0,"Adventure ,Drama ,Family",21.0,6.0,1987.0
125,Ramayan,1,50,TV Series,9.1,40,9.0,23589,30.0,"Adventure ,Drama ,Family",10.0,1.0,1988.0
125,Ramayan,1,49,TV Series,9.1,39,9.0,23589,30.0,"Adventure ,Drama ,Family",3.0,1.0,1988.0
125,Ramayan,1,48,TV Series,9.1,41,9.0,23589,30.0,"Adventure ,Drama ,Family",27.0,12.0,1987.0
125,Ramayan,1,46,TV Series,9.3,45,9.0,23589,30.0,"Adventure ,Drama ,Family",6.0,12.0,1987.0
126,How to with John Wilson,1,3,TV Series,8.2,616,8.7,12859,30.0,"Documentary ,Comedy",6.0,11.0,2020.0
126,How to with John Wilson,1,4,TV Series,8.7,635,8.7,12859,30.0,"Documentary ,Comedy",13.0,11.0,2020.0
126,How to with John Wilson,1,1,TV Series,8.2,809,8.7,12859,30.0,"Documentary ,Comedy",23.0,10.0,2020.0
126,How to with John Wilson,1,5,TV Series,8.2,504,8.7,12859,30.0,"Documentary ,Comedy",20.0,11.0,2020.0
126,How to with John Wilson,3,6,TV Series,9.0,278,8.7,12859,30.0,"Documentary ,Comedy",1.0,9.0,2023.0
126,How to with John Wilson,3,5,TV Series,8.4,255,8.7,12859,30.0,"Documentary ,Comedy",25.0,8.0,2023.0
126,How to with John Wilson,3,3,TV Series,8.8,306,8.7,12859,30.0,"Documentary ,Comedy",11.0,8.0,2023.0
126,How to with John Wilson,3,4,TV Series,8.9,341,8.7,12859,30.0,"Documentary ,Comedy",18.0,8.0,2023.0
126,How to with John Wilson,3,2,TV Series,8.3,274,8.7,12859,30.0,"Documentary ,Comedy",4.0,8.0,2023.0
126,How to with John Wilson,2,6,TV Series,8.5,356,8.7,12859,30.0,"Documentary ,Comedy",31.0,12.0,2021.0
126,How to with John Wilson,2,5,TV Series,8.5,368,8.7,12859,30.0,"Documentary ,Comedy",24.0,12.0,2021.0
126,How to with John Wilson,2,4,TV Series,8.3,350,8.7,12859,30.0,"Documentary ,Comedy",17.0,12.0,2021.0
126,How to with John Wilson,2,3,TV Series,8.3,368,8.7,12859,30.0,"Documentary ,Comedy",10.0,12.0,2021.0
126,How to with John Wilson,2,2,TV Series,8.8,452,8.7,12859,30.0,"Documentary ,Comedy",3.0,12.0,2021.0
126,How to with John Wilson,2,1,TV Series,8.6,456,8.7,12859,30.0,"Documentary ,Comedy",26.0,11.0,2021.0
126,How to with John Wilson,1,6,TV Series,9.1,731,8.7,12859,30.0,"Documentary ,Comedy",27.0,11.0,2020.0
126,How to with John Wilson,3,1,TV Series,8.5,331,8.7,12859,30.0,"Documentary ,Comedy",28.0,7.0,2023.0
126,How to with John Wilson,1,2,TV Series,8.2,659,8.7,12859,30.0,"Documentary ,Comedy",30.0,10.0,2020.0
127,This Is Us,2,14,TV Series,9.7,6359,8.7,157096,45.0,"Comedy ,Drama ,Romance",4.0,2.0,2018.0
127,This Is Us,1,16,TV Series,9.5,5144,8.7,157096,45.0,"Comedy ,Drama ,Romance",21.0,2.0,2017.0
127,This Is Us,1,2,TV Series,8.5,3887,8.7,157096,45.0,"Comedy ,Drama ,Romance",27.0,9.0,2016.0
127,This Is Us,1,1,TV Series,9.2,6830,8.7,157096,45.0,"Comedy ,Drama ,Romance",20.0,9.0,2016.0
127,This Is Us,1,11,TV Series,8.3,2614,8.7,157096,45.0,"Comedy ,Drama ,Romance",10.0,1.0,2017.0
127,This Is Us,2,9,TV Series,8.6,2461,8.7,157096,45.0,"Comedy ,Drama ,Romance",21.0,11.0,2017.0
127,This Is Us,3,7,TV Series,8.3,1521,8.7,157096,45.0,"Comedy ,Drama ,Romance",13.0,11.0,2018.0
127,This Is Us,1,10,TV Series,8.9,3290,8.7,157096,45.0,"Comedy ,Drama ,Romance",6.0,12.0,2016.0
127,This Is Us,1,9,TV Series,8.6,3090,8.7,157096,45.0,"Comedy ,Drama ,Romance",29.0,11.0,2016.0
127,This Is Us,1,8,TV Series,9.0,3539,8.7,157096,45.0,"Comedy ,Drama ,Romance",22.0,11.0,2016.0
127,This Is Us,1,7,TV Series,8.4,2880,8.7,157096,45.0,"Comedy ,Drama ,Romance",15.0,11.0,2016.0
127,This Is Us,1,6,TV Series,8.4,2982,8.7,157096,45.0,"Comedy ,Drama ,Romance",1.0,11.0,2016.0
127,This Is Us,1,3,TV Series,8.6,3630,8.7,157096,45.0,"Comedy ,Drama ,Romance",11.0,10.0,2016.0
127,This Is Us,1,12,TV Series,8.8,3272,8.7,157096,45.0,"Comedy ,Drama ,Romance",17.0,1.0,2017.0
127,This Is Us,2,2,TV Series,8.3,2375,8.7,157096,45.0,"Comedy ,Drama ,Romance",3.0,10.0,2017.0
127,This Is Us,2,3,TV Series,8.4,2324,8.7,157096,45.0,"Comedy ,Drama ,Romance",10.0,10.0,2017.0
127,This Is Us,2,4,TV Series,8.2,2350,8.7,157096,45.0,"Comedy ,Drama ,Romance",17.0,10.0,2017.0
127,This Is Us,2,5,TV Series,8.3,2522,8.7,157096,45.0,"Comedy ,Drama ,Romance",24.0,10.0,2017.0
127,This Is Us,2,6,TV Series,8.4,2473,8.7,157096,45.0,"Comedy ,Drama ,Romance",31.0,10.0,2017.0
127,This Is Us,2,7,TV Series,8.7,2422,8.7,157096,45.0,"Comedy ,Drama ,Romance",7.0,11.0,2017.0
127,This Is Us,2,8,TV Series,9.2,3284,8.7,157096,45.0,"Comedy ,Drama ,Romance",14.0,11.0,2017.0
127,This Is Us,4,5,TV Series,8.8,1523,8.7,157096,45.0,"Comedy ,Drama ,Romance",22.0,10.0,2019.0
127,This Is Us,2,10,TV Series,8.8,2576,8.7,157096,45.0,"Comedy ,Drama ,Romance",28.0,11.0,2017.0
127,This Is Us,1,13,TV Series,8.6,2931,8.7,157096,45.0,"Comedy ,Drama ,Romance",24.0,1.0,2017.0
127,This Is Us,1,14,TV Series,8.2,2502,8.7,157096,45.0,"Comedy ,Drama ,Romance",7.0,2.0,2017.0
127,This Is Us,1,15,TV Series,8.9,3145,8.7,157096,45.0,"Comedy ,Drama ,Romance",14.0,2.0,2017.0
127,This Is Us,3,12,TV Series,8.4,1424,8.7,157096,45.0,"Comedy ,Drama ,Romance",12.0,2.0,2019.0
127,This Is Us,1,17,TV Series,8.9,2925,8.7,157096,45.0,"Comedy ,Drama ,Romance",7.0,3.0,2017.0
127,This Is Us,1,18,TV Series,8.6,2722,8.7,157096,45.0,"Comedy ,Drama ,Romance",14.0,3.0,2017.0
127,This Is Us,2,1,TV Series,8.7,2843,8.7,157096,45.0,"Comedy ,Drama ,Romance",26.0,9.0,2017.0
127,This Is Us,4,10,TV Series,8.8,1428,8.7,157096,45.0,"Comedy ,Drama ,Romance",14.0,1.0,2020.0
127,This Is Us,2,11,TV Series,9.2,2861,8.7,157096,45.0,"Comedy ,Drama ,Romance",9.0,1.0,2018.0
127,This Is Us,2,12,TV Series,8.2,2231,8.7,157096,45.0,"Comedy ,Drama ,Romance",16.0,1.0,2018.0
127,This Is Us,2,13,TV Series,9.3,3503,8.7,157096,45.0,"Comedy ,Drama ,Romance",23.0,1.0,2018.0
127,This Is Us,2,16,TV Series,8.0,2246,8.7,157096,45.0,"Comedy ,Drama ,Romance",27.0,2.0,2018.0
127,This Is Us,2,15,TV Series,9.2,2807,8.7,157096,45.0,"Comedy ,Drama ,Romance",6.0,2.0,2018.0
127,This Is Us,2,17,TV Series,7.8,2429,8.7,157096,45.0,"Comedy ,Drama ,Romance",6.0,3.0,2018.0
127,This Is Us,3,8,TV Series,8.1,1485,8.7,157096,45.0,"Comedy ,Drama ,Romance",20.0,11.0,2018.0
127,This Is Us,5,3,TV Series,7.6,1438,8.7,157096,45.0,"Comedy ,Drama ,Romance",10.0,11.0,2020.0
127,This Is Us,3,6,TV Series,8.3,1497,8.7,157096,45.0,"Comedy ,Drama ,Romance",30.0,10.0,2018.0
127,This Is Us,3,5,TV Series,8.2,1499,8.7,157096,45.0,"Comedy ,Drama ,Romance",23.0,10.0,2018.0
127,This Is Us,3,4,TV Series,8.0,1792,8.7,157096,45.0,"Comedy ,Drama ,Romance",16.0,10.0,2018.0
127,This Is Us,3,3,TV Series,8.5,1659,8.7,157096,45.0,"Comedy ,Drama ,Romance",9.0,10.0,2018.0
127,This Is Us,3,2,TV Series,8.1,1577,8.7,157096,45.0,"Comedy ,Drama ,Romance",2.0,10.0,2018.0
127,This Is Us,1,5,TV Series,8.6,3486,8.7,157096,45.0,"Comedy ,Drama ,Romance",25.0,10.0,2016.0
127,This Is Us,1,4,TV Series,8.7,3623,8.7,157096,45.0,"Comedy ,Drama ,Romance",18.0,10.0,2016.0
127,This Is Us,4,14,TV Series,9.5,2276,8.7,157096,45.0,"Comedy ,Drama ,Romance",18.0,2.0,2020.0
127,This Is Us,4,15,TV Series,8.6,1343,8.7,157096,45.0,"Comedy ,Drama ,Romance",25.0,2.0,2020.0
127,This Is Us,4,16,TV Series,8.6,1357,8.7,157096,45.0,"Comedy ,Drama ,Romance",10.0,3.0,2020.0
127,This Is Us,4,17,TV Series,8.7,1510,8.7,157096,45.0,"Comedy ,Drama ,Romance",17.0,3.0,2020.0
127,This Is Us,4,18,TV Series,9.3,1900,8.7,157096,45.0,"Comedy ,Drama ,Romance",24.0,3.0,2020.0
127,This Is Us,5,1,TV Series,7.5,2020,8.7,157096,45.0,"Comedy ,Drama ,Romance",27.0,10.0,2020.0
127,This Is Us,5,2,TV Series,7.5,1803,8.7,157096,45.0,"Comedy ,Drama ,Romance",27.0,10.0,2020.0
127,This Is Us,5,4,TV Series,8.2,1368,8.7,157096,45.0,"Comedy ,Drama ,Romance",17.0,11.0,2020.0
127,This Is Us,5,9,TV Series,8.1,1260,8.7,157096,45.0,"Comedy ,Drama ,Romance",23.0,2.0,2021.0
127,This Is Us,3,9,TV Series,8.8,1709,8.7,157096,45.0,"Comedy ,Drama ,Romance",27.0,11.0,2018.0
127,This Is Us,3,10,TV Series,8.4,1456,8.7,157096,45.0,"Comedy ,Drama ,Romance",15.0,1.0,2019.0
127,This Is Us,3,11,TV Series,9.1,1843,8.7,157096,45.0,"Comedy ,Drama ,Romance",22.0,1.0,2019.0
127,This Is Us,5,8,TV Series,9.0,1679,8.7,157096,45.0,"Comedy ,Drama ,Romance",16.0,2.0,2021.0
127,This Is Us,3,13,TV Series,8.6,1703,8.7,157096,45.0,"Comedy ,Drama ,Romance",19.0,2.0,2019.0
127,This Is Us,3,14,TV Series,8.4,1372,8.7,157096,45.0,"Comedy ,Drama ,Romance",5.0,3.0,2019.0
127,This Is Us,3,15,TV Series,8.2,1556,8.7,157096,45.0,"Comedy ,Drama ,Romance",12.0,3.0,2019.0
127,This Is Us,3,16,TV Series,8.0,1330,8.7,157096,45.0,"Comedy ,Drama ,Romance",19.0,3.0,2019.0
127,This Is Us,3,17,TV Series,8.7,1538,8.7,157096,45.0,"Comedy ,Drama ,Romance",26.0,3.0,2019.0
127,This Is Us,3,18,TV Series,9.1,1830,8.7,157096,45.0,"Comedy ,Drama ,Romance",2.0,4.0,2019.0
127,This Is Us,4,1,TV Series,9.0,2368,8.7,157096,45.0,"Comedy ,Drama ,Romance",24.0,9.0,2019.0
127,This Is Us,4,2,TV Series,8.4,1430,8.7,157096,45.0,"Comedy ,Drama ,Romance",1.0,10.0,2019.0
127,This Is Us,4,3,TV Series,8.4,1409,8.7,157096,45.0,"Comedy ,Drama ,Romance",8.0,10.0,2019.0
127,This Is Us,4,4,TV Series,8.5,1368,8.7,157096,45.0,"Comedy ,Drama ,Romance",15.0,10.0,2019.0
127,This Is Us,6,3,TV Series,8.0,1087,8.7,157096,45.0,"Comedy ,Drama ,Romance",18.0,1.0,2022.0
127,This Is Us,4,6,TV Series,8.3,1381,8.7,157096,45.0,"Comedy ,Drama ,Romance",29.0,10.0,2019.0
127,This Is Us,4,7,TV Series,8.7,1452,8.7,157096,45.0,"Comedy ,Drama ,Romance",5.0,11.0,2019.0
127,This Is Us,4,8,TV Series,8.6,1354,8.7,157096,45.0,"Comedy ,Drama ,Romance",12.0,11.0,2019.0
127,This Is Us,4,9,TV Series,9.2,1730,8.7,157096,45.0,"Comedy ,Drama ,Romance",19.0,11.0,2019.0
127,This Is Us,6,8,TV Series,7.8,1111,8.7,157096,45.0,"Comedy ,Drama ,Romance",15.0,3.0,2022.0
127,This Is Us,4,11,TV Series,8.6,1409,8.7,157096,45.0,"Comedy ,Drama ,Romance",21.0,1.0,2020.0
127,This Is Us,4,12,TV Series,8.7,1447,8.7,157096,45.0,"Comedy ,Drama ,Romance",28.0,1.0,2020.0
127,This Is Us,4,13,TV Series,8.3,1331,8.7,157096,45.0,"Comedy ,Drama ,Romance",11.0,2.0,2020.0
127,This Is Us,6,9,TV Series,8.0,1124,8.7,157096,45.0,"Comedy ,Drama ,Romance",22.0,3.0,2022.0
127,This Is Us,6,5,TV Series,8.3,1088,8.7,157096,45.0,"Comedy ,Drama ,Romance",1.0,2.0,2022.0
127,This Is Us,5,14,TV Series,8.1,1092,8.7,157096,45.0,"Comedy ,Drama ,Romance",11.0,5.0,2021.0
127,This Is Us,5,15,TV Series,8.0,1043,8.7,157096,45.0,"Comedy ,Drama ,Romance",18.0,5.0,2021.0
127,This Is Us,5,16,TV Series,8.7,1405,8.7,157096,45.0,"Comedy ,Drama ,Romance",25.0,5.0,2021.0
127,This Is Us,6,1,TV Series,8.2,1266,8.7,157096,45.0,"Comedy ,Drama ,Romance",4.0,1.0,2022.0
127,This Is Us,6,2,TV Series,8.2,1218,8.7,157096,45.0,"Comedy ,Drama ,Romance",11.0,1.0,2022.0
127,This Is Us,6,4,TV Series,9.1,1737,8.7,157096,45.0,"Comedy ,Drama ,Romance",25.0,1.0,2022.0
127,This Is Us,6,11,TV Series,8.7,1272,8.7,157096,45.0,"Comedy ,Drama ,Romance",5.0,4.0,2022.0
127,This Is Us,5,5,TV Series,8.0,1315,8.7,157096,45.0,"Comedy ,Drama ,Romance",5.0,1.0,2021.0
127,This Is Us,5,6,TV Series,8.9,2083,8.7,157096,45.0,"Comedy ,Drama ,Romance",12.0,1.0,2021.0
127,This Is Us,5,7,TV Series,8.4,1362,8.7,157096,45.0,"Comedy ,Drama ,Romance",9.0,2.0,2021.0
127,This Is Us,5,11,TV Series,8.6,1488,8.7,157096,45.0,"Comedy ,Drama ,Romance",23.0,3.0,2021.0
127,This Is Us,5,10,TV Series,8.0,1189,8.7,157096,45.0,"Comedy ,Drama ,Romance",16.0,3.0,2021.0
127,This Is Us,5,13,TV Series,8.2,1360,8.7,157096,45.0,"Comedy ,Drama ,Romance",13.0,4.0,2021.0
127,This Is Us,5,12,TV Series,7.8,1150,8.7,157096,45.0,"Comedy ,Drama ,Romance",6.0,4.0,2021.0
127,This Is Us,6,6,TV Series,8.0,1100,8.7,157096,45.0,"Comedy ,Drama ,Romance",22.0,2.0,2022.0
127,This Is Us,6,10,TV Series,8.6,1172,8.7,157096,45.0,"Comedy ,Drama ,Romance",29.0,3.0,2022.0
127,This Is Us,6,7,TV Series,8.7,1162,8.7,157096,45.0,"Comedy ,Drama ,Romance",8.0,3.0,2022.0
127,This Is Us,6,16,TV Series,9.2,1713,8.7,157096,45.0,"Comedy ,Drama ,Romance",10.0,5.0,2022.0
127,This Is Us,6,13,TV Series,8.8,1444,8.7,157096,45.0,"Comedy ,Drama ,Romance",19.0,4.0,2022.0
127,This Is Us,6,12,TV Series,8.6,1412,8.7,157096,45.0,"Comedy ,Drama ,Romance",12.0,4.0,2022.0
127,This Is Us,3,1,TV Series,8.6,1885,8.7,157096,45.0,"Comedy ,Drama ,Romance",25.0,9.0,2018.0
127,This Is Us,6,18,TV Series,8.8,2037,8.7,157096,45.0,"Comedy ,Drama ,Romance",24.0,5.0,2022.0
127,This Is Us,6,15,TV Series,9.5,2746,8.7,157096,45.0,"Comedy ,Drama ,Romance",3.0,5.0,2022.0
127,This Is Us,6,14,TV Series,8.9,1604,8.7,157096,45.0,"Comedy ,Drama ,Romance",26.0,4.0,2022.0
127,This Is Us,6,17,TV Series,9.7,3261,8.7,157096,45.0,"Comedy ,Drama ,Romance",17.0,5.0,2022.0
127,This Is Us,2,18,TV Series,8.7,2452,8.7,157096,45.0,"Comedy ,Drama ,Romance",13.0,3.0,2018.0
128,Father Ted,2,11,TV Series,8.7,872,8.7,43398,25.0,Comedy,24.0,12.0,1996.0
128,Father Ted,1,1,TV Series,7.8,807,8.7,43398,25.0,Comedy,21.0,4.0,1995.0
128,Father Ted,3,5,TV Series,8.2,507,8.7,43398,25.0,Comedy,10.0,4.0,1998.0
128,Father Ted,1,6,TV Series,8.0,588,8.7,43398,25.0,Comedy,26.0,5.0,1995.0
128,Father Ted,3,6,TV Series,8.9,691,8.7,43398,25.0,Comedy,17.0,4.0,1998.0
128,Father Ted,3,2,TV Series,8.2,540,8.7,43398,25.0,Comedy,20.0,3.0,1998.0
128,Father Ted,2,6,TV Series,8.3,550,8.7,43398,25.0,Comedy,12.0,4.0,1996.0
128,Father Ted,2,7,TV Series,7.7,524,8.7,43398,25.0,Comedy,19.0,4.0,1996.0
128,Father Ted,2,8,TV Series,8.3,571,8.7,43398,25.0,Comedy,26.0,4.0,1996.0
128,Father Ted,2,9,TV Series,7.9,548,8.7,43398,25.0,Comedy,3.0,5.0,1996.0
128,Father Ted,2,10,TV Series,8.5,578,8.7,43398,25.0,Comedy,10.0,5.0,1996.0
128,Father Ted,3,1,TV Series,8.9,678,8.7,43398,25.0,Comedy,13.0,3.0,1998.0
128,Father Ted,3,8,TV Series,8.3,508,8.7,43398,25.0,Comedy,1.0,5.0,1998.0
128,Father Ted,1,3,TV Series,8.2,693,8.7,43398,25.0,Comedy,5.0,5.0,1995.0
128,Father Ted,2,1,TV Series,8.7,679,8.7,43398,25.0,Comedy,8.0,3.0,1996.0
128,Father Ted,1,5,TV Series,7.8,617,8.7,43398,25.0,Comedy,19.0,5.0,1995.0
128,Father Ted,2,3,TV Series,8.5,587,8.7,43398,25.0,Comedy,22.0,3.0,1996.0
128,Father Ted,2,2,TV Series,8.2,559,8.7,43398,25.0,Comedy,15.0,3.0,1996.0
128,Father Ted,1,4,TV Series,7.9,627,8.7,43398,25.0,Comedy,12.0,5.0,1995.0
128,Father Ted,1,2,TV Series,7.8,697,8.7,43398,25.0,Comedy,28.0,4.0,1995.0
128,Father Ted,2,5,TV Series,8.6,662,8.7,43398,25.0,Comedy,5.0,4.0,1996.0
128,Father Ted,3,7,TV Series,8.4,547,8.7,43398,25.0,Comedy,24.0,4.0,1998.0
128,Father Ted,3,3,TV Series,9.1,871,8.7,43398,25.0,Comedy,27.0,3.0,1998.0
128,Father Ted,3,4,TV Series,8.5,548,8.7,43398,25.0,Comedy,3.0,4.0,1998.0
128,Father Ted,2,4,TV Series,8.0,558,8.7,43398,25.0,Comedy,29.0,3.0,1996.0
129,Atlanta,4,7,TV Series,8.1,1644,8.6,86571,30.0,"Comedy ,Drama ,Music",20.0,10.0,2022.0
129,Atlanta,3,10,TV Series,7.3,2270,8.6,86571,30.0,"Comedy ,Drama ,Music",19.0,5.0,2022.0
129,Atlanta,4,6,TV Series,9.1,1906,8.6,86571,30.0,"Comedy ,Drama ,Music",13.0,10.0,2022.0
129,Atlanta,3,9,TV Series,8.1,2278,8.6,86571,30.0,"Comedy ,Drama ,Music",12.0,5.0,2022.0
129,Atlanta,4,5,TV Series,8.3,1651,8.6,86571,30.0,"Comedy ,Drama ,Music",6.0,10.0,2022.0
129,Atlanta,4,4,TV Series,8.0,1497,8.6,86571,30.0,"Comedy ,Drama ,Music",29.0,9.0,2022.0
129,Atlanta,4,3,TV Series,7.8,1544,8.6,86571,30.0,"Comedy ,Drama ,Music",22.0,9.0,2022.0
129,Atlanta,4,2,TV Series,8.9,2057,8.6,86571,30.0,"Comedy ,Drama ,Music",15.0,9.0,2022.0
129,Atlanta,4,1,TV Series,8.8,1960,8.6,86571,30.0,"Comedy ,Drama ,Music",15.0,9.0,2022.0
129,Atlanta,2,3,TV Series,8.3,2643,8.6,86571,30.0,"Comedy ,Drama ,Music",15.0,3.0,2018.0
129,Atlanta,1,8,TV Series,8.7,3121,8.6,86571,30.0,"Comedy ,Drama ,Music",18.0,10.0,2016.0
129,Atlanta,3,8,TV Series,8.6,2298,8.6,86571,30.0,"Comedy ,Drama ,Music",5.0,5.0,2022.0
129,Atlanta,3,3,TV Series,8.5,2384,8.6,86571,30.0,"Comedy ,Drama ,Music",31.0,3.0,2022.0
129,Atlanta,1,1,TV Series,8.1,3863,8.6,86571,30.0,"Comedy ,Drama ,Music",6.0,9.0,2016.0
129,Atlanta,1,2,TV Series,8.5,3554,8.6,86571,30.0,"Comedy ,Drama ,Music",6.0,9.0,2016.0
129,Atlanta,1,5,TV Series,8.0,3043,8.6,86571,30.0,"Comedy ,Drama ,Music",27.0,9.0,2016.0
129,Atlanta,1,6,TV Series,7.8,3041,8.6,86571,30.0,"Comedy ,Drama ,Music",4.0,10.0,2016.0
129,Atlanta,1,3,TV Series,8.1,3165,8.6,86571,30.0,"Comedy ,Drama ,Music",13.0,9.0,2016.0
129,Atlanta,1,4,TV Series,8.1,3095,8.6,86571,30.0,"Comedy ,Drama ,Music",20.0,9.0,2016.0
129,Atlanta,1,9,TV Series,8.4,2970,8.6,86571,30.0,"Comedy ,Drama ,Music",25.0,10.0,2016.0
129,Atlanta,1,10,TV Series,8.6,2934,8.6,86571,30.0,"Comedy ,Drama ,Music",1.0,11.0,2016.0
129,Atlanta,2,1,TV Series,8.8,3455,8.6,86571,30.0,"Comedy ,Drama ,Music",1.0,3.0,2018.0
129,Atlanta,2,2,TV Series,8.2,2603,8.6,86571,30.0,"Comedy ,Drama ,Music",8.0,3.0,2018.0
129,Atlanta,4,8,TV Series,8.5,1992,8.6,86571,30.0,"Comedy ,Drama ,Music",27.0,10.0,2022.0
129,Atlanta,4,10,TV Series,9.5,2316,8.6,86571,30.0,"Comedy ,Drama ,Music",10.0,11.0,2022.0
129,Atlanta,1,7,TV Series,9.3,5982,8.6,86571,30.0,"Comedy ,Drama ,Music",11.0,10.0,2016.0
129,Atlanta,4,9,TV Series,8.7,1520,8.6,86571,30.0,"Comedy ,Drama ,Music",3.0,11.0,2022.0
129,Atlanta,2,5,TV Series,9.1,4204,8.6,86571,30.0,"Comedy ,Drama ,Music",29.0,3.0,2018.0
129,Atlanta,2,4,TV Series,7.9,2762,8.6,86571,30.0,"Comedy ,Drama ,Music",22.0,3.0,2018.0
129,Atlanta,2,6,TV Series,9.7,8825,8.6,86571,30.0,"Comedy ,Drama ,Music",5.0,4.0,2018.0
129,Atlanta,2,7,TV Series,7.5,2717,8.6,86571,30.0,"Comedy ,Drama ,Music",12.0,4.0,2018.0
129,Atlanta,2,10,TV Series,8.8,2934,8.6,86571,30.0,"Comedy ,Drama ,Music",3.0,5.0,2018.0
129,Atlanta,2,11,TV Series,8.6,2403,8.6,86571,30.0,"Comedy ,Drama ,Music",10.0,5.0,2018.0
129,Atlanta,2,8,TV Series,8.8,3146,8.6,86571,30.0,"Comedy ,Drama ,Music",19.0,4.0,2018.0
129,Atlanta,2,9,TV Series,9.0,2979,8.6,86571,30.0,"Comedy ,Drama ,Music",26.0,4.0,2018.0
129,Atlanta,3,2,TV Series,8.3,2439,8.6,86571,30.0,"Comedy ,Drama ,Music",24.0,3.0,2022.0
129,Atlanta,3,1,TV Series,9.0,3553,8.6,86571,30.0,"Comedy ,Drama ,Music",24.0,3.0,2022.0
129,Atlanta,3,4,TV Series,7.4,3362,8.6,86571,30.0,"Comedy ,Drama ,Music",7.0,4.0,2022.0
129,Atlanta,3,5,TV Series,8.5,2330,8.6,86571,30.0,"Comedy ,Drama ,Music",14.0,4.0,2022.0
129,Atlanta,3,7,TV Series,7.5,2355,8.6,86571,30.0,"Comedy ,Drama ,Music",28.0,4.0,2022.0
129,Atlanta,3,6,TV Series,7.9,2020,8.6,86571,30.0,"Comedy ,Drama ,Music",21.0,4.0,2022.0
130,Parks and Recreation,2,9,TV Series,7.7,2714,8.6,284978,22.0,Comedy,12.0,11.0,2009.0
130,Parks and Recreation,1,4,TV Series,7.2,3129,8.6,284978,22.0,Comedy,30.0,4.0,2009.0
130,Parks and Recreation,2,10,TV Series,8.6,3236,8.6,284978,22.0,Comedy,19.0,11.0,2009.0
130,Parks and Recreation,2,11,TV Series,7.7,2642,8.6,284978,22.0,Comedy,3.0,12.0,2009.0
130,Parks and Recreation,2,12,TV Series,7.9,2667,8.6,284978,22.0,Comedy,10.0,12.0,2009.0
130,Parks and Recreation,2,13,TV Series,7.9,2680,8.6,284978,22.0,Comedy,14.0,1.0,2010.0
130,Parks and Recreation,2,14,TV Series,7.8,2611,8.6,284978,22.0,Comedy,21.0,1.0,2010.0
130,Parks and Recreation,3,1,TV Series,8.1,2610,8.6,284978,22.0,Comedy,20.0,1.0,2011.0
130,Parks and Recreation,3,2,TV Series,8.9,3291,8.6,284978,22.0,Comedy,27.0,1.0,2011.0
130,Parks and Recreation,3,3,TV Series,8.0,2568,8.6,284978,22.0,Comedy,3.0,2.0,2011.0
130,Parks and Recreation,3,4,TV Series,8.5,2780,8.6,284978,22.0,Comedy,10.0,2.0,2011.0
130,Parks and Recreation,2,1,TV Series,7.8,3163,8.6,284978,22.0,Comedy,17.0,9.0,2009.0
130,Parks and Recreation,3,6,TV Series,8.0,2497,8.6,284978,22.0,Comedy,24.0,2.0,2011.0
130,Parks and Recreation,1,5,TV Series,7.1,3015,8.6,284978,22.0,Comedy,7.0,5.0,2009.0
130,Parks and Recreation,1,6,TV Series,7.6,3051,8.6,284978,22.0,Comedy,14.0,5.0,2009.0
130,Parks and Recreation,3,5,TV Series,7.9,2508,8.6,284978,22.0,Comedy,17.0,2.0,2011.0
130,Parks and Recreation,2,6,TV Series,7.6,2738,8.6,284978,22.0,Comedy,22.0,10.0,2009.0
130,Parks and Recreation,2,7,TV Series,8.2,2977,8.6,284978,22.0,Comedy,29.0,10.0,2009.0
130,Parks and Recreation,2,8,TV Series,8.3,2986,8.6,284978,22.0,Comedy,5.0,11.0,2009.0
130,Parks and Recreation,2,5,TV Series,7.6,3124,8.6,284978,22.0,Comedy,15.0,10.0,2009.0
130,Parks and Recreation,4,1,TV Series,8.0,2447,8.6,284978,22.0,Comedy,22.0,9.0,2011.0
130,Parks and Recreation,2,4,TV Series,8.2,2972,8.6,284978,22.0,Comedy,8.0,10.0,2009.0
130,Parks and Recreation,2,3,TV Series,7.6,2906,8.6,284978,22.0,Comedy,1.0,10.0,2009.0
130,Parks and Recreation,2,2,TV Series,8.0,3018,8.6,284978,22.0,Comedy,24.0,9.0,2009.0
130,Parks and Recreation,2,17,TV Series,7.9,2554,8.6,284978,22.0,Comedy,4.0,3.0,2010.0
130,Parks and Recreation,2,16,TV Series,7.5,2583,8.6,284978,22.0,Comedy,11.0,2.0,2010.0
130,Parks and Recreation,2,15,TV Series,7.8,2574,8.6,284978,22.0,Comedy,4.0,2.0,2010.0
130,Parks and Recreation,4,6,TV Series,8.5,2653,8.6,284978,22.0,Comedy,3.0,11.0,2011.0
130,Parks and Recreation,4,5,TV Series,7.7,2322,8.6,284978,22.0,Comedy,27.0,10.0,2011.0
130,Parks and Recreation,4,4,TV Series,8.2,2592,8.6,284978,22.0,Comedy,13.0,10.0,2011.0
130,Parks and Recreation,4,3,TV Series,8.0,2386,8.6,284978,22.0,Comedy,6.0,10.0,2011.0
130,Parks and Recreation,4,2,TV Series,8.6,2669,8.6,284978,22.0,Comedy,29.0,9.0,2011.0
130,Parks and Recreation,4,18,TV Series,7.8,2183,8.6,284978,22.0,Comedy,8.0,3.0,2012.0
130,Parks and Recreation,4,19,TV Series,7.9,2153,8.6,284978,22.0,Comedy,19.0,4.0,2012.0
130,Parks and Recreation,4,20,TV Series,8.7,2539,8.6,284978,22.0,Comedy,26.0,4.0,2012.0
130,Parks and Recreation,4,21,TV Series,8.2,2234,8.6,284978,22.0,Comedy,3.0,5.0,2012.0
130,Parks and Recreation,4,22,TV Series,9.0,2694,8.6,284978,22.0,Comedy,10.0,5.0,2012.0
130,Parks and Recreation,3,7,TV Series,8.7,2851,8.6,284978,22.0,Comedy,17.0,3.0,2011.0
130,Parks and Recreation,3,8,TV Series,7.9,2511,8.6,284978,22.0,Comedy,24.0,3.0,2011.0
130,Parks and Recreation,3,9,TV Series,8.9,3196,8.6,284978,22.0,Comedy,14.0,4.0,2011.0
130,Parks and Recreation,2,18,TV Series,7.9,2568,8.6,284978,22.0,Comedy,11.0,3.0,2010.0
130,Parks and Recreation,2,19,TV Series,8.1,2655,8.6,284978,22.0,Comedy,18.0,3.0,2010.0
130,Parks and Recreation,2,20,TV Series,7.8,2507,8.6,284978,22.0,Comedy,25.0,3.0,2010.0
130,Parks and Recreation,2,21,TV Series,8.4,2732,8.6,284978,22.0,Comedy,29.0,4.0,2010.0
130,Parks and Recreation,2,22,TV Series,8.2,2622,8.6,284978,22.0,Comedy,6.0,5.0,2010.0
130,Parks and Recreation,2,23,TV Series,8.5,2687,8.6,284978,22.0,Comedy,13.0,5.0,2010.0
130,Parks and Recreation,2,24,TV Series,8.5,2719,8.6,284978,22.0,Comedy,20.0,5.0,2010.0
130,Parks and Recreation,4,17,TV Series,7.9,2171,8.6,284978,22.0,Comedy,1.0,3.0,2012.0
130,Parks and Recreation,3,10,TV Series,8.4,2641,8.6,284978,22.0,Comedy,21.0,4.0,2011.0
130,Parks and Recreation,3,11,TV Series,8.6,2657,8.6,284978,22.0,Comedy,28.0,4.0,2011.0
130,Parks and Recreation,3,12,TV Series,8.1,2520,8.6,284978,22.0,Comedy,5.0,5.0,2011.0
130,Parks and Recreation,3,13,TV Series,8.8,3178,8.6,284978,22.0,Comedy,12.0,5.0,2011.0
130,Parks and Recreation,3,14,TV Series,8.5,2679,8.6,284978,22.0,Comedy,12.0,5.0,2011.0
130,Parks and Recreation,3,15,TV Series,8.1,2418,8.6,284978,22.0,Comedy,19.0,5.0,2011.0
130,Parks and Recreation,3,16,TV Series,8.8,2847,8.6,284978,22.0,Comedy,19.0,5.0,2011.0
130,Parks and Recreation,5,11,TV Series,8.0,2142,8.6,284978,22.0,Comedy,24.0,1.0,2013.0
130,Parks and Recreation,4,9,TV Series,8.4,2433,8.6,284978,22.0,Comedy,1.0,12.0,2011.0
130,Parks and Recreation,4,8,TV Series,7.9,2338,8.6,284978,22.0,Comedy,17.0,11.0,2011.0
130,Parks and Recreation,4,7,TV Series,7.9,2365,8.6,284978,22.0,Comedy,10.0,11.0,2011.0
130,Parks and Recreation,5,16,TV Series,8.0,2065,8.6,284978,22.0,Comedy,14.0,3.0,2013.0
130,Parks and Recreation,5,15,TV Series,7.8,1990,8.6,284978,22.0,Comedy,21.0,2.0,2013.0
130,Parks and Recreation,5,14,TV Series,9.2,3010,8.6,284978,22.0,Comedy,21.0,2.0,2013.0
130,Parks and Recreation,5,13,TV Series,8.5,2204,8.6,284978,22.0,Comedy,14.0,2.0,2013.0
130,Parks and Recreation,5,12,TV Series,7.6,2062,8.6,284978,22.0,Comedy,7.0,2.0,2013.0
130,Parks and Recreation,6,22,TV Series,9.2,3128,8.6,284978,22.0,Comedy,24.0,4.0,2014.0
130,Parks and Recreation,7,1,TV Series,7.5,2208,8.6,284978,22.0,Comedy,13.0,1.0,2015.0
130,Parks and Recreation,7,2,TV Series,8.1,2114,8.6,284978,22.0,Comedy,13.0,1.0,2015.0
130,Parks and Recreation,7,3,TV Series,7.3,1959,8.6,284978,22.0,Comedy,20.0,1.0,2015.0
130,Parks and Recreation,7,4,TV Series,9.5,4414,8.6,284978,22.0,Comedy,20.0,1.0,2015.0
130,Parks and Recreation,5,17,TV Series,7.6,1975,8.6,284978,22.0,Comedy,4.0,4.0,2013.0
130,Parks and Recreation,5,18,TV Series,8.2,2059,8.6,284978,22.0,Comedy,11.0,4.0,2013.0
130,Parks and Recreation,5,19,TV Series,7.9,2004,8.6,284978,22.0,Comedy,18.0,4.0,2013.0
130,Parks and Recreation,4,10,TV Series,8.4,2378,8.6,284978,22.0,Comedy,8.0,12.0,2011.0
130,Parks and Recreation,4,11,TV Series,8.5,2662,8.6,284978,22.0,Comedy,12.0,1.0,2012.0
130,Parks and Recreation,4,12,TV Series,8.3,2319,8.6,284978,22.0,Comedy,19.0,1.0,2012.0
130,Parks and Recreation,4,13,TV Series,8.5,2434,8.6,284978,22.0,Comedy,26.0,1.0,2012.0
130,Parks and Recreation,4,14,TV Series,8.1,2283,8.6,284978,22.0,Comedy,2.0,2.0,2012.0
130,Parks and Recreation,4,15,TV Series,7.8,2210,8.6,284978,22.0,Comedy,16.0,2.0,2012.0
130,Parks and Recreation,4,16,TV Series,7.6,2190,8.6,284978,22.0,Comedy,23.0,2.0,2012.0
130,Parks and Recreation,6,5,TV Series,7.7,1949,8.6,284978,22.0,Comedy,17.0,10.0,2013.0
130,Parks and Recreation,6,6,TV Series,8.0,2002,8.6,284978,22.0,Comedy,14.0,11.0,2013.0
130,Parks and Recreation,6,7,TV Series,7.5,1913,8.6,284978,22.0,Comedy,14.0,11.0,2013.0
130,Parks and Recreation,6,8,TV Series,7.6,1954,8.6,284978,22.0,Comedy,21.0,11.0,2013.0
130,Parks and Recreation,6,9,TV Series,8.1,2015,8.6,284978,22.0,Comedy,21.0,11.0,2013.0
130,Parks and Recreation,6,10,TV Series,7.6,1892,8.6,284978,22.0,Comedy,9.0,1.0,2014.0
130,Parks and Recreation,5,1,TV Series,7.8,2224,8.6,284978,22.0,Comedy,20.0,9.0,2012.0
130,Parks and Recreation,5,2,TV Series,7.8,2177,8.6,284978,22.0,Comedy,27.0,9.0,2012.0
130,Parks and Recreation,5,3,TV Series,7.9,2161,8.6,284978,22.0,Comedy,4.0,10.0,2012.0
130,Parks and Recreation,5,4,TV Series,8.0,2201,8.6,284978,22.0,Comedy,18.0,10.0,2012.0
130,Parks and Recreation,5,5,TV Series,8.6,2444,8.6,284978,22.0,Comedy,25.0,10.0,2012.0
130,Parks and Recreation,5,6,TV Series,7.7,2127,8.6,284978,22.0,Comedy,8.0,11.0,2012.0
130,Parks and Recreation,5,7,TV Series,7.7,2117,8.6,284978,22.0,Comedy,15.0,11.0,2012.0
130,Parks and Recreation,5,8,TV Series,7.7,2095,8.6,284978,22.0,Comedy,29.0,11.0,2012.0
130,Parks and Recreation,5,9,TV Series,8.9,2705,8.6,284978,22.0,Comedy,6.0,12.0,2012.0
130,Parks and Recreation,5,10,TV Series,8.8,2626,8.6,284978,22.0,Comedy,17.0,1.0,2013.0
130,Parks and Recreation,6,21,TV Series,8.8,2353,8.6,284978,22.0,Comedy,24.0,4.0,2014.0
130,Parks and Recreation,6,20,TV Series,8.1,1848,8.6,284978,22.0,Comedy,17.0,4.0,2014.0
130,Parks and Recreation,6,13,TV Series,8.8,2496,8.6,284978,22.0,Comedy,30.0,1.0,2014.0
130,Parks and Recreation,6,11,TV Series,7.6,1853,8.6,284978,22.0,Comedy,16.0,1.0,2014.0
130,Parks and Recreation,6,18,TV Series,7.6,1820,8.6,284978,22.0,Comedy,3.0,4.0,2014.0
130,Parks and Recreation,6,17,TV Series,7.6,1807,8.6,284978,22.0,Comedy,20.0,3.0,2014.0
130,Parks and Recreation,6,16,TV Series,7.4,1814,8.6,284978,22.0,Comedy,13.0,3.0,2014.0
130,Parks and Recreation,6,15,TV Series,7.7,1824,8.6,284978,22.0,Comedy,6.0,3.0,2014.0
130,Parks and Recreation,6,14,TV Series,7.9,1894,8.6,284978,22.0,Comedy,27.0,2.0,2014.0
130,Parks and Recreation,5,20,TV Series,8.0,2007,8.6,284978,22.0,Comedy,18.0,4.0,2013.0
130,Parks and Recreation,5,21,TV Series,7.5,1930,8.6,284978,22.0,Comedy,25.0,4.0,2013.0
130,Parks and Recreation,5,22,TV Series,8.3,2046,8.6,284978,22.0,Comedy,2.0,5.0,2013.0
130,Parks and Recreation,6,1,TV Series,8.5,2317,8.6,284978,22.0,Comedy,26.0,9.0,2013.0
130,Parks and Recreation,6,2,TV Series,8.6,2174,8.6,284978,22.0,Comedy,26.0,9.0,2013.0
130,Parks and Recreation,6,3,TV Series,7.6,1994,8.6,284978,22.0,Comedy,3.0,10.0,2013.0
130,Parks and Recreation,6,4,TV Series,7.9,2086,8.6,284978,22.0,Comedy,10.0,10.0,2013.0
130,Parks and Recreation,6,12,TV Series,7.6,1895,8.6,284978,22.0,Comedy,23.0,1.0,2014.0
130,Parks and Recreation,6,19,TV Series,8.3,2021,8.6,284978,22.0,Comedy,10.0,4.0,2014.0
130,Parks and Recreation,7,9,TV Series,8.3,2034,8.6,284978,22.0,Comedy,10.0,2.0,2015.0
130,Parks and Recreation,7,10,TV Series,8.3,2724,8.6,284978,22.0,Comedy,10.0,2.0,2015.0
130,Parks and Recreation,7,11,TV Series,8.4,2075,8.6,284978,22.0,Comedy,17.0,2.0,2015.0
130,Parks and Recreation,7,12,TV Series,9.5,5257,8.6,284978,22.0,Comedy,24.0,2.0,2015.0
130,Parks and Recreation,1,3,TV Series,7.1,3223,8.6,284978,22.0,Comedy,23.0,4.0,2009.0
130,Parks and Recreation,1,2,TV Series,7.0,3447,8.6,284978,22.0,Comedy,16.0,4.0,2009.0
130,Parks and Recreation,1,1,TV Series,6.9,4018,8.6,284978,22.0,Comedy,9.0,4.0,2009.0
130,Parks and Recreation,7,8,TV Series,8.0,1946,8.6,284978,22.0,Comedy,3.0,2.0,2015.0
130,Parks and Recreation,7,5,TV Series,8.1,1946,8.6,284978,22.0,Comedy,27.0,1.0,2015.0
130,Parks and Recreation,7,7,TV Series,8.3,1997,8.6,284978,22.0,Comedy,3.0,2.0,2015.0
130,Parks and Recreation,7,6,TV Series,7.9,1904,8.6,284978,22.0,Comedy,27.0,1.0,2015.0
131,The Crown,1,4,TV Series,8.6,5797,8.6,253436,58.0,"Biography ,Drama ,History",4.0,11.0,2016.0
131,The Crown,1,3,TV Series,8.1,5620,8.6,253436,58.0,"Biography ,Drama ,History",4.0,11.0,2016.0
131,The Crown,1,8,TV Series,8.3,4903,8.6,253436,58.0,"Biography ,Drama ,History",4.0,11.0,2016.0
131,The Crown,1,7,TV Series,8.7,5333,8.6,253436,58.0,"Biography ,Drama ,History",4.0,11.0,2016.0
131,The Crown,6,2,TV Series,7.8,2296,8.6,253436,58.0,"Biography ,Drama ,History",16.0,11.0,2023.0
131,The Crown,6,3,TV Series,8.1,2572,8.6,253436,58.0,"Biography ,Drama ,History",16.0,11.0,2023.0
131,The Crown,6,4,TV Series,8.2,2771,8.6,253436,58.0,"Biography ,Drama ,History",16.0,11.0,2023.0
131,The Crown,6,5,TV Series,7.6,2062,8.6,253436,58.0,"Biography ,Drama ,History",14.0,12.0,2023.0
131,The Crown,6,6,TV Series,7.5,1904,8.6,253436,58.0,"Biography ,Drama ,History",14.0,12.0,2023.0
131,The Crown,3,5,TV Series,8.0,4350,8.6,253436,58.0,"Biography ,Drama ,History",17.0,11.0,2019.0
131,The Crown,3,6,TV Series,9.1,6008,8.6,253436,58.0,"Biography ,Drama ,History",17.0,11.0,2019.0
131,The Crown,3,7,TV Series,8.1,4957,8.6,253436,58.0,"Biography ,Drama ,History",17.0,11.0,2019.0
131,The Crown,2,9,TV Series,8.7,5075,8.6,253436,58.0,"Biography ,Drama ,History",8.0,12.0,2017.0
131,The Crown,1,6,TV Series,8.0,4980,8.6,253436,58.0,"Biography ,Drama ,History",4.0,11.0,2016.0
131,The Crown,1,5,TV Series,8.5,5421,8.6,253436,58.0,"Biography ,Drama ,History",4.0,11.0,2016.0
131,The Crown,3,4,TV Series,8.6,5034,8.6,253436,58.0,"Biography ,Drama ,History",17.0,11.0,2019.0
131,The Crown,2,10,TV Series,8.3,4213,8.6,253436,58.0,"Biography ,Drama ,History",8.0,12.0,2017.0
131,The Crown,3,1,TV Series,7.9,5062,8.6,253436,58.0,"Biography ,Drama ,History",17.0,11.0,2019.0
131,The Crown,3,2,TV Series,8.4,4804,8.6,253436,58.0,"Biography ,Drama ,History",17.0,11.0,2019.0
131,The Crown,3,3,TV Series,9.3,7248,8.6,253436,58.0,"Biography ,Drama ,History",17.0,11.0,2019.0
131,The Crown,4,6,TV Series,8.8,4312,8.6,253436,58.0,"Biography ,Drama ,History",15.0,11.0,2020.0
131,The Crown,4,7,TV Series,8.2,3890,8.6,253436,58.0,"Biography ,Drama ,History",15.0,11.0,2020.0
131,The Crown,4,8,TV Series,8.5,3785,8.6,253436,58.0,"Biography ,Drama ,History",15.0,11.0,2020.0
131,The Crown,4,9,TV Series,8.2,3540,8.6,253436,58.0,"Biography ,Drama ,History",15.0,11.0,2020.0
131,The Crown,4,10,TV Series,8.7,3895,8.6,253436,58.0,"Biography ,Drama ,History",15.0,11.0,2020.0
131,The Crown,1,9,TV Series,9.0,6080,8.6,253436,58.0,"Biography ,Drama ,History",4.0,11.0,2016.0
131,The Crown,1,10,TV Series,8.5,4873,8.6,253436,58.0,"Biography ,Drama ,History",4.0,11.0,2016.0
131,The Crown,2,1,TV Series,8.1,4524,8.6,253436,58.0,"Biography ,Drama ,History",8.0,12.0,2017.0
131,The Crown,2,2,TV Series,8.1,4377,8.6,253436,58.0,"Biography ,Drama ,History",8.0,12.0,2017.0
131,The Crown,2,3,TV Series,8.3,4306,8.6,253436,58.0,"Biography ,Drama ,History",8.0,12.0,2017.0
131,The Crown,2,4,TV Series,8.5,4944,8.6,253436,58.0,"Biography ,Drama ,History",8.0,12.0,2017.0
131,The Crown,2,5,TV Series,8.9,4949,8.6,253436,58.0,"Biography ,Drama ,History",8.0,12.0,2017.0
131,The Crown,2,6,TV Series,9.1,5360,8.6,253436,58.0,"Biography ,Drama ,History",8.0,12.0,2017.0
131,The Crown,1,1,TV Series,8.2,7075,8.6,253436,58.0,"Biography ,Drama ,History",4.0,11.0,2016.0
131,The Crown,1,2,TV Series,8.9,7154,8.6,253436,58.0,"Biography ,Drama ,History",4.0,11.0,2016.0
131,The Crown,4,5,TV Series,8.5,4290,8.6,253436,58.0,"Biography ,Drama ,History",15.0,11.0,2020.0
131,The Crown,5,10,TV Series,7.3,2599,8.6,253436,58.0,"Biography ,Drama ,History",9.0,11.0,2022.0
131,The Crown,5,3,TV Series,8.4,4027,8.6,253436,58.0,"Biography ,Drama ,History",9.0,11.0,2022.0
131,The Crown,5,1,TV Series,7.4,3716,8.6,253436,58.0,"Biography ,Drama ,History",9.0,11.0,2022.0
131,The Crown,5,8,TV Series,8.2,2786,8.6,253436,58.0,"Biography ,Drama ,History",9.0,11.0,2022.0
131,The Crown,5,7,TV Series,7.5,2635,8.6,253436,58.0,"Biography ,Drama ,History",9.0,11.0,2022.0
131,The Crown,5,6,TV Series,7.9,2997,8.6,253436,58.0,"Biography ,Drama ,History",9.0,11.0,2022.0
131,The Crown,5,5,TV Series,7.6,2862,8.6,253436,58.0,"Biography ,Drama ,History",9.0,11.0,2022.0
131,The Crown,5,4,TV Series,7.9,3096,8.6,253436,58.0,"Biography ,Drama ,History",9.0,11.0,2022.0
131,The Crown,3,8,TV Series,8.2,4059,8.6,253436,58.0,"Biography ,Drama ,History",17.0,11.0,2019.0
131,The Crown,3,9,TV Series,8.0,3741,8.6,253436,58.0,"Biography ,Drama ,History",17.0,11.0,2019.0
131,The Crown,3,10,TV Series,8.2,3926,8.6,253436,58.0,"Biography ,Drama ,History",17.0,11.0,2019.0
131,The Crown,4,1,TV Series,8.4,4488,8.6,253436,58.0,"Biography ,Drama ,History",15.0,11.0,2020.0
131,The Crown,4,2,TV Series,8.6,4428,8.6,253436,58.0,"Biography ,Drama ,History",15.0,11.0,2020.0
131,The Crown,4,3,TV Series,8.7,4352,8.6,253436,58.0,"Biography ,Drama ,History",15.0,11.0,2020.0
131,The Crown,4,4,TV Series,8.2,3969,8.6,253436,58.0,"Biography ,Drama ,History",15.0,11.0,2020.0
131,The Crown,5,2,TV Series,7.6,3155,8.6,253436,58.0,"Biography ,Drama ,History",9.0,11.0,2022.0
131,The Crown,5,9,TV Series,7.8,2587,8.6,253436,58.0,"Biography ,Drama ,History",9.0,11.0,2022.0
131,The Crown,6,10,TV Series,9.1,3087,8.6,253436,58.0,"Biography ,Drama ,History",14.0,12.0,2023.0
131,The Crown,6,9,TV Series,8.1,1733,8.6,253436,58.0,"Biography ,Drama ,History",14.0,12.0,2023.0
131,The Crown,6,7,TV Series,7.4,1860,8.6,253436,58.0,"Biography ,Drama ,History",14.0,12.0,2023.0
131,The Crown,6,8,TV Series,8.7,2607,8.6,253436,58.0,"Biography ,Drama ,History",14.0,12.0,2023.0
131,The Crown,2,7,TV Series,8.1,4302,8.6,253436,58.0,"Biography ,Drama ,History",8.0,12.0,2017.0
131,The Crown,2,8,TV Series,9.1,5700,8.6,253436,58.0,"Biography ,Drama ,History",8.0,12.0,2017.0
131,The Crown,6,1,TV Series,7.8,2468,8.6,253436,58.0,"Biography ,Drama ,History",16.0,11.0,2023.0
132,Deadwood,3,10,TV Series,8.6,1413,8.6,116585,55.0,"Crime ,Drama ,History",13.0,8.0,2006.0
132,Deadwood,3,12,TV Series,8.4,1586,8.6,116585,55.0,"Crime ,Drama ,History",27.0,8.0,2006.0
132,Deadwood,3,11,TV Series,8.9,1465,8.6,116585,55.0,"Crime ,Drama ,History",20.0,8.0,2006.0
132,Deadwood,3,5,TV Series,9.0,1630,8.6,116585,55.0,"Crime ,Drama ,History",9.0,7.0,2006.0
132,Deadwood,3,6,TV Series,8.1,1363,8.6,116585,55.0,"Crime ,Drama ,History",16.0,7.0,2006.0
132,Deadwood,3,7,TV Series,8.0,1375,8.6,116585,55.0,"Crime ,Drama ,History",23.0,7.0,2006.0
132,Deadwood,3,8,TV Series,8.0,1389,8.6,116585,55.0,"Crime ,Drama ,History",30.0,7.0,2006.0
132,Deadwood,3,9,TV Series,8.2,1388,8.6,116585,55.0,"Crime ,Drama ,History",6.0,8.0,2006.0
132,Deadwood,2,11,TV Series,8.4,1510,8.6,116585,55.0,"Crime ,Drama ,History",15.0,5.0,2005.0
132,Deadwood,1,10,TV Series,8.6,1969,8.6,116585,55.0,"Crime ,Drama ,History",23.0,5.0,2004.0
132,Deadwood,1,9,TV Series,8.0,1829,8.6,116585,55.0,"Crime ,Drama ,History",16.0,5.0,2004.0
132,Deadwood,1,8,TV Series,8.2,2123,8.6,116585,55.0,"Crime ,Drama ,History",9.0,5.0,2004.0
132,Deadwood,1,11,TV Series,8.3,1860,8.6,116585,55.0,"Crime ,Drama ,History",6.0,6.0,2004.0
132,Deadwood,1,12,TV Series,9.1,2233,8.6,116585,55.0,"Crime ,Drama ,History",13.0,6.0,2004.0
132,Deadwood,1,7,TV Series,7.9,2086,8.6,116585,55.0,"Crime ,Drama ,History",2.0,5.0,2004.0
132,Deadwood,3,3,TV Series,8.1,1396,8.6,116585,55.0,"Crime ,Drama ,History",25.0,6.0,2006.0
132,Deadwood,3,4,TV Series,8.1,1391,8.6,116585,55.0,"Crime ,Drama ,History",2.0,7.0,2006.0
132,Deadwood,1,1,TV Series,8.2,3097,8.6,116585,55.0,"Crime ,Drama ,History",21.0,3.0,2004.0
132,Deadwood,1,2,TV Series,8.2,2373,8.6,116585,55.0,"Crime ,Drama ,History",28.0,3.0,2004.0
132,Deadwood,1,3,TV Series,8.1,2219,8.6,116585,55.0,"Crime ,Drama ,History",4.0,4.0,2004.0
132,Deadwood,1,4,TV Series,8.8,2327,8.6,116585,55.0,"Crime ,Drama ,History",11.0,4.0,2004.0
132,Deadwood,3,2,TV Series,8.4,1466,8.6,116585,55.0,"Crime ,Drama ,History",18.0,6.0,2006.0
132,Deadwood,3,1,TV Series,8.3,1520,8.6,116585,55.0,"Crime ,Drama ,History",11.0,6.0,2006.0
132,Deadwood,2,12,TV Series,8.9,1714,8.6,116585,55.0,"Crime ,Drama ,History",22.0,5.0,2005.0
132,Deadwood,2,1,TV Series,8.6,1847,8.6,116585,55.0,"Crime ,Drama ,History",6.0,3.0,2005.0
132,Deadwood,1,6,TV Series,8.1,1983,8.6,116585,55.0,"Crime ,Drama ,History",25.0,4.0,2004.0
132,Deadwood,1,5,TV Series,8.0,2073,8.6,116585,55.0,"Crime ,Drama ,History",18.0,4.0,2004.0
132,Deadwood,2,2,TV Series,8.2,1681,8.6,116585,55.0,"Crime ,Drama ,History",13.0,3.0,2005.0
132,Deadwood,2,6,TV Series,8.5,1599,8.6,116585,55.0,"Crime ,Drama ,History",10.0,4.0,2005.0
132,Deadwood,2,3,TV Series,7.9,1632,8.6,116585,55.0,"Crime ,Drama ,History",20.0,3.0,2005.0
132,Deadwood,2,4,TV Series,8.2,1624,8.6,116585,55.0,"Crime ,Drama ,History",27.0,3.0,2005.0
132,Deadwood,2,5,TV Series,8.1,1581,8.6,116585,55.0,"Crime ,Drama ,History",3.0,4.0,2005.0
132,Deadwood,2,9,TV Series,8.6,1564,8.6,116585,55.0,"Crime ,Drama ,History",1.0,5.0,2005.0
132,Deadwood,2,8,TV Series,8.1,1507,8.6,116585,55.0,"Crime ,Drama ,History",24.0,4.0,2005.0
132,Deadwood,2,7,TV Series,8.3,1542,8.6,116585,55.0,"Crime ,Drama ,History",17.0,4.0,2005.0
132,Deadwood,2,10,TV Series,8.2,1511,8.6,116585,55.0,"Crime ,Drama ,History",8.0,5.0,2005.0
133,The X-Files,11,4,TV Series,8.2,4444,8.6,246863,45.0,"Crime ,Drama ,Mystery",24.0,1.0,2018.0
133,The X-Files,8,17,TV Series,7.1,2557,8.6,246863,45.0,"Crime ,Drama ,Mystery",22.0,4.0,2001.0
133,The X-Files,8,16,TV Series,8.1,2748,8.6,246863,45.0,"Crime ,Drama ,Mystery",8.0,4.0,2001.0
133,The X-Files,8,15,TV Series,8.2,2858,8.6,246863,45.0,"Crime ,Drama ,Mystery",1.0,4.0,2001.0
133,The X-Files,8,14,TV Series,8.3,2868,8.6,246863,45.0,"Crime ,Drama ,Mystery",25.0,2.0,2001.0
133,The X-Files,8,13,TV Series,7.8,2806,8.6,246863,45.0,"Crime ,Drama ,Mystery",18.0,2.0,2001.0
133,The X-Files,8,12,TV Series,7.3,2669,8.6,246863,45.0,"Crime ,Drama ,Mystery",11.0,2.0,2001.0
133,The X-Files,8,11,TV Series,7.7,2818,8.6,246863,45.0,"Crime ,Drama ,Mystery",4.0,2.0,2001.0
133,The X-Files,8,10,TV Series,6.8,2843,8.6,246863,45.0,"Crime ,Drama ,Mystery",21.0,1.0,2001.0
133,The X-Files,8,9,TV Series,6.8,2589,8.6,246863,45.0,"Crime ,Drama ,Mystery",14.0,1.0,2001.0
133,The X-Files,8,8,TV Series,6.8,2574,8.6,246863,45.0,"Crime ,Drama ,Mystery",7.0,1.0,2001.0
133,The X-Files,9,18,TV Series,7.6,2529,8.6,246863,45.0,"Crime ,Drama ,Mystery",12.0,5.0,2002.0
133,The X-Files,9,17,TV Series,8.1,2601,8.6,246863,45.0,"Crime ,Drama ,Mystery",5.0,5.0,2002.0
133,The X-Files,10,1,TV Series,7.8,8038,8.6,246863,45.0,"Crime ,Drama ,Mystery",24.0,1.0,2016.0
133,The X-Files,9,19,TV Series,8.2,3778,8.6,246863,45.0,"Crime ,Drama ,Mystery",19.0,5.0,2002.0
133,The X-Files,11,10,TV Series,7.2,2644,8.6,246863,45.0,"Crime ,Drama ,Mystery",21.0,3.0,2018.0
133,The X-Files,9,12,TV Series,6.9,2315,8.6,246863,45.0,"Crime ,Drama ,Mystery",31.0,3.0,2002.0
133,The X-Files,9,11,TV Series,7.5,2554,8.6,246863,45.0,"Crime ,Drama ,Mystery",17.0,3.0,2002.0
133,The X-Files,9,10,TV Series,7.2,2415,8.6,246863,45.0,"Crime ,Drama ,Mystery",10.0,3.0,2002.0
133,The X-Files,9,9,TV Series,7.4,2409,8.6,246863,45.0,"Crime ,Drama ,Mystery",3.0,3.0,2002.0
133,The X-Files,9,8,TV Series,7.0,2405,8.6,246863,45.0,"Crime ,Drama ,Mystery",27.0,1.0,2002.0
133,The X-Files,9,7,TV Series,7.4,2560,8.6,246863,45.0,"Crime ,Drama ,Mystery",13.0,1.0,2002.0
133,The X-Files,9,6,TV Series,7.4,2561,8.6,246863,45.0,"Crime ,Drama ,Mystery",6.0,1.0,2002.0
133,The X-Files,9,5,TV Series,6.8,2561,8.6,246863,45.0,"Crime ,Drama ,Mystery",16.0,12.0,2001.0
133,The X-Files,9,4,TV Series,7.7,2699,8.6,246863,45.0,"Crime ,Drama ,Mystery",9.0,12.0,2001.0
133,The X-Files,9,3,TV Series,7.1,2521,8.6,246863,45.0,"Crime ,Drama ,Mystery",2.0,12.0,2001.0
133,The X-Files,11,9,TV Series,6.6,2502,8.6,246863,45.0,"Crime ,Drama ,Mystery",14.0,3.0,2018.0
133,The X-Files,11,8,TV Series,8.0,2903,8.6,246863,45.0,"Crime ,Drama ,Mystery",7.0,3.0,2018.0
133,The X-Files,11,7,TV Series,8.0,3931,8.6,246863,45.0,"Crime ,Drama ,Mystery",28.0,2.0,2018.0
133,The X-Files,1,22,TV Series,7.1,4981,8.6,246863,45.0,"Crime ,Drama ,Mystery",29.0,4.0,1994.0
133,The X-Files,1,21,TV Series,8.3,5900,8.6,246863,45.0,"Crime ,Drama ,Mystery",22.0,4.0,1994.0
133,The X-Files,1,20,TV Series,8.4,6237,8.6,246863,45.0,"Crime ,Drama ,Mystery",15.0,4.0,1994.0
133,The X-Files,1,19,TV Series,7.0,5280,8.6,246863,45.0,"Crime ,Drama ,Mystery",1.0,4.0,1994.0
133,The X-Files,1,8,TV Series,8.7,8053,8.6,246863,45.0,"Crime ,Drama ,Mystery",5.0,11.0,1993.0
133,The X-Files,1,7,TV Series,6.7,6314,8.6,246863,45.0,"Crime ,Drama ,Mystery",29.0,10.0,1993.0
133,The X-Files,1,6,TV Series,7.2,6365,8.6,246863,45.0,"Crime ,Drama ,Mystery",22.0,10.0,1993.0
133,The X-Files,1,5,TV Series,6.9,6818,8.6,246863,45.0,"Crime ,Drama ,Mystery",8.0,10.0,1993.0
133,The X-Files,1,4,TV Series,7.5,6800,8.6,246863,45.0,"Crime ,Drama ,Mystery",1.0,10.0,1993.0
133,The X-Files,1,3,TV Series,8.5,8320,8.6,246863,45.0,"Crime ,Drama ,Mystery",24.0,9.0,1993.0
133,The X-Files,2,14,TV Series,8.1,5255,8.6,246863,45.0,"Crime ,Drama ,Mystery",27.0,1.0,1995.0
133,The X-Files,2,13,TV Series,8.0,5127,8.6,246863,45.0,"Crime ,Drama ,Mystery",13.0,1.0,1995.0
133,The X-Files,2,12,TV Series,7.3,4560,8.6,246863,45.0,"Crime ,Drama ,Mystery",6.0,1.0,1995.0
133,The X-Files,2,11,TV Series,6.9,4634,8.6,246863,45.0,"Crime ,Drama ,Mystery",16.0,12.0,1994.0
133,The X-Files,1,2,TV Series,8.0,7847,8.6,246863,45.0,"Crime ,Drama ,Mystery",17.0,9.0,1993.0
133,The X-Files,1,1,TV Series,8.2,12594,8.6,246863,45.0,"Crime ,Drama ,Mystery",10.0,9.0,1993.0
133,The X-Files,1,24,TV Series,8.9,6005,8.6,246863,45.0,"Crime ,Drama ,Mystery",13.0,5.0,1994.0
133,The X-Files,1,23,TV Series,7.2,4988,8.6,246863,45.0,"Crime ,Drama ,Mystery",6.0,5.0,1994.0
133,The X-Files,3,5,TV Series,7.1,4259,8.6,246863,45.0,"Crime ,Drama ,Mystery",20.0,10.0,1995.0
133,The X-Files,3,4,TV Series,9.2,7287,8.6,246863,45.0,"Crime ,Drama ,Mystery",13.0,10.0,1995.0
133,The X-Files,3,3,TV Series,7.8,5027,8.6,246863,45.0,"Crime ,Drama ,Mystery",6.0,10.0,1995.0
133,The X-Files,3,2,TV Series,9.0,5164,8.6,246863,45.0,"Crime ,Drama ,Mystery",29.0,9.0,1995.0
133,The X-Files,1,18,TV Series,7.1,5182,8.6,246863,45.0,"Crime ,Drama ,Mystery",18.0,3.0,1994.0
133,The X-Files,1,17,TV Series,8.4,5808,8.6,246863,45.0,"Crime ,Drama ,Mystery",18.0,2.0,1994.0
133,The X-Files,1,16,TV Series,7.2,5229,8.6,246863,45.0,"Crime ,Drama ,Mystery",11.0,2.0,1994.0
133,The X-Files,1,15,TV Series,7.0,5299,8.6,246863,45.0,"Crime ,Drama ,Mystery",4.0,2.0,1994.0
133,The X-Files,1,14,TV Series,7.3,5839,8.6,246863,45.0,"Crime ,Drama ,Mystery",21.0,1.0,1994.0
133,The X-Files,1,13,TV Series,8.6,7053,8.6,246863,45.0,"Crime ,Drama ,Mystery",7.0,1.0,1994.0
133,The X-Files,1,12,TV Series,7.3,6014,8.6,246863,45.0,"Crime ,Drama ,Mystery",17.0,12.0,1993.0
133,The X-Files,1,11,TV Series,8.1,6463,8.6,246863,45.0,"Crime ,Drama ,Mystery",10.0,12.0,1993.0
133,The X-Files,1,10,TV Series,7.8,6137,8.6,246863,45.0,"Crime ,Drama ,Mystery",19.0,11.0,1993.0
133,The X-Files,1,9,TV Series,6.2,6221,8.6,246863,45.0,"Crime ,Drama ,Mystery",12.0,11.0,1993.0
133,The X-Files,2,16,TV Series,8.7,5074,8.6,246863,45.0,"Crime ,Drama ,Mystery",10.0,2.0,1995.0
133,The X-Files,2,15,TV Series,7.1,4374,8.6,246863,45.0,"Crime ,Drama ,Mystery",3.0,2.0,1995.0
133,The X-Files,3,21,TV Series,7.6,4039,8.6,246863,45.0,"Crime ,Drama ,Mystery",26.0,4.0,1996.0
133,The X-Files,3,20,TV Series,8.9,6460,8.6,246863,45.0,"Crime ,Drama ,Mystery",12.0,4.0,1996.0
133,The X-Files,3,19,TV Series,7.0,3945,8.6,246863,45.0,"Crime ,Drama ,Mystery",29.0,3.0,1996.0
133,The X-Files,3,18,TV Series,5.9,3950,8.6,246863,45.0,"Crime ,Drama ,Mystery",8.0,3.0,1996.0
133,The X-Files,2,10,TV Series,7.6,4839,8.6,246863,45.0,"Crime ,Drama ,Mystery",9.0,12.0,1994.0
133,The X-Files,2,9,TV Series,7.1,4732,8.6,246863,45.0,"Crime ,Drama ,Mystery",18.0,11.0,1994.0
133,The X-Files,2,8,TV Series,8.3,5142,8.6,246863,45.0,"Crime ,Drama ,Mystery",11.0,11.0,1994.0
133,The X-Files,2,7,TV Series,6.3,5044,8.6,246863,45.0,"Crime ,Drama ,Mystery",4.0,11.0,1994.0
133,The X-Files,2,6,TV Series,8.6,5291,8.6,246863,45.0,"Crime ,Drama ,Mystery",21.0,10.0,1994.0
133,The X-Files,2,5,TV Series,8.6,5572,8.6,246863,45.0,"Crime ,Drama ,Mystery",14.0,10.0,1994.0
133,The X-Files,2,4,TV Series,7.6,5009,8.6,246863,45.0,"Crime ,Drama ,Mystery",7.0,10.0,1994.0
133,The X-Files,2,3,TV Series,7.4,5100,8.6,246863,45.0,"Crime ,Drama ,Mystery",30.0,9.0,1994.0
133,The X-Files,2,2,TV Series,8.2,5782,8.6,246863,45.0,"Crime ,Drama ,Mystery",23.0,9.0,1994.0
133,The X-Files,2,1,TV Series,8.0,5354,8.6,246863,45.0,"Crime ,Drama ,Mystery",16.0,9.0,1994.0
133,The X-Files,3,7,TV Series,7.1,4154,8.6,246863,45.0,"Crime ,Drama ,Mystery",10.0,11.0,1995.0
133,The X-Files,3,6,TV Series,7.4,4386,8.6,246863,45.0,"Crime ,Drama ,Mystery",3.0,11.0,1995.0
133,The X-Files,4,13,TV Series,7.5,4145,8.6,246863,45.0,"Crime ,Drama ,Mystery",2.0,2.0,1997.0
133,The X-Files,4,12,TV Series,8.3,4234,8.6,246863,45.0,"Crime ,Drama ,Mystery",26.0,1.0,1997.0
133,The X-Files,4,11,TV Series,6.7,3760,8.6,246863,45.0,"Crime ,Drama ,Mystery",12.0,1.0,1997.0
133,The X-Files,4,10,TV Series,8.7,4654,8.6,246863,45.0,"Crime ,Drama ,Mystery",15.0,12.0,1996.0
133,The X-Files,3,1,TV Series,8.6,4841,8.6,246863,45.0,"Crime ,Drama ,Mystery",22.0,9.0,1995.0
133,The X-Files,2,25,TV Series,9.1,5424,8.6,246863,45.0,"Crime ,Drama ,Mystery",19.0,5.0,1995.0
133,The X-Files,2,24,TV Series,7.8,4504,8.6,246863,45.0,"Crime ,Drama ,Mystery",12.0,5.0,1995.0
133,The X-Files,2,23,TV Series,7.8,4579,8.6,246863,45.0,"Crime ,Drama ,Mystery",5.0,5.0,1995.0
133,The X-Files,2,22,TV Series,8.0,4508,8.6,246863,45.0,"Crime ,Drama ,Mystery",28.0,4.0,1995.0
133,The X-Files,2,21,TV Series,7.4,4543,8.6,246863,45.0,"Crime ,Drama ,Mystery",14.0,4.0,1995.0
133,The X-Files,2,20,TV Series,8.6,5828,8.6,246863,45.0,"Crime ,Drama ,Mystery",31.0,3.0,1995.0
133,The X-Files,2,19,TV Series,7.5,4576,8.6,246863,45.0,"Crime ,Drama ,Mystery",10.0,3.0,1995.0
133,The X-Files,2,18,TV Series,6.5,4425,8.6,246863,45.0,"Crime ,Drama ,Mystery",24.0,2.0,1995.0
133,The X-Files,2,17,TV Series,8.7,4953,8.6,246863,45.0,"Crime ,Drama ,Mystery",17.0,2.0,1995.0
133,The X-Files,3,23,TV Series,8.3,4231,8.6,246863,45.0,"Crime ,Drama ,Mystery",10.0,5.0,1996.0
133,The X-Files,3,22,TV Series,8.1,4453,8.6,246863,45.0,"Crime ,Drama ,Mystery",3.0,5.0,1996.0
133,The X-Files,5,5,TV Series,8.5,5595,8.6,246863,45.0,"Crime ,Drama ,Mystery",30.0,11.0,1997.0
133,The X-Files,5,4,TV Series,8.1,4341,8.6,246863,45.0,"Crime ,Drama ,Mystery",23.0,11.0,1997.0
133,The X-Files,5,3,TV Series,8.4,4122,8.6,246863,45.0,"Crime ,Drama ,Mystery",16.0,11.0,1997.0
133,The X-Files,5,2,TV Series,9.0,4264,8.6,246863,45.0,"Crime ,Drama ,Mystery",9.0,11.0,1997.0
133,The X-Files,3,17,TV Series,8.4,4858,8.6,246863,45.0,"Crime ,Drama ,Mystery",23.0,2.0,1996.0
133,The X-Files,3,16,TV Series,8.6,4294,8.6,246863,45.0,"Crime ,Drama ,Mystery",16.0,2.0,1996.0
133,The X-Files,3,15,TV Series,8.4,4307,8.6,246863,45.0,"Crime ,Drama ,Mystery",9.0,2.0,1996.0
133,The X-Files,3,14,TV Series,7.3,4163,8.6,246863,45.0,"Crime ,Drama ,Mystery",2.0,2.0,1996.0
133,The X-Files,3,13,TV Series,7.6,4840,8.6,246863,45.0,"Crime ,Drama ,Mystery",26.0,1.0,1996.0
133,The X-Files,3,12,TV Series,8.6,5642,8.6,246863,45.0,"Crime ,Drama ,Mystery",5.0,1.0,1996.0
133,The X-Files,3,11,TV Series,7.1,4073,8.6,246863,45.0,"Crime ,Drama ,Mystery",15.0,12.0,1995.0
133,The X-Files,3,10,TV Series,8.7,4545,8.6,246863,45.0,"Crime ,Drama ,Mystery",1.0,12.0,1995.0
133,The X-Files,3,9,TV Series,8.5,4435,8.6,246863,45.0,"Crime ,Drama ,Mystery",24.0,11.0,1995.0
133,The X-Files,3,8,TV Series,7.6,4441,8.6,246863,45.0,"Crime ,Drama ,Mystery",17.0,11.0,1995.0
133,The X-Files,4,15,TV Series,6.9,3784,8.6,246863,45.0,"Crime ,Drama ,Mystery",16.0,2.0,1997.0
133,The X-Files,4,14,TV Series,8.4,4104,8.6,246863,45.0,"Crime ,Drama ,Mystery",9.0,2.0,1997.0
133,The X-Files,6,1,TV Series,8.1,3590,8.6,246863,45.0,"Crime ,Drama ,Mystery",8.0,11.0,1998.0
133,The X-Files,5,20,TV Series,8.8,3795,8.6,246863,45.0,"Crime ,Drama ,Mystery",17.0,5.0,1998.0
133,The X-Files,5,19,TV Series,8.5,4066,8.6,246863,45.0,"Crime ,Drama ,Mystery",10.0,5.0,1998.0
133,The X-Files,5,18,TV Series,8.0,3486,8.6,246863,45.0,"Crime ,Drama ,Mystery",3.0,5.0,1998.0
133,The X-Files,4,9,TV Series,8.1,3977,8.6,246863,45.0,"Crime ,Drama ,Mystery",1.0,12.0,1996.0
133,The X-Files,4,8,TV Series,8.5,4170,8.6,246863,45.0,"Crime ,Drama ,Mystery",24.0,11.0,1996.0
133,The X-Files,4,7,TV Series,9.0,5580,8.6,246863,45.0,"Crime ,Drama ,Mystery",17.0,11.0,1996.0
133,The X-Files,4,6,TV Series,7.3,3909,8.6,246863,45.0,"Crime ,Drama ,Mystery",10.0,11.0,1996.0
133,The X-Files,4,5,TV Series,6.7,4468,8.6,246863,45.0,"Crime ,Drama ,Mystery",3.0,11.0,1996.0
133,The X-Files,4,4,TV Series,8.0,4355,8.6,246863,45.0,"Crime ,Drama ,Mystery",27.0,10.0,1996.0
133,The X-Files,4,3,TV Series,6.6,3839,8.6,246863,45.0,"Crime ,Drama ,Mystery",18.0,10.0,1996.0
133,The X-Files,4,2,TV Series,8.8,6551,8.6,246863,45.0,"Crime ,Drama ,Mystery",11.0,10.0,1996.0
133,The X-Files,4,1,TV Series,8.4,4181,8.6,246863,45.0,"Crime ,Drama ,Mystery",4.0,10.0,1996.0
133,The X-Files,3,24,TV Series,8.6,4095,8.6,246863,45.0,"Crime ,Drama ,Mystery",17.0,5.0,1996.0
133,The X-Files,5,7,TV Series,7.6,3509,8.6,246863,45.0,"Crime ,Drama ,Mystery",14.0,12.0,1997.0
133,The X-Files,5,6,TV Series,7.7,3601,8.6,246863,45.0,"Crime ,Drama ,Mystery",7.0,12.0,1997.0
133,The X-Files,6,17,TV Series,7.2,3203,8.6,246863,45.0,"Crime ,Drama ,Mystery",11.0,4.0,1999.0
133,The X-Files,6,16,TV Series,6.4,3173,8.6,246863,45.0,"Crime ,Drama ,Mystery",28.0,3.0,1999.0
133,The X-Files,6,15,TV Series,8.4,4205,8.6,246863,45.0,"Crime ,Drama ,Mystery",7.0,3.0,1999.0
133,The X-Files,6,14,TV Series,8.8,4481,8.6,246863,45.0,"Crime ,Drama ,Mystery",28.0,2.0,1999.0
133,The X-Files,5,1,TV Series,8.6,3993,8.6,246863,45.0,"Crime ,Drama ,Mystery",2.0,11.0,1997.0
133,The X-Files,4,24,TV Series,8.6,3740,8.6,246863,45.0,"Crime ,Drama ,Mystery",18.0,5.0,1997.0
133,The X-Files,4,23,TV Series,7.8,3613,8.6,246863,45.0,"Crime ,Drama ,Mystery",11.0,5.0,1997.0
133,The X-Files,4,22,TV Series,7.8,3685,8.6,246863,45.0,"Crime ,Drama ,Mystery",4.0,5.0,1997.0
133,The X-Files,4,21,TV Series,8.1,3705,8.6,246863,45.0,"Crime ,Drama ,Mystery",27.0,4.0,1997.0
133,The X-Files,4,20,TV Series,8.9,5132,8.6,246863,45.0,"Crime ,Drama ,Mystery",20.0,4.0,1997.0
133,The X-Files,4,19,TV Series,7.7,3656,8.6,246863,45.0,"Crime ,Drama ,Mystery",13.0,4.0,1997.0
133,The X-Files,4,18,TV Series,8.4,3813,8.6,246863,45.0,"Crime ,Drama ,Mystery",23.0,3.0,1997.0
133,The X-Files,4,17,TV Series,8.4,3893,8.6,246863,45.0,"Crime ,Drama ,Mystery",16.0,3.0,1997.0
133,The X-Files,4,16,TV Series,7.2,3616,8.6,246863,45.0,"Crime ,Drama ,Mystery",23.0,2.0,1997.0
133,The X-Files,6,3,TV Series,8.6,4897,8.6,246863,45.0,"Crime ,Drama ,Mystery",22.0,11.0,1998.0
133,The X-Files,6,2,TV Series,8.5,4264,8.6,246863,45.0,"Crime ,Drama ,Mystery",15.0,11.0,1998.0
133,The X-Files,7,11,TV Series,8.1,3644,8.6,246863,45.0,"Crime ,Drama ,Mystery",13.0,2.0,2000.0
133,The X-Files,7,10,TV Series,7.9,3220,8.6,246863,45.0,"Crime ,Drama ,Mystery",6.0,2.0,2000.0
133,The X-Files,7,9,TV Series,6.6,2965,8.6,246863,45.0,"Crime ,Drama ,Mystery",23.0,1.0,2000.0
133,The X-Files,7,8,TV Series,8.1,3497,8.6,246863,45.0,"Crime ,Drama ,Mystery",16.0,1.0,2000.0
133,The X-Files,5,17,TV Series,7.3,3503,8.6,246863,45.0,"Crime ,Drama ,Mystery",26.0,4.0,1998.0
133,The X-Files,5,16,TV Series,7.7,3547,8.6,246863,45.0,"Crime ,Drama ,Mystery",19.0,4.0,1998.0
133,The X-Files,5,15,TV Series,7.4,3307,8.6,246863,45.0,"Crime ,Drama ,Mystery",29.0,3.0,1998.0
133,The X-Files,5,14,TV Series,8.3,3517,8.6,246863,45.0,"Crime ,Drama ,Mystery",8.0,3.0,1998.0
133,The X-Files,5,13,TV Series,8.2,3519,8.6,246863,45.0,"Crime ,Drama ,Mystery",1.0,3.0,1998.0
133,The X-Files,5,12,TV Series,9.2,6633,8.6,246863,45.0,"Crime ,Drama ,Mystery",22.0,2.0,1998.0
133,The X-Files,5,11,TV Series,7.8,3980,8.6,246863,45.0,"Crime ,Drama ,Mystery",15.0,2.0,1998.0
133,The X-Files,5,10,TV Series,7.5,4076,8.6,246863,45.0,"Crime ,Drama ,Mystery",8.0,2.0,1998.0
133,The X-Files,5,9,TV Series,7.0,3442,8.6,246863,45.0,"Crime ,Drama ,Mystery",11.0,1.0,1998.0
133,The X-Files,5,8,TV Series,7.7,3615,8.6,246863,45.0,"Crime ,Drama ,Mystery",4.0,1.0,1998.0
133,The X-Files,6,19,TV Series,8.4,4320,8.6,246863,45.0,"Crime ,Drama ,Mystery",25.0,4.0,1999.0
133,The X-Files,6,18,TV Series,7.6,4012,8.6,246863,45.0,"Crime ,Drama ,Mystery",18.0,4.0,1999.0
133,The X-Files,8,5,TV Series,7.6,2845,8.6,246863,45.0,"Crime ,Drama ,Mystery",3.0,12.0,2000.0
133,The X-Files,8,4,TV Series,8.0,3090,8.6,246863,45.0,"Crime ,Drama ,Mystery",26.0,11.0,2000.0
133,The X-Files,8,3,TV Series,7.4,2865,8.6,246863,45.0,"Crime ,Drama ,Mystery",19.0,11.0,2000.0
133,The X-Files,8,2,TV Series,8.2,2965,8.6,246863,45.0,"Crime ,Drama ,Mystery",12.0,11.0,2000.0
133,The X-Files,6,13,TV Series,7.3,3436,8.6,246863,45.0,"Crime ,Drama ,Mystery",21.0,2.0,1999.0
133,The X-Files,6,12,TV Series,8.8,3652,8.6,246863,45.0,"Crime ,Drama ,Mystery",14.0,2.0,1999.0
133,The X-Files,6,11,TV Series,8.6,3552,8.6,246863,45.0,"Crime ,Drama ,Mystery",7.0,2.0,1999.0
133,The X-Files,6,10,TV Series,8.3,3680,8.6,246863,45.0,"Crime ,Drama ,Mystery",24.0,1.0,1999.0
133,The X-Files,6,9,TV Series,7.8,3364,8.6,246863,45.0,"Crime ,Drama ,Mystery",17.0,1.0,1999.0
133,The X-Files,6,8,TV Series,7.3,3718,8.6,246863,45.0,"Crime ,Drama ,Mystery",10.0,1.0,1999.0
133,The X-Files,6,7,TV Series,7.7,3659,8.6,246863,45.0,"Crime ,Drama ,Mystery",3.0,1.0,1999.0
133,The X-Files,6,6,TV Series,8.2,4411,8.6,246863,45.0,"Crime ,Drama ,Mystery",13.0,12.0,1998.0
133,The X-Files,6,5,TV Series,8.8,4255,8.6,246863,45.0,"Crime ,Drama ,Mystery",6.0,12.0,1998.0
133,The X-Files,6,4,TV Series,8.9,4520,8.6,246863,45.0,"Crime ,Drama ,Mystery",29.0,11.0,1998.0
133,The X-Files,7,13,TV Series,6.1,3689,8.6,246863,45.0,"Crime ,Drama ,Mystery",27.0,2.0,2000.0
133,The X-Files,7,12,TV Series,8.4,4256,8.6,246863,45.0,"Crime ,Drama ,Mystery",20.0,2.0,2000.0
133,The X-Files,8,21,TV Series,8.7,3131,8.6,246863,45.0,"Crime ,Drama ,Mystery",20.0,5.0,2001.0
133,The X-Files,8,20,TV Series,8.4,2752,8.6,246863,45.0,"Crime ,Drama ,Mystery",13.0,5.0,2001.0
133,The X-Files,8,19,TV Series,7.8,2732,8.6,246863,45.0,"Crime ,Drama ,Mystery",6.0,5.0,2001.0
133,The X-Files,8,18,TV Series,7.8,2728,8.6,246863,45.0,"Crime ,Drama ,Mystery",29.0,4.0,2001.0
133,The X-Files,7,7,TV Series,7.5,3211,8.6,246863,45.0,"Crime ,Drama ,Mystery",9.0,1.0,2000.0
133,The X-Files,7,6,TV Series,8.2,3590,8.6,246863,45.0,"Crime ,Drama ,Mystery",12.0,12.0,1999.0
133,The X-Files,7,5,TV Series,7.3,3104,8.6,246863,45.0,"Crime ,Drama ,Mystery",5.0,12.0,1999.0
133,The X-Files,7,4,TV Series,7.8,3389,8.6,246863,45.0,"Crime ,Drama ,Mystery",28.0,11.0,1999.0
133,The X-Files,7,3,TV Series,7.8,3589,8.6,246863,45.0,"Crime ,Drama ,Mystery",21.0,11.0,1999.0
133,The X-Files,7,2,TV Series,7.8,3272,8.6,246863,45.0,"Crime ,Drama ,Mystery",14.0,11.0,1999.0
133,The X-Files,7,1,TV Series,7.8,3205,8.6,246863,45.0,"Crime ,Drama ,Mystery",7.0,11.0,1999.0
133,The X-Files,6,22,TV Series,8.1,3231,8.6,246863,45.0,"Crime ,Drama ,Mystery",16.0,5.0,1999.0
133,The X-Files,6,21,TV Series,8.5,3902,8.6,246863,45.0,"Crime ,Drama ,Mystery",9.0,5.0,1999.0
133,The X-Files,6,20,TV Series,7.9,3347,8.6,246863,45.0,"Crime ,Drama ,Mystery",2.0,5.0,1999.0
133,The X-Files,8,7,TV Series,7.5,2846,8.6,246863,45.0,"Crime ,Drama ,Mystery",17.0,12.0,2000.0
133,The X-Files,8,6,TV Series,8.3,3227,8.6,246863,45.0,"Crime ,Drama ,Mystery",10.0,12.0,2000.0
133,The X-Files,9,16,TV Series,7.6,2561,8.6,246863,45.0,"Crime ,Drama ,Mystery",28.0,4.0,2002.0
133,The X-Files,9,15,TV Series,7.3,2571,8.6,246863,45.0,"Crime ,Drama ,Mystery",21.0,4.0,2002.0
133,The X-Files,9,14,TV Series,7.2,2406,8.6,246863,45.0,"Crime ,Drama ,Mystery",14.0,4.0,2002.0
133,The X-Files,9,13,TV Series,7.3,2980,8.6,246863,45.0,"Crime ,Drama ,Mystery",7.0,4.0,2002.0
133,The X-Files,8,1,TV Series,8.2,3042,8.6,246863,45.0,"Crime ,Drama ,Mystery",5.0,11.0,2000.0
133,The X-Files,7,22,TV Series,8.5,3221,8.6,246863,45.0,"Crime ,Drama ,Mystery",21.0,5.0,2000.0
133,The X-Files,7,21,TV Series,8.4,3614,8.6,246863,45.0,"Crime ,Drama ,Mystery",14.0,5.0,2000.0
133,The X-Files,7,20,TV Series,5.9,3176,8.6,246863,45.0,"Crime ,Drama ,Mystery",7.0,5.0,2000.0
133,The X-Files,7,19,TV Series,7.3,3529,8.6,246863,45.0,"Crime ,Drama ,Mystery",30.0,4.0,2000.0
133,The X-Files,7,18,TV Series,7.5,2929,8.6,246863,45.0,"Crime ,Drama ,Mystery",16.0,4.0,2000.0
133,The X-Files,7,17,TV Series,7.0,3660,8.6,246863,45.0,"Crime ,Drama ,Mystery",9.0,4.0,2000.0
133,The X-Files,7,16,TV Series,7.4,3051,8.6,246863,45.0,"Crime ,Drama ,Mystery",2.0,4.0,2000.0
133,The X-Files,7,15,TV Series,8.0,3178,8.6,246863,45.0,"Crime ,Drama ,Mystery",19.0,3.0,2000.0
133,The X-Files,7,14,TV Series,7.3,3073,8.6,246863,45.0,"Crime ,Drama ,Mystery",12.0,3.0,2000.0
133,The X-Files,9,2,TV Series,7.3,2517,8.6,246863,45.0,"Crime ,Drama ,Mystery",18.0,11.0,2001.0
133,The X-Files,9,1,TV Series,7.2,2574,8.6,246863,45.0,"Crime ,Drama ,Mystery",11.0,11.0,2001.0
133,The X-Files,11,2,TV Series,7.2,3472,8.6,246863,45.0,"Crime ,Drama ,Mystery",10.0,1.0,2018.0
133,The X-Files,11,1,TV Series,6.4,4073,8.6,246863,45.0,"Crime ,Drama ,Mystery",3.0,1.0,2018.0
133,The X-Files,10,6,TV Series,7.0,4631,8.6,246863,45.0,"Crime ,Drama ,Mystery",22.0,2.0,2016.0
133,The X-Files,10,5,TV Series,6.4,5540,8.6,246863,45.0,"Crime ,Drama ,Mystery",15.0,2.0,2016.0
133,The X-Files,10,4,TV Series,7.2,5079,8.6,246863,45.0,"Crime ,Drama ,Mystery",8.0,2.0,2016.0
133,The X-Files,10,3,TV Series,8.0,9118,8.6,246863,45.0,"Crime ,Drama ,Mystery",1.0,2.0,2016.0
133,The X-Files,10,2,TV Series,7.8,6635,8.6,246863,45.0,"Crime ,Drama ,Mystery",25.0,1.0,2016.0
133,The X-Files,11,6,TV Series,7.3,2703,8.6,246863,45.0,"Crime ,Drama ,Mystery",7.0,2.0,2018.0
133,The X-Files,11,3,TV Series,7.8,3412,8.6,246863,45.0,"Crime ,Drama ,Mystery",17.0,1.0,2018.0
133,The X-Files,11,5,TV Series,7.9,2980,8.6,246863,45.0,"Crime ,Drama ,Mystery",31.0,1.0,2018.0
134,Dexter,2,3,TV Series,8.6,5530,8.7,758803,55.0,"Crime ,Drama ,Mystery",14.0,10.0,2007.0
134,Dexter,2,2,TV Series,8.5,5575,8.7,758803,55.0,"Crime ,Drama ,Mystery",7.0,10.0,2007.0
134,Dexter,5,3,TV Series,8.4,4460,8.7,758803,55.0,"Crime ,Drama ,Mystery",10.0,10.0,2010.0
134,Dexter,5,4,TV Series,8.3,4446,8.7,758803,55.0,"Crime ,Drama ,Mystery",17.0,10.0,2010.0
134,Dexter,5,5,TV Series,7.9,4397,8.7,758803,55.0,"Crime ,Drama ,Mystery",24.0,10.0,2010.0
134,Dexter,5,6,TV Series,8.7,4750,8.7,758803,55.0,"Crime ,Drama ,Mystery",31.0,10.0,2010.0
134,Dexter,5,7,TV Series,8.3,4351,8.7,758803,55.0,"Crime ,Drama ,Mystery",7.0,11.0,2010.0
134,Dexter,5,8,TV Series,8.8,4601,8.7,758803,55.0,"Crime ,Drama ,Mystery",14.0,11.0,2010.0
134,Dexter,5,9,TV Series,8.9,4792,8.7,758803,55.0,"Crime ,Drama ,Mystery",21.0,11.0,2010.0
134,Dexter,5,10,TV Series,8.9,4774,8.7,758803,55.0,"Crime ,Drama ,Mystery",28.0,11.0,2010.0
134,Dexter,8,7,TV Series,7.5,4585,8.7,758803,55.0,"Crime ,Drama ,Mystery",11.0,8.0,2013.0
134,Dexter,8,8,TV Series,8.0,4893,8.7,758803,55.0,"Crime ,Drama ,Mystery",18.0,8.0,2013.0
134,Dexter,8,9,TV Series,7.3,4801,8.7,758803,55.0,"Crime ,Drama ,Mystery",25.0,8.0,2013.0
134,Dexter,8,10,TV Series,6.9,5318,8.7,758803,55.0,"Crime ,Drama ,Mystery",8.0,9.0,2013.0
134,Dexter,8,11,TV Series,7.2,5611,8.7,758803,55.0,"Crime ,Drama ,Mystery",15.0,9.0,2013.0
134,Dexter,6,4,TV Series,8.3,4415,8.7,758803,55.0,"Crime ,Drama ,Mystery",23.0,10.0,2011.0
134,Dexter,6,5,TV Series,7.9,4301,8.7,758803,55.0,"Crime ,Drama ,Mystery",30.0,10.0,2011.0
134,Dexter,6,6,TV Series,8.4,4436,8.7,758803,55.0,"Crime ,Drama ,Mystery",6.0,11.0,2011.0
134,Dexter,6,7,TV Series,7.7,4751,8.7,758803,55.0,"Crime ,Drama ,Mystery",13.0,11.0,2011.0
134,Dexter,6,8,TV Series,7.7,4228,8.7,758803,55.0,"Crime ,Drama ,Mystery",20.0,11.0,2011.0
134,Dexter,6,9,TV Series,8.4,4608,8.7,758803,55.0,"Crime ,Drama ,Mystery",27.0,11.0,2011.0
134,Dexter,6,10,TV Series,7.9,4209,8.7,758803,55.0,"Crime ,Drama ,Mystery",4.0,12.0,2011.0
134,Dexter,6,11,TV Series,8.2,4358,8.7,758803,55.0,"Crime ,Drama ,Mystery",11.0,12.0,2011.0
134,Dexter,6,12,TV Series,9.1,6839,8.7,758803,55.0,"Crime ,Drama ,Mystery",18.0,12.0,2011.0
134,Dexter,7,1,TV Series,9.4,9599,8.7,758803,55.0,"Crime ,Drama ,Mystery",30.0,9.0,2012.0
134,Dexter,7,2,TV Series,8.7,5240,8.7,758803,55.0,"Crime ,Drama ,Mystery",7.0,10.0,2012.0
134,Dexter,7,8,TV Series,8.8,5282,8.7,758803,55.0,"Crime ,Drama ,Mystery",18.0,11.0,2012.0
134,Dexter,7,9,TV Series,8.5,4500,8.7,758803,55.0,"Crime ,Drama ,Mystery",25.0,11.0,2012.0
134,Dexter,7,10,TV Series,8.3,4350,8.7,758803,55.0,"Crime ,Drama ,Mystery",2.0,12.0,2012.0
134,Dexter,1,11,TV Series,9.2,7021,8.7,758803,55.0,"Crime ,Drama ,Mystery",10.0,12.0,2006.0
134,Dexter,1,6,TV Series,8.9,6869,8.7,758803,55.0,"Crime ,Drama ,Mystery",5.0,11.0,2006.0
134,Dexter,1,7,TV Series,8.6,6232,8.7,758803,55.0,"Crime ,Drama ,Mystery",12.0,11.0,2006.0
134,Dexter,2,12,TV Series,9.2,6707,8.7,758803,55.0,"Crime ,Drama ,Mystery",16.0,12.0,2007.0
134,Dexter,3,1,TV Series,8.1,5234,8.7,758803,55.0,"Crime ,Drama ,Mystery",28.0,9.0,2008.0
134,Dexter,3,2,TV Series,8.3,4946,8.7,758803,55.0,"Crime ,Drama ,Mystery",5.0,10.0,2008.0
134,Dexter,5,11,TV Series,8.8,4566,8.7,758803,55.0,"Crime ,Drama ,Mystery",5.0,12.0,2010.0
134,Dexter,5,12,TV Series,8.8,5430,8.7,758803,55.0,"Crime ,Drama ,Mystery",12.0,12.0,2010.0
134,Dexter,6,1,TV Series,8.4,5588,8.7,758803,55.0,"Crime ,Drama ,Mystery",2.0,10.0,2011.0
134,Dexter,6,2,TV Series,7.9,4509,8.7,758803,55.0,"Crime ,Drama ,Mystery",9.0,10.0,2011.0
134,Dexter,6,3,TV Series,8.1,4379,8.7,758803,55.0,"Crime ,Drama ,Mystery",16.0,10.0,2011.0
134,Dexter,3,8,TV Series,8.5,4705,8.7,758803,55.0,"Crime ,Drama ,Mystery",16.0,11.0,2008.0
134,Dexter,3,9,TV Series,8.7,4797,8.7,758803,55.0,"Crime ,Drama ,Mystery",23.0,11.0,2008.0
134,Dexter,3,10,TV Series,9.0,5093,8.7,758803,55.0,"Crime ,Drama ,Mystery",30.0,11.0,2008.0
134,Dexter,3,11,TV Series,8.8,4900,8.7,758803,55.0,"Crime ,Drama ,Mystery",7.0,12.0,2008.0
134,Dexter,3,12,TV Series,8.8,5239,8.7,758803,55.0,"Crime ,Drama ,Mystery",14.0,12.0,2008.0
134,Dexter,7,11,TV Series,8.9,4821,8.7,758803,55.0,"Crime ,Drama ,Mystery",9.0,12.0,2012.0
134,Dexter,7,12,TV Series,9.3,7724,8.7,758803,55.0,"Crime ,Drama ,Mystery",16.0,12.0,2012.0
134,Dexter,8,1,TV Series,8.4,6660,8.7,758803,55.0,"Crime ,Drama ,Mystery",30.0,6.0,2013.0
134,Dexter,8,2,TV Series,7.9,4722,8.7,758803,55.0,"Crime ,Drama ,Mystery",7.0,7.0,2013.0
134,Dexter,8,3,TV Series,8.0,4577,8.7,758803,55.0,"Crime ,Drama ,Mystery",14.0,7.0,2013.0
134,Dexter,8,4,TV Series,7.9,4601,8.7,758803,55.0,"Crime ,Drama ,Mystery",21.0,7.0,2013.0
134,Dexter,8,5,TV Series,7.8,4481,8.7,758803,55.0,"Crime ,Drama ,Mystery",28.0,7.0,2013.0
134,Dexter,8,6,TV Series,7.7,4478,8.7,758803,55.0,"Crime ,Drama ,Mystery",4.0,8.0,2013.0
134,Dexter,8,12,TV Series,4.7,21752,8.7,758803,55.0,"Crime ,Drama ,Mystery",22.0,9.0,2013.0
134,Dexter,4,7,TV Series,8.4,4711,8.7,758803,55.0,"Crime ,Drama ,Mystery",8.0,11.0,2009.0
134,Dexter,4,8,TV Series,8.4,4753,8.7,758803,55.0,"Crime ,Drama ,Mystery",15.0,11.0,2009.0
134,Dexter,4,9,TV Series,9.4,6725,8.7,758803,55.0,"Crime ,Drama ,Mystery",22.0,11.0,2009.0
134,Dexter,4,10,TV Series,9.1,5615,8.7,758803,55.0,"Crime ,Drama ,Mystery",29.0,11.0,2009.0
134,Dexter,4,11,TV Series,9.5,7233,8.7,758803,55.0,"Crime ,Drama ,Mystery",6.0,12.0,2009.0
134,Dexter,2,4,TV Series,8.3,5307,8.7,758803,55.0,"Crime ,Drama ,Mystery",21.0,10.0,2007.0
134,Dexter,2,5,TV Series,8.6,5461,8.7,758803,55.0,"Crime ,Drama ,Mystery",28.0,10.0,2007.0
134,Dexter,1,8,TV Series,8.9,7017,8.7,758803,55.0,"Crime ,Drama ,Mystery",19.0,11.0,2006.0
134,Dexter,1,9,TV Series,8.5,6067,8.7,758803,55.0,"Crime ,Drama ,Mystery",26.0,11.0,2006.0
134,Dexter,1,10,TV Series,9.1,6833,8.7,758803,55.0,"Crime ,Drama ,Mystery",3.0,12.0,2006.0
134,Dexter,2,1,TV Series,8.6,6108,8.7,758803,55.0,"Crime ,Drama ,Mystery",30.0,9.0,2007.0
134,Dexter,1,12,TV Series,9.6,11740,8.7,758803,55.0,"Crime ,Drama ,Mystery",17.0,12.0,2006.0
134,Dexter,4,1,TV Series,8.6,5363,8.7,758803,55.0,"Crime ,Drama ,Mystery",27.0,9.0,2009.0
134,Dexter,4,2,TV Series,8.6,4870,8.7,758803,55.0,"Crime ,Drama ,Mystery",4.0,10.0,2009.0
134,Dexter,4,3,TV Series,8.2,4742,8.7,758803,55.0,"Crime ,Drama ,Mystery",11.0,10.0,2009.0
134,Dexter,4,4,TV Series,9.1,5673,8.7,758803,55.0,"Crime ,Drama ,Mystery",18.0,10.0,2009.0
134,Dexter,4,5,TV Series,8.9,5095,8.7,758803,55.0,"Crime ,Drama ,Mystery",25.0,10.0,2009.0
134,Dexter,4,6,TV Series,8.6,4791,8.7,758803,55.0,"Crime ,Drama ,Mystery",1.0,11.0,2009.0
134,Dexter,7,3,TV Series,8.5,4804,8.7,758803,55.0,"Crime ,Drama ,Mystery",14.0,10.0,2012.0
134,Dexter,7,4,TV Series,8.8,5510,8.7,758803,55.0,"Crime ,Drama ,Mystery",21.0,10.0,2012.0
134,Dexter,7,5,TV Series,8.4,4510,8.7,758803,55.0,"Crime ,Drama ,Mystery",28.0,10.0,2012.0
134,Dexter,7,6,TV Series,8.2,4582,8.7,758803,55.0,"Crime ,Drama ,Mystery",4.0,11.0,2012.0
134,Dexter,7,7,TV Series,8.4,4523,8.7,758803,55.0,"Crime ,Drama ,Mystery",11.0,11.0,2012.0
134,Dexter,4,12,TV Series,9.8,15341,8.7,758803,55.0,"Crime ,Drama ,Mystery",13.0,12.0,2009.0
134,Dexter,5,1,TV Series,8.8,5797,8.7,758803,55.0,"Crime ,Drama ,Mystery",26.0,9.0,2010.0
134,Dexter,5,2,TV Series,8.1,4538,8.7,758803,55.0,"Crime ,Drama ,Mystery",3.0,10.0,2010.0
134,Dexter,2,6,TV Series,8.5,5309,8.7,758803,55.0,"Crime ,Drama ,Mystery",4.0,11.0,2007.0
134,Dexter,2,7,TV Series,8.7,5414,8.7,758803,55.0,"Crime ,Drama ,Mystery",11.0,11.0,2007.0
134,Dexter,2,8,TV Series,9.0,5718,8.7,758803,55.0,"Crime ,Drama ,Mystery",18.0,11.0,2007.0
134,Dexter,2,9,TV Series,9.3,6496,8.7,758803,55.0,"Crime ,Drama ,Mystery",25.0,11.0,2007.0
134,Dexter,2,10,TV Series,8.9,5490,8.7,758803,55.0,"Crime ,Drama ,Mystery",2.0,12.0,2007.0
134,Dexter,2,11,TV Series,9.0,5492,8.7,758803,55.0,"Crime ,Drama ,Mystery",9.0,12.0,2007.0
134,Dexter,3,3,TV Series,8.0,4803,8.7,758803,55.0,"Crime ,Drama ,Mystery",12.0,10.0,2008.0
134,Dexter,3,4,TV Series,8.0,4756,8.7,758803,55.0,"Crime ,Drama ,Mystery",19.0,10.0,2008.0
134,Dexter,3,5,TV Series,8.4,4727,8.7,758803,55.0,"Crime ,Drama ,Mystery",26.0,10.0,2008.0
134,Dexter,3,6,TV Series,8.1,4662,8.7,758803,55.0,"Crime ,Drama ,Mystery",2.0,11.0,2008.0
134,Dexter,3,7,TV Series,8.4,4798,8.7,758803,55.0,"Crime ,Drama ,Mystery",9.0,11.0,2008.0
134,Dexter,1,1,TV Series,8.7,10570,8.7,758803,55.0,"Crime ,Drama ,Mystery",1.0,10.0,2006.0
134,Dexter,1,2,TV Series,8.2,7171,8.7,758803,55.0,"Crime ,Drama ,Mystery",8.0,10.0,2006.0
134,Dexter,1,3,TV Series,8.2,6734,8.7,758803,55.0,"Crime ,Drama ,Mystery",15.0,10.0,2006.0
134,Dexter,1,4,TV Series,8.6,6612,8.7,758803,55.0,"Crime ,Drama ,Mystery",22.0,10.0,2006.0
134,Dexter,1,5,TV Series,8.4,6337,8.7,758803,55.0,"Crime ,Drama ,Mystery",29.0,10.0,2006.0
135,Critical Role,1,34,TV Series,8.4,62,9.2,12053,180.0,"Adventure ,Fantasy",3.0,12.0,2015.0
135,Critical Role,1,33,TV Series,8.0,67,9.2,12053,180.0,"Adventure ,Fantasy",19.0,11.0,2015.0
135,Critical Role,1,32,TV Series,8.0,74,9.2,12053,180.0,"Adventure ,Fantasy",12.0,11.0,2015.0
135,Critical Role,2,13,TV Series,8.3,51,9.2,12053,180.0,"Adventure ,Fantasy",5.0,4.0,2018.0
135,Critical Role,2,12,TV Series,8.5,58,9.2,12053,180.0,"Adventure ,Fantasy",29.0,3.0,2018.0
135,Critical Role,2,11,TV Series,8.0,52,9.2,12053,180.0,"Adventure ,Fantasy",22.0,3.0,2018.0
135,Critical Role,2,10,TV Series,7.9,52,9.2,12053,180.0,"Adventure ,Fantasy",15.0,3.0,2018.0
135,Critical Role,2,9,TV Series,8.1,56,9.2,12053,180.0,"Adventure ,Fantasy",8.0,3.0,2018.0
135,Critical Role,1,26,TV Series,8.0,74,9.2,12053,180.0,"Adventure ,Fantasy",1.0,10.0,2015.0
135,Critical Role,1,25,TV Series,7.8,75,9.2,12053,180.0,"Adventure ,Fantasy",24.0,9.0,2015.0
135,Critical Role,1,24,TV Series,7.8,76,9.2,12053,180.0,"Adventure ,Fantasy",17.0,9.0,2015.0
135,Critical Role,1,23,TV Series,8.1,72,9.2,12053,180.0,"Adventure ,Fantasy",10.0,9.0,2015.0
135,Critical Role,1,22,TV Series,7.9,68,9.2,12053,180.0,"Adventure ,Fantasy",27.0,8.0,2015.0
135,Critical Role,1,21,TV Series,7.9,74,9.2,12053,180.0,"Adventure ,Fantasy",20.0,8.0,2015.0
135,Critical Role,1,20,TV Series,7.8,71,9.2,12053,180.0,"Adventure ,Fantasy",13.0,8.0,2015.0
135,Critical Role,1,19,TV Series,8.0,81,9.2,12053,180.0,"Adventure ,Fantasy",6.0,8.0,2015.0
135,Critical Role,1,50,TV Series,8.3,51,9.2,12053,180.0,"Adventure ,Fantasy",21.0,4.0,2016.0
135,Critical Role,1,49,TV Series,8.4,56,9.2,12053,180.0,"Adventure ,Fantasy",14.0,4.0,2016.0
135,Critical Role,1,48,TV Series,8.1,49,9.2,12053,180.0,"Adventure ,Fantasy",7.0,4.0,2016.0
135,Critical Role,2,29,TV Series,8.4,50,9.2,12053,180.0,"Adventure ,Fantasy",3.0,8.0,2018.0
135,Critical Role,2,28,TV Series,8.3,47,9.2,12053,180.0,"Adventure ,Fantasy",26.0,7.0,2018.0
135,Critical Role,2,27,TV Series,8.3,44,9.2,12053,180.0,"Adventure ,Fantasy",19.0,7.0,2018.0
135,Critical Role,2,26,TV Series,8.4,56,9.2,12053,180.0,"Adventure ,Fantasy",12.0,7.0,2018.0
135,Critical Role,2,25,TV Series,8.3,45,9.2,12053,180.0,"Adventure ,Fantasy",28.0,6.0,2018.0
135,Critical Role,1,42,TV Series,7.8,51,9.2,12053,180.0,"Adventure ,Fantasy",11.0,2.0,2016.0
135,Critical Role,1,41,TV Series,8.1,54,9.2,12053,180.0,"Adventure ,Fantasy",4.0,2.0,2016.0
135,Critical Role,1,40,TV Series,8.1,59,9.2,12053,180.0,"Adventure ,Fantasy",28.0,1.0,2016.0
135,Critical Role,1,39,TV Series,8.2,74,9.2,12053,180.0,"Adventure ,Fantasy",21.0,1.0,2016.0
135,Critical Role,1,38,TV Series,8.1,57,9.2,12053,180.0,"Adventure ,Fantasy",14.0,1.0,2016.0
135,Critical Role,1,37,TV Series,7.7,60,9.2,12053,180.0,"Adventure ,Fantasy",7.0,1.0,2016.0
135,Critical Role,1,36,TV Series,8.3,57,9.2,12053,180.0,"Adventure ,Fantasy",17.0,12.0,2015.0
135,Critical Role,1,35,TV Series,8.4,60,9.2,12053,180.0,"Adventure ,Fantasy",10.0,12.0,2015.0
135,Critical Role,2,16,TV Series,8.3,47,9.2,12053,180.0,"Adventure ,Fantasy",26.0,4.0,2018.0
135,Critical Role,2,15,TV Series,8.2,47,9.2,12053,180.0,"Adventure ,Fantasy",19.0,4.0,2018.0
135,Critical Role,2,14,TV Series,8.2,49,9.2,12053,180.0,"Adventure ,Fantasy",12.0,4.0,2018.0
135,Critical Role,2,45,TV Series,8.6,58,9.2,12053,180.0,"Adventure ,Fantasy",13.0,12.0,2018.0
135,Critical Role,2,44,TV Series,8.1,39,9.2,12053,180.0,"Adventure ,Fantasy",6.0,12.0,2018.0
135,Critical Role,2,43,TV Series,8.4,50,9.2,12053,180.0,"Adventure ,Fantasy",29.0,11.0,2018.0
135,Critical Role,2,42,TV Series,8.3,42,9.2,12053,180.0,"Adventure ,Fantasy",15.0,11.0,2018.0
135,Critical Role,2,41,TV Series,7.9,41,9.2,12053,180.0,"Adventure ,Fantasy",8.0,11.0,2018.0
135,Critical Role,2,8,TV Series,8.4,61,9.2,12053,180.0,"Adventure ,Fantasy",1.0,3.0,2018.0
135,Critical Role,2,7,TV Series,8.3,60,9.2,12053,180.0,"Adventure ,Fantasy",22.0,2.0,2018.0
135,Critical Role,2,6,TV Series,8.3,55,9.2,12053,180.0,"Adventure ,Fantasy",15.0,2.0,2018.0
135,Critical Role,2,5,TV Series,8.2,61,9.2,12053,180.0,"Adventure ,Fantasy",8.0,2.0,2018.0
135,Critical Role,2,4,TV Series,8.2,61,9.2,12053,180.0,"Adventure ,Fantasy",1.0,2.0,2018.0
135,Critical Role,2,3,TV Series,8.3,62,9.2,12053,180.0,"Adventure ,Fantasy",25.0,1.0,2018.0
135,Critical Role,2,2,TV Series,8.3,64,9.2,12053,180.0,"Adventure ,Fantasy",18.0,1.0,2018.0
135,Critical Role,2,1,TV Series,8.5,86,9.2,12053,180.0,"Adventure ,Fantasy",11.0,1.0,2018.0
135,Critical Role,2,32,TV Series,8.0,45,9.2,12053,180.0,"Adventure ,Fantasy",23.0,8.0,2018.0
135,Critical Role,2,31,TV Series,8.2,44,9.2,12053,180.0,"Adventure ,Fantasy",16.0,8.0,2018.0
135,Critical Role,2,30,TV Series,8.4,44,9.2,12053,180.0,"Adventure ,Fantasy",9.0,8.0,2018.0
135,Critical Role,3,11,TV Series,8.6,25,9.2,12053,180.0,"Adventure ,Fantasy",20.0,1.0,2022.0
135,Critical Role,3,10,TV Series,8.5,34,9.2,12053,180.0,"Adventure ,Fantasy",13.0,1.0,2022.0
135,Critical Role,3,9,TV Series,8.6,35,9.2,12053,180.0,"Adventure ,Fantasy",6.0,1.0,2022.0
135,Critical Role,3,8,TV Series,8.6,36,9.2,12053,180.0,"Adventure ,Fantasy",16.0,12.0,2021.0
135,Critical Role,3,7,TV Series,8.6,34,9.2,12053,180.0,"Adventure ,Fantasy",9.0,12.0,2021.0
135,Critical Role,2,24,TV Series,8.2,46,9.2,12053,180.0,"Adventure ,Fantasy",21.0,6.0,2018.0
135,Critical Role,2,23,TV Series,8.2,44,9.2,12053,180.0,"Adventure ,Fantasy",14.0,6.0,2018.0
135,Critical Role,2,22,TV Series,8.1,47,9.2,12053,180.0,"Adventure ,Fantasy",7.0,6.0,2018.0
135,Critical Role,2,21,TV Series,8.2,47,9.2,12053,180.0,"Adventure ,Fantasy",31.0,5.0,2018.0
135,Critical Role,2,20,TV Series,8.1,47,9.2,12053,180.0,"Adventure ,Fantasy",24.0,5.0,2018.0
135,Critical Role,2,19,TV Series,8.3,47,9.2,12053,180.0,"Adventure ,Fantasy",17.0,5.0,2018.0
135,Critical Role,2,18,TV Series,8.4,46,9.2,12053,180.0,"Adventure ,Fantasy",10.0,5.0,2018.0
135,Critical Role,2,17,TV Series,8.6,50,9.2,12053,180.0,"Adventure ,Fantasy",3.0,5.0,2018.0
135,Critical Role,2,48,TV Series,8.4,41,9.2,12053,180.0,"Adventure ,Fantasy",17.0,1.0,2019.0
135,Critical Role,2,47,TV Series,8.1,38,9.2,12053,180.0,"Adventure ,Fantasy",10.0,1.0,2019.0
135,Critical Role,2,46,TV Series,7.9,44,9.2,12053,180.0,"Adventure ,Fantasy",20.0,12.0,2018.0
135,Critical Role,3,27,TV Series,7.7,26,9.2,12053,180.0,"Adventure ,Fantasy",14.0,7.0,2022.0
135,Critical Role,3,26,TV Series,8.0,27,9.2,12053,180.0,"Adventure ,Fantasy",7.0,7.0,2022.0
135,Critical Role,3,25,TV Series,8.2,25,9.2,12053,180.0,"Adventure ,Fantasy",30.0,6.0,2022.0
135,Critical Role,3,24,TV Series,8.2,26,9.2,12053,180.0,"Adventure ,Fantasy",19.0,5.0,2022.0
135,Critical Role,3,23,TV Series,8.5,25,9.2,12053,180.0,"Adventure ,Fantasy",12.0,5.0,2022.0
135,Critical Role,2,40,TV Series,8.1,44,9.2,12053,180.0,"Adventure ,Fantasy",1.0,11.0,2018.0
135,Critical Role,2,39,TV Series,8.1,45,9.2,12053,180.0,"Adventure ,Fantasy",18.0,10.0,2018.0
135,Critical Role,2,38,TV Series,8.3,42,9.2,12053,180.0,"Adventure ,Fantasy",11.0,10.0,2018.0
135,Critical Role,2,37,TV Series,8.2,49,9.2,12053,180.0,"Adventure ,Fantasy",4.0,10.0,2018.0
135,Critical Role,2,36,TV Series,8.1,46,9.2,12053,180.0,"Adventure ,Fantasy",27.0,9.0,2018.0
135,Critical Role,2,35,TV Series,8.2,50,9.2,12053,180.0,"Adventure ,Fantasy",20.0,9.0,2018.0
135,Critical Role,2,34,TV Series,8.1,45,9.2,12053,180.0,"Adventure ,Fantasy",13.0,9.0,2018.0
135,Critical Role,2,33,TV Series,8.2,55,9.2,12053,180.0,"Adventure ,Fantasy",6.0,9.0,2018.0
135,Critical Role,3,14,TV Series,8.8,25,9.2,12053,180.0,"Adventure ,Fantasy",17.0,2.0,2022.0
135,Critical Role,3,13,TV Series,8.6,25,9.2,12053,180.0,"Adventure ,Fantasy",10.0,2.0,2022.0
135,Critical Role,3,12,TV Series,7.7,25,9.2,12053,180.0,"Adventure ,Fantasy",3.0,2.0,2022.0
135,Critical Role,3,43,TV Series,8.0,16,9.2,12053,180.0,"Adventure ,Fantasy",22.0,12.0,2022.0
135,Critical Role,3,42,TV Series,8.6,15,9.2,12053,180.0,"Adventure ,Fantasy",15.0,12.0,2022.0
135,Critical Role,3,41,TV Series,7.9,17,9.2,12053,180.0,"Adventure ,Fantasy",8.0,12.0,2022.0
135,Critical Role,3,40,TV Series,7.7,14,9.2,12053,180.0,"Adventure ,Fantasy",10.0,11.0,2022.0
135,Critical Role,3,39,TV Series,7.6,12,9.2,12053,180.0,"Adventure ,Fantasy",3.0,11.0,2022.0
135,Critical Role,3,6,TV Series,8.4,37,9.2,12053,180.0,"Adventure ,Fantasy",2.0,12.0,2021.0
135,Critical Role,3,5,TV Series,8.3,38,9.2,12053,180.0,"Adventure ,Fantasy",18.0,11.0,2021.0
135,Critical Role,3,4,TV Series,7.9,36,9.2,12053,180.0,"Adventure ,Fantasy",11.0,11.0,2021.0
135,Critical Role,3,3,TV Series,8.7,45,9.2,12053,180.0,"Adventure ,Fantasy",4.0,11.0,2021.0
135,Critical Role,3,2,TV Series,8.0,41,9.2,12053,180.0,"Adventure ,Fantasy",28.0,10.0,2021.0
135,Critical Role,3,1,TV Series,8.8,54,9.2,12053,180.0,"Adventure ,Fantasy",21.0,10.0,2021.0
135,Critical Role,2,50,TV Series,8.1,37,9.2,12053,180.0,"Adventure ,Fantasy",31.0,1.0,2019.0
135,Critical Role,2,49,TV Series,8.3,37,9.2,12053,180.0,"Adventure ,Fantasy",24.0,1.0,2019.0
135,Critical Role,3,30,TV Series,8.2,22,9.2,12053,180.0,"Adventure ,Fantasy",11.0,8.0,2022.0
135,Critical Role,3,29,TV Series,8.2,24,9.2,12053,180.0,"Adventure ,Fantasy",4.0,8.0,2022.0
135,Critical Role,3,28,TV Series,8.8,28,9.2,12053,180.0,"Adventure ,Fantasy",21.0,7.0,2022.0
135,Critical Role,3,18,TV Series,8.0,24,9.2,12053,180.0,"Adventure ,Fantasy",24.0,3.0,2022.0
135,Critical Role,3,19,TV Series,7.6,23,9.2,12053,180.0,"Adventure ,Fantasy",7.0,4.0,2022.0
135,Critical Role,3,20,TV Series,8.7,24,9.2,12053,180.0,"Adventure ,Fantasy",14.0,4.0,2022.0
135,Critical Role,3,21,TV Series,8.5,24,9.2,12053,180.0,"Adventure ,Fantasy",21.0,4.0,2022.0
135,Critical Role,3,22,TV Series,8.0,24,9.2,12053,180.0,"Adventure ,Fantasy",5.0,5.0,2022.0
135,Critical Role,3,16,TV Series,8.6,23,9.2,12053,180.0,"Adventure ,Fantasy",10.0,3.0,2022.0
135,Critical Role,3,17,TV Series,8.4,23,9.2,12053,180.0,"Adventure ,Fantasy",17.0,3.0,2022.0
135,Critical Role,3,15,TV Series,8.1,23,9.2,12053,180.0,"Adventure ,Fantasy",3.0,3.0,2022.0
135,Critical Role,3,35,TV Series,8.3,21,9.2,12053,180.0,"Adventure ,Fantasy",22.0,9.0,2022.0
135,Critical Role,3,34,TV Series,9.2,48,9.2,12053,180.0,"Adventure ,Fantasy",15.0,9.0,2022.0
135,Critical Role,3,44,TV Series,8.5,17,9.2,12053,180.0,"Adventure ,Fantasy",5.0,1.0,2023.0
135,Critical Role,3,45,TV Series,8.4,15,9.2,12053,180.0,"Adventure ,Fantasy",12.0,1.0,2023.0
135,Critical Role,3,46,TV Series,8.0,13,9.2,12053,180.0,"Adventure ,Fantasy",26.0,1.0,2023.0
135,Critical Role,3,32,TV Series,8.5,25,9.2,12053,180.0,"Adventure ,Fantasy",1.0,9.0,2022.0
135,Critical Role,3,33,TV Series,9.8,90,9.2,12053,180.0,"Adventure ,Fantasy",8.0,9.0,2022.0
135,Critical Role,3,31,TV Series,8.6,23,9.2,12053,180.0,"Adventure ,Fantasy",18.0,8.0,2022.0
135,Critical Role,3,38,TV Series,8.2,20,9.2,12053,180.0,"Adventure ,Fantasy",20.0,10.0,2022.0
135,Critical Role,3,37,TV Series,8.9,23,9.2,12053,180.0,"Adventure ,Fantasy",13.0,10.0,2022.0
135,Critical Role,3,36,TV Series,8.4,21,9.2,12053,180.0,"Adventure ,Fantasy",6.0,10.0,2022.0
135,Critical Role,1,30,TV Series,8.0,73,9.2,12053,180.0,"Adventure ,Fantasy",29.0,10.0,2015.0
135,Critical Role,1,31,TV Series,7.9,71,9.2,12053,180.0,"Adventure ,Fantasy",5.0,11.0,2015.0
135,Critical Role,1,1,TV Series,8.4,119,9.2,12053,180.0,"Adventure ,Fantasy",12.0,3.0,2015.0
135,Critical Role,1,2,TV Series,7.9,101,9.2,12053,180.0,"Adventure ,Fantasy",19.0,3.0,2015.0
135,Critical Role,1,7,TV Series,7.9,85,9.2,12053,180.0,"Adventure ,Fantasy",23.0,4.0,2015.0
135,Critical Role,1,8,TV Series,7.8,81,9.2,12053,180.0,"Adventure ,Fantasy",30.0,4.0,2015.0
135,Critical Role,3,47,TV Series,7.6,14,9.2,12053,180.0,"Adventure ,Fantasy",2.0,2.0,2023.0
135,Critical Role,3,48,TV Series,8.0,8,9.2,12053,180.0,"Adventure ,Fantasy",9.0,2.0,2023.0
135,Critical Role,3,49,TV Series,7.6,13,9.2,12053,180.0,"Adventure ,Fantasy",16.0,2.0,2023.0
135,Critical Role,3,50,TV Series,7.9,15,9.2,12053,180.0,"Adventure ,Fantasy",2.0,3.0,2023.0
135,Critical Role,1,12,TV Series,7.8,63,9.2,12053,180.0,"Adventure ,Fantasy",28.0,5.0,2015.0
135,Critical Role,1,11,TV Series,8.1,81,9.2,12053,180.0,"Adventure ,Fantasy",21.0,5.0,2015.0
135,Critical Role,1,6,TV Series,8.0,88,9.2,12053,180.0,"Adventure ,Fantasy",16.0,4.0,2015.0
135,Critical Role,1,5,TV Series,7.8,87,9.2,12053,180.0,"Adventure ,Fantasy",9.0,4.0,2015.0
135,Critical Role,1,4,TV Series,7.9,88,9.2,12053,180.0,"Adventure ,Fantasy",2.0,4.0,2015.0
135,Critical Role,1,3,TV Series,8.0,97,9.2,12053,180.0,"Adventure ,Fantasy",26.0,3.0,2015.0
135,Critical Role,1,18,TV Series,7.9,79,9.2,12053,180.0,"Adventure ,Fantasy",30.0,7.0,2015.0
135,Critical Role,1,17,TV Series,7.8,77,9.2,12053,180.0,"Adventure ,Fantasy",23.0,7.0,2015.0
135,Critical Role,1,10,TV Series,8.0,77,9.2,12053,180.0,"Adventure ,Fantasy",14.0,5.0,2015.0
135,Critical Role,1,9,TV Series,8.0,78,9.2,12053,180.0,"Adventure ,Fantasy",7.0,5.0,2015.0
135,Critical Role,1,29,TV Series,7.8,71,9.2,12053,180.0,"Adventure ,Fantasy",22.0,10.0,2015.0
135,Critical Role,1,28,TV Series,7.9,72,9.2,12053,180.0,"Adventure ,Fantasy",15.0,10.0,2015.0
135,Critical Role,1,27,TV Series,7.3,69,9.2,12053,180.0,"Adventure ,Fantasy",8.0,10.0,2015.0
135,Critical Role,1,15,TV Series,7.9,71,9.2,12053,180.0,"Adventure ,Fantasy",25.0,6.0,2015.0
135,Critical Role,1,14,TV Series,7.9,77,9.2,12053,180.0,"Adventure ,Fantasy",11.0,6.0,2015.0
135,Critical Role,1,13,TV Series,8.1,76,9.2,12053,180.0,"Adventure ,Fantasy",4.0,6.0,2015.0
135,Critical Role,1,45,TV Series,8.0,53,9.2,12053,180.0,"Adventure ,Fantasy",17.0,3.0,2016.0
135,Critical Role,1,46,TV Series,8.3,52,9.2,12053,180.0,"Adventure ,Fantasy",24.0,3.0,2016.0
135,Critical Role,1,43,TV Series,8.2,51,9.2,12053,180.0,"Adventure ,Fantasy",18.0,2.0,2016.0
135,Critical Role,1,44,TV Series,8.2,63,9.2,12053,180.0,"Adventure ,Fantasy",10.0,3.0,2016.0
135,Critical Role,1,47,TV Series,8.1,52,9.2,12053,180.0,"Adventure ,Fantasy",31.0,3.0,2016.0
135,Critical Role,1,16,TV Series,8.0,69,9.2,12053,180.0,"Adventure ,Fantasy",2.0,7.0,2015.0
136,Code Geass,1,24,TV Series,8.6,1044,8.7,78841,24.0,"Animation ,Action ,Drama",28.0,7.0,2007.0
136,Code Geass,1,23,TV Series,9.1,1244,8.7,78841,24.0,"Animation ,Action ,Drama",29.0,3.0,2007.0
136,Code Geass,1,9,TV Series,7.6,999,8.7,78841,24.0,"Animation ,Action ,Drama",7.0,12.0,2006.0
136,Code Geass,1,5,TV Series,7.6,1039,8.7,78841,24.0,"Animation ,Action ,Drama",2.0,11.0,2006.0
136,Code Geass,1,22,TV Series,9.4,2167,8.7,78841,24.0,"Animation ,Action ,Drama",22.0,3.0,2007.0
136,Code Geass,1,25,TV Series,9.2,1655,8.7,78841,24.0,"Animation ,Action ,Drama",28.0,7.0,2007.0
136,Code Geass,1,21,TV Series,7.5,947,8.7,78841,24.0,"Animation ,Action ,Drama",15.0,3.0,2007.0
136,Code Geass,1,6,TV Series,7.1,1052,8.7,78841,24.0,"Animation ,Action ,Drama",9.0,11.0,2006.0
136,Code Geass,1,7,TV Series,8.0,1017,8.7,78841,24.0,"Animation ,Action ,Drama",16.0,11.0,2006.0
136,Code Geass,1,8,TV Series,8.3,1068,8.7,78841,24.0,"Animation ,Action ,Drama",23.0,11.0,2006.0
136,Code Geass,Unknown,Unknown,TV Series,7.5,195,8.7,78841,24.0,"Animation ,Action ,Drama",1.0,12.0,2006.0
136,Code Geass,2,25,TV Series,9.8,10102,8.7,78841,24.0,"Animation ,Action ,Drama",28.0,9.0,2008.0
136,Code Geass,Unknown,Unknown,TV Series,7.4,180,8.7,78841,24.0,"Animation ,Action ,Drama",15.0,2.0,2007.0
136,Code Geass,2,7,TV Series,8.2,840,8.7,78841,24.0,"Animation ,Action ,Drama",18.0,5.0,2008.0
136,Code Geass,1,12,TV Series,8.1,998,8.7,78841,24.0,"Animation ,Action ,Drama",4.0,1.0,2007.0
136,Code Geass,1,11,TV Series,8.4,1038,8.7,78841,24.0,"Animation ,Action ,Drama",21.0,12.0,2006.0
136,Code Geass,1,10,TV Series,8.0,991,8.7,78841,24.0,"Animation ,Action ,Drama",14.0,12.0,2006.0
136,Code Geass,2,16,TV Series,8.5,872,8.7,78841,24.0,"Animation ,Action ,Drama",27.0,7.0,2008.0
136,Code Geass,2,12,TV Series,7.2,861,8.7,78841,24.0,"Animation ,Action ,Drama",29.0,6.0,2008.0
136,Code Geass,2,13,TV Series,9.2,1306,8.7,78841,24.0,"Animation ,Action ,Drama",6.0,7.0,2008.0
136,Code Geass,2,14,TV Series,8.8,917,8.7,78841,24.0,"Animation ,Action ,Drama",13.0,7.0,2008.0
136,Code Geass,2,15,TV Series,8.9,997,8.7,78841,24.0,"Animation ,Action ,Drama",20.0,7.0,2008.0
136,Code Geass,1,1,TV Series,7.6,1388,8.7,78841,24.0,"Animation ,Action ,Drama",5.0,10.0,2006.0
136,Code Geass,1,2,TV Series,7.9,1210,8.7,78841,24.0,"Animation ,Action ,Drama",12.0,10.0,2006.0
136,Code Geass,1,3,TV Series,7.6,1108,8.7,78841,24.0,"Animation ,Action ,Drama",19.0,10.0,2006.0
136,Code Geass,1,4,TV Series,8.1,1137,8.7,78841,24.0,"Animation ,Action ,Drama",26.0,10.0,2006.0
136,Code Geass,2,3,TV Series,8.0,828,8.7,78841,24.0,"Animation ,Action ,Drama",20.0,4.0,2008.0
136,Code Geass,2,2,TV Series,8.1,861,8.7,78841,24.0,"Animation ,Action ,Drama",13.0,4.0,2008.0
136,Code Geass,2,1,TV Series,7.8,924,8.7,78841,24.0,"Animation ,Action ,Drama",5.0,4.0,2008.0
136,Code Geass,Unknown,Unknown,TV Series,6.6,135,8.7,78841,24.0,"Animation ,Action ,Drama",23.0,4.0,2010.0
136,Code Geass,Unknown,Unknown,TV Series,5.4,311,8.7,78841,24.0,"Animation ,Action ,Drama",27.0,7.0,2012.0
136,Code Geass,1,18,TV Series,8.1,950,8.7,78841,24.0,"Animation ,Action ,Drama",22.0,2.0,2007.0
136,Code Geass,1,19,TV Series,7.8,939,8.7,78841,24.0,"Animation ,Action ,Drama",1.0,3.0,2007.0
136,Code Geass,1,20,TV Series,7.8,927,8.7,78841,24.0,"Animation ,Action ,Drama",8.0,3.0,2007.0
136,Code Geass,1,16,TV Series,7.9,991,8.7,78841,24.0,"Animation ,Action ,Drama",1.0,2.0,2007.0
136,Code Geass,1,15,TV Series,8.2,973,8.7,78841,24.0,"Animation ,Action ,Drama",25.0,1.0,2007.0
136,Code Geass,1,14,TV Series,8.3,1073,8.7,78841,24.0,"Animation ,Action ,Drama",18.0,1.0,2007.0
136,Code Geass,1,17,TV Series,8.2,953,8.7,78841,24.0,"Animation ,Action ,Drama",8.0,2.0,2007.0
136,Code Geass,1,13,TV Series,8.3,992,8.7,78841,24.0,"Animation ,Action ,Drama",11.0,1.0,2007.0
136,Code Geass,2,17,TV Series,8.6,890,8.7,78841,24.0,"Animation ,Action ,Drama",3.0,8.0,2008.0
136,Code Geass,2,18,TV Series,9.2,1148,8.7,78841,24.0,"Animation ,Action ,Drama",10.0,8.0,2008.0
136,Code Geass,2,19,TV Series,9.4,1534,8.7,78841,24.0,"Animation ,Action ,Drama",17.0,8.0,2008.0
136,Code Geass,2,20,TV Series,8.7,932,8.7,78841,24.0,"Animation ,Action ,Drama",24.0,8.0,2008.0
136,Code Geass,2,21,TV Series,9.2,1289,8.7,78841,24.0,"Animation ,Action ,Drama",31.0,8.0,2008.0
136,Code Geass,2,22,TV Series,8.9,1039,8.7,78841,24.0,"Animation ,Action ,Drama",7.0,9.0,2008.0
136,Code Geass,2,23,TV Series,8.9,1075,8.7,78841,24.0,"Animation ,Action ,Drama",14.0,9.0,2008.0
136,Code Geass,2,24,TV Series,9.2,1278,8.7,78841,24.0,"Animation ,Action ,Drama",21.0,9.0,2008.0
136,Code Geass,2,4,TV Series,8.3,856,8.7,78841,24.0,"Animation ,Action ,Drama",27.0,4.0,2008.0
136,Code Geass,2,6,TV Series,8.6,879,8.7,78841,24.0,"Animation ,Action ,Drama",11.0,5.0,2008.0
136,Code Geass,2,5,TV Series,7.8,823,8.7,78841,24.0,"Animation ,Action ,Drama",4.0,5.0,2008.0
136,Code Geass,2,11,TV Series,8.0,812,8.7,78841,24.0,"Animation ,Action ,Drama",22.0,6.0,2008.0
136,Code Geass,2,10,TV Series,8.0,814,8.7,78841,24.0,"Animation ,Action ,Drama",15.0,6.0,2008.0
136,Code Geass,2,9,TV Series,8.0,818,8.7,78841,24.0,"Animation ,Action ,Drama",8.0,6.0,2008.0
136,Code Geass,2,8,TV Series,8.7,958,8.7,78841,24.0,"Animation ,Action ,Drama",25.0,5.0,2008.0
137,Primal,2,8,TV Series,8.8,731,8.7,19910,22.0,"Animation ,Action ,Adventure",2.0,9.0,2022.0
137,Primal,1,2,TV Series,8.1,1466,8.7,19910,22.0,"Animation ,Action ,Adventure",8.0,10.0,2019.0
137,Primal,1,3,TV Series,8.6,1419,8.7,19910,22.0,"Animation ,Action ,Adventure",9.0,10.0,2019.0
137,Primal,1,1,TV Series,8.9,1859,8.7,19910,22.0,"Animation ,Action ,Adventure",7.0,10.0,2019.0
137,Primal,2,10,TV Series,8.1,848,8.7,19910,22.0,"Animation ,Action ,Adventure",16.0,9.0,2022.0
137,Primal,2,4,TV Series,9.3,1022,8.7,19910,22.0,"Animation ,Action ,Adventure",5.0,8.0,2022.0
137,Primal,1,10,TV Series,9.1,1094,8.7,19910,22.0,"Animation ,Action ,Adventure",1.0,11.0,2020.0
137,Primal,2,1,TV Series,8.5,835,8.7,19910,22.0,"Animation ,Action ,Adventure",22.0,7.0,2022.0
137,Primal,1,7,TV Series,8.7,1243,8.7,19910,22.0,"Animation ,Action ,Adventure",11.0,10.0,2020.0
137,Primal,1,6,TV Series,8.7,1107,8.7,19910,22.0,"Animation ,Action ,Adventure",4.0,10.0,2020.0
137,Primal,1,4,TV Series,8.8,1373,8.7,19910,22.0,"Animation ,Action ,Adventure",10.0,10.0,2019.0
137,Primal,1,5,TV Series,9.2,1488,8.7,19910,22.0,"Animation ,Action ,Adventure",11.0,10.0,2019.0
137,Primal,2,9,TV Series,9.0,720,8.7,19910,22.0,"Animation ,Action ,Adventure",9.0,9.0,2022.0
137,Primal,2,6,TV Series,8.7,767,8.7,19910,22.0,"Animation ,Action ,Adventure",19.0,8.0,2022.0
137,Primal,2,7,TV Series,8.7,723,8.7,19910,22.0,"Animation ,Action ,Adventure",26.0,8.0,2022.0
137,Primal,2,5,TV Series,8.0,992,8.7,19910,22.0,"Animation ,Action ,Adventure",12.0,8.0,2022.0
137,Primal,2,2,TV Series,9.1,915,8.7,19910,22.0,"Animation ,Action ,Adventure",22.0,7.0,2022.0
137,Primal,1,9,TV Series,8.1,1015,8.7,19910,22.0,"Animation ,Action ,Adventure",25.0,10.0,2020.0
137,Primal,3,1,TV Series,7.3,0,8.7,19910,22.0,"Animation ,Action ,Adventure",35.0,15.0,2050.0
137,Primal,2,3,TV Series,8.2,759,8.7,19910,22.0,"Animation ,Action ,Adventure",29.0,7.0,2022.0
137,Primal,1,8,TV Series,9.0,1215,8.7,19910,22.0,"Animation ,Action ,Adventure",18.0,10.0,2020.0
138,It's a Sin,1,2,TV Mini Series,8.5,1382,8.7,36401,239.0,"Comedy ,Drama ,History",18.0,2.0,2021.0
138,It's a Sin,1,5,TV Mini Series,9.2,1560,8.7,36401,239.0,"Comedy ,Drama ,History",18.0,2.0,2021.0
138,It's a Sin,1,3,TV Mini Series,9.1,1516,8.7,36401,239.0,"Comedy ,Drama ,History",18.0,2.0,2021.0
138,It's a Sin,1,1,TV Mini Series,8.3,1551,8.7,36401,239.0,"Comedy ,Drama ,History",18.0,2.0,2021.0
138,It's a Sin,1,4,TV Mini Series,8.8,1325,8.7,36401,239.0,"Comedy ,Drama ,History",18.0,2.0,2021.0
139,The Jinx: The Life and Deaths of Robert Durst,1,5,TV Series,8.6,952,8.6,50752,279.0,"Documentary ,Biography ,Crime",8.0,3.0,2015.0
139,The Jinx: The Life and Deaths of Robert Durst,2,3,TV Series,7.7,0,8.6,50752,279.0,"Documentary ,Biography ,Crime",35.0,15.0,2024.0
139,The Jinx: The Life and Deaths of Robert Durst,2,2,TV Series,7.7,0,8.6,50752,279.0,"Documentary ,Biography ,Crime",35.0,15.0,2024.0
139,The Jinx: The Life and Deaths of Robert Durst,2,1,TV Series,7.7,0,8.6,50752,279.0,"Documentary ,Biography ,Crime",35.0,15.0,2024.0
139,The Jinx: The Life and Deaths of Robert Durst,1,6,TV Series,9.4,1270,8.6,50752,279.0,"Documentary ,Biography ,Crime",15.0,3.0,2015.0
139,The Jinx: The Life and Deaths of Robert Durst,1,3,TV Series,8.1,944,8.6,50752,279.0,"Documentary ,Biography ,Crime",22.0,2.0,2015.0
139,The Jinx: The Life and Deaths of Robert Durst,2,5,TV Series,7.7,0,8.6,50752,279.0,"Documentary ,Biography ,Crime",35.0,15.0,2024.0
139,The Jinx: The Life and Deaths of Robert Durst,2,6,TV Series,7.7,0,8.6,50752,279.0,"Documentary ,Biography ,Crime",35.0,15.0,2024.0
139,The Jinx: The Life and Deaths of Robert Durst,2,4,TV Series,7.7,0,8.6,50752,279.0,"Documentary ,Biography ,Crime",35.0,15.0,2024.0
139,The Jinx: The Life and Deaths of Robert Durst,1,4,TV Series,8.6,947,8.6,50752,279.0,"Documentary ,Biography ,Crime",1.0,3.0,2015.0
139,The Jinx: The Life and Deaths of Robert Durst,1,1,TV Series,8.2,1081,8.6,50752,279.0,"Documentary ,Biography ,Crime",8.0,2.0,2015.0
139,The Jinx: The Life and Deaths of Robert Durst,1,2,TV Series,8.1,967,8.6,50752,279.0,"Documentary ,Biography ,Crime",15.0,2.0,2015.0
140,Adventure Time,1,1,TV Series,7.4,3060,8.6,110369,11.0,"Animation ,Action ,Adventure",5.0,4.0,2010.0
140,Adventure Time,2,6,TV Series,6.6,1910,8.6,110369,11.0,"Animation ,Action ,Adventure",15.0,11.0,2010.0
140,Adventure Time,2,5,TV Series,7.5,1859,8.6,110369,11.0,"Animation ,Action ,Adventure",8.0,11.0,2010.0
140,Adventure Time,2,4,TV Series,7.4,1838,8.6,110369,11.0,"Animation ,Action ,Adventure",1.0,11.0,2010.0
140,Adventure Time,2,3,TV Series,7.3,1881,8.6,110369,11.0,"Animation ,Action ,Adventure",25.0,10.0,2010.0
140,Adventure Time,3,8,TV Series,7.5,1702,8.6,110369,11.0,"Animation ,Action ,Adventure",29.0,8.0,2011.0
140,Adventure Time,3,7,TV Series,7.5,1688,8.6,110369,11.0,"Animation ,Action ,Adventure",22.0,8.0,2011.0
140,Adventure Time,3,6,TV Series,7.1,1718,8.6,110369,11.0,"Animation ,Action ,Adventure",15.0,8.0,2011.0
140,Adventure Time,3,5,TV Series,8.5,1984,8.6,110369,11.0,"Animation ,Action ,Adventure",8.0,8.0,2011.0
140,Adventure Time,3,4,TV Series,8.0,1805,8.6,110369,11.0,"Animation ,Action ,Adventure",1.0,8.0,2011.0
140,Adventure Time,1,23,TV Series,8.1,2068,8.6,110369,11.0,"Animation ,Action ,Adventure",6.0,9.0,2010.0
140,Adventure Time,1,22,TV Series,7.9,2027,8.6,110369,11.0,"Animation ,Action ,Adventure",23.0,8.0,2010.0
140,Adventure Time,1,21,TV Series,7.1,1947,8.6,110369,11.0,"Animation ,Action ,Adventure",9.0,8.0,2010.0
140,Adventure Time,1,20,TV Series,7.2,2016,8.6,110369,11.0,"Animation ,Action ,Adventure",26.0,7.0,2010.0
140,Adventure Time,1,19,TV Series,7.4,1959,8.6,110369,11.0,"Animation ,Action ,Adventure",19.0,7.0,2010.0
140,Adventure Time,1,8,TV Series,7.5,2260,8.6,110369,11.0,"Animation ,Action ,Adventure",26.0,4.0,2010.0
140,Adventure Time,1,9,TV Series,7.6,2183,8.6,110369,11.0,"Animation ,Action ,Adventure",3.0,5.0,2010.0
140,Adventure Time,1,0,TV Series,6.7,1216,8.6,110369,11.0,"Animation ,Action ,Adventure",5.0,4.0,2010.0
140,Adventure Time,2,2,TV Series,7.8,1985,8.6,110369,11.0,"Animation ,Action ,Adventure",18.0,10.0,2010.0
140,Adventure Time,2,1,TV Series,8.8,2252,8.6,110369,11.0,"Animation ,Action ,Adventure",11.0,10.0,2010.0
140,Adventure Time,1,26,TV Series,7.2,1942,8.6,110369,11.0,"Animation ,Action ,Adventure",27.0,9.0,2010.0
140,Adventure Time,1,25,TV Series,7.6,1970,8.6,110369,11.0,"Animation ,Action ,Adventure",20.0,9.0,2010.0
140,Adventure Time,1,24,TV Series,7.5,1935,8.6,110369,11.0,"Animation ,Action ,Adventure",13.0,9.0,2010.0
140,Adventure Time,1,6,TV Series,7.0,2350,8.6,110369,11.0,"Animation ,Action ,Adventure",19.0,4.0,2010.0
140,Adventure Time,1,5,TV Series,7.8,2490,8.6,110369,11.0,"Animation ,Action ,Adventure",19.0,4.0,2010.0
140,Adventure Time,1,4,TV Series,7.4,2472,8.6,110369,11.0,"Animation ,Action ,Adventure",12.0,4.0,2010.0
140,Adventure Time,1,3,TV Series,7.2,2557,8.6,110369,11.0,"Animation ,Action ,Adventure",12.0,4.0,2010.0
140,Adventure Time,1,18,TV Series,8.1,2101,8.6,110369,11.0,"Animation ,Action ,Adventure",12.0,7.0,2010.0
140,Adventure Time,2,7,TV Series,7.6,1802,8.6,110369,11.0,"Animation ,Action ,Adventure",22.0,11.0,2010.0
140,Adventure Time,1,12,TV Series,8.2,2282,8.6,110369,11.0,"Animation ,Action ,Adventure",17.0,5.0,2010.0
140,Adventure Time,1,11,TV Series,8.0,2242,8.6,110369,11.0,"Animation ,Action ,Adventure",10.0,5.0,2010.0
140,Adventure Time,1,10,TV Series,7.7,2216,8.6,110369,11.0,"Animation ,Action ,Adventure",3.0,5.0,2010.0
140,Adventure Time,2,23,TV Series,7.7,1732,8.6,110369,11.0,"Animation ,Action ,Adventure",18.0,4.0,2011.0
140,Adventure Time,2,22,TV Series,8.2,1823,8.6,110369,11.0,"Animation ,Action ,Adventure",11.0,4.0,2011.0
140,Adventure Time,2,21,TV Series,7.6,1795,8.6,110369,11.0,"Animation ,Action ,Adventure",4.0,4.0,2011.0
140,Adventure Time,2,20,TV Series,8.0,1772,8.6,110369,11.0,"Animation ,Action ,Adventure",28.0,3.0,2011.0
140,Adventure Time,2,19,TV Series,8.4,1889,8.6,110369,11.0,"Animation ,Action ,Adventure",14.0,3.0,2011.0
140,Adventure Time,3,25,TV Series,8.3,1762,8.6,110369,11.0,"Animation ,Action ,Adventure",6.0,2.0,2012.0
140,Adventure Time,3,24,TV Series,7.5,1623,8.6,110369,11.0,"Animation ,Action ,Adventure",30.0,1.0,2012.0
140,Adventure Time,3,23,TV Series,7.4,1678,8.6,110369,11.0,"Animation ,Action ,Adventure",23.0,1.0,2012.0
140,Adventure Time,3,22,TV Series,7.0,1645,8.6,110369,11.0,"Animation ,Action ,Adventure",16.0,1.0,2012.0
140,Adventure Time,3,21,TV Series,8.4,1866,8.6,110369,11.0,"Animation ,Action ,Adventure",12.0,12.0,2011.0
140,Adventure Time,2,13,TV Series,7.4,1719,8.6,110369,11.0,"Animation ,Action ,Adventure",31.0,1.0,2011.0
140,Adventure Time,2,12,TV Series,7.6,1780,8.6,110369,11.0,"Animation ,Action ,Adventure",24.0,1.0,2011.0
140,Adventure Time,2,11,TV Series,7.6,1774,8.6,110369,11.0,"Animation ,Action ,Adventure",17.0,1.0,2011.0
140,Adventure Time,2,10,TV Series,7.7,1817,8.6,110369,11.0,"Animation ,Action ,Adventure",10.0,1.0,2011.0
140,Adventure Time,2,9,TV Series,8.0,1878,8.6,110369,11.0,"Animation ,Action ,Adventure",3.0,1.0,2011.0
140,Adventure Time,2,8,TV Series,7.3,1785,8.6,110369,11.0,"Animation ,Action ,Adventure",29.0,11.0,2010.0
140,Adventure Time,3,13,TV Series,8.1,1723,8.6,110369,11.0,"Animation ,Action ,Adventure",24.0,10.0,2011.0
140,Adventure Time,3,12,TV Series,8.3,1805,8.6,110369,11.0,"Animation ,Action ,Adventure",17.0,10.0,2011.0
140,Adventure Time,3,11,TV Series,6.7,1715,8.6,110369,11.0,"Animation ,Action ,Adventure",3.0,10.0,2011.0
140,Adventure Time,3,10,TV Series,8.9,2280,8.6,110369,11.0,"Animation ,Action ,Adventure",26.0,9.0,2011.0
140,Adventure Time,3,9,TV Series,8.4,2115,8.6,110369,11.0,"Animation ,Action ,Adventure",5.0,9.0,2011.0
140,Adventure Time,4,15,TV Series,8.2,1697,8.6,110369,11.0,"Animation ,Action ,Adventure",23.0,7.0,2012.0
140,Adventure Time,4,14,TV Series,8.5,1875,8.6,110369,11.0,"Animation ,Action ,Adventure",16.0,7.0,2012.0
140,Adventure Time,4,13,TV Series,8.7,1938,8.6,110369,11.0,"Animation ,Action ,Adventure",25.0,6.0,2012.0
140,Adventure Time,4,12,TV Series,6.9,1618,8.6,110369,11.0,"Animation ,Action ,Adventure",18.0,6.0,2012.0
140,Adventure Time,4,11,TV Series,7.7,1602,8.6,110369,11.0,"Animation ,Action ,Adventure",11.0,6.0,2012.0
140,Adventure Time,3,3,TV Series,8.8,2009,8.6,110369,11.0,"Animation ,Action ,Adventure",25.0,7.0,2011.0
140,Adventure Time,3,2,TV Series,7.6,1724,8.6,110369,11.0,"Animation ,Action ,Adventure",18.0,7.0,2011.0
140,Adventure Time,3,1,TV Series,7.4,1738,8.6,110369,11.0,"Animation ,Action ,Adventure",11.0,7.0,2011.0
140,Adventure Time,2,26,TV Series,7.4,1858,8.6,110369,11.0,"Animation ,Action ,Adventure",9.0,5.0,2011.0
140,Adventure Time,2,25,TV Series,8.8,1933,8.6,110369,11.0,"Animation ,Action ,Adventure",2.0,5.0,2011.0
140,Adventure Time,2,24,TV Series,8.8,1988,8.6,110369,11.0,"Animation ,Action ,Adventure",2.0,5.0,2011.0
140,Adventure Time,4,4,TV Series,6.0,1778,8.6,110369,11.0,"Animation ,Action ,Adventure",23.0,4.0,2012.0
140,Adventure Time,4,3,TV Series,6.6,1691,8.6,110369,11.0,"Animation ,Action ,Adventure",16.0,4.0,2012.0
140,Adventure Time,4,2,TV Series,7.7,1699,8.6,110369,11.0,"Animation ,Action ,Adventure",9.0,4.0,2012.0
140,Adventure Time,4,1,TV Series,8.1,1811,8.6,110369,11.0,"Animation ,Action ,Adventure",2.0,4.0,2012.0
140,Adventure Time,3,26,TV Series,8.3,1797,8.6,110369,11.0,"Animation ,Action ,Adventure",13.0,2.0,2012.0
140,Adventure Time,5,5,TV Series,8.5,1759,8.6,110369,11.0,"Animation ,Action ,Adventure",3.0,12.0,2012.0
140,Adventure Time,5,4,TV Series,7.6,1661,8.6,110369,11.0,"Animation ,Action ,Adventure",26.0,11.0,2012.0
140,Adventure Time,5,3,TV Series,7.4,1603,8.6,110369,11.0,"Animation ,Action ,Adventure",19.0,11.0,2012.0
140,Adventure Time,5,2,TV Series,9.4,2279,8.6,110369,11.0,"Animation ,Action ,Adventure",12.0,11.0,2012.0
140,Adventure Time,5,1,TV Series,9.0,2125,8.6,110369,11.0,"Animation ,Action ,Adventure",12.0,11.0,2012.0
140,Adventure Time,3,19,TV Series,8.6,1972,8.6,110369,11.0,"Animation ,Action ,Adventure",5.0,12.0,2011.0
140,Adventure Time,3,18,TV Series,7.4,1647,8.6,110369,11.0,"Animation ,Action ,Adventure",28.0,11.0,2011.0
140,Adventure Time,3,17,TV Series,9.0,2273,8.6,110369,11.0,"Animation ,Action ,Adventure",23.0,11.0,2011.0
140,Adventure Time,3,16,TV Series,7.8,1688,8.6,110369,11.0,"Animation ,Action ,Adventure",21.0,11.0,2011.0
140,Adventure Time,3,15,TV Series,8.3,1845,8.6,110369,11.0,"Animation ,Action ,Adventure",14.0,11.0,2011.0
140,Adventure Time,3,14,TV Series,7.7,1687,8.6,110369,11.0,"Animation ,Action ,Adventure",7.0,11.0,2011.0
140,Adventure Time,4,20,TV Series,8.0,1637,8.6,110369,11.0,"Animation ,Action ,Adventure",27.0,8.0,2012.0
140,Adventure Time,4,19,TV Series,7.9,1622,8.6,110369,11.0,"Animation ,Action ,Adventure",20.0,8.0,2012.0
140,Adventure Time,4,18,TV Series,8.4,1703,8.6,110369,11.0,"Animation ,Action ,Adventure",13.0,8.0,2012.0
140,Adventure Time,4,17,TV Series,8.1,1760,8.6,110369,11.0,"Animation ,Action ,Adventure",6.0,8.0,2012.0
140,Adventure Time,4,16,TV Series,8.5,1811,8.6,110369,11.0,"Animation ,Action ,Adventure",30.0,7.0,2012.0
140,Adventure Time,5,21,TV Series,7.4,1545,8.6,110369,11.0,"Animation ,Action ,Adventure",20.0,5.0,2013.0
140,Adventure Time,5,20,TV Series,8.0,1619,8.6,110369,11.0,"Animation ,Action ,Adventure",13.0,5.0,2013.0
140,Adventure Time,5,19,TV Series,7.6,1592,8.6,110369,11.0,"Animation ,Action ,Adventure",6.0,5.0,2013.0
140,Adventure Time,5,18,TV Series,7.4,1541,8.6,110369,11.0,"Animation ,Action ,Adventure",22.0,4.0,2013.0
140,Adventure Time,5,17,TV Series,8.1,1688,8.6,110369,11.0,"Animation ,Action ,Adventure",15.0,4.0,2013.0
140,Adventure Time,4,10,TV Series,8.0,1692,8.6,110369,11.0,"Animation ,Action ,Adventure",4.0,6.0,2012.0
140,Adventure Time,4,9,TV Series,7.2,1688,8.6,110369,11.0,"Animation ,Action ,Adventure",28.0,5.0,2012.0
140,Adventure Time,4,8,TV Series,7.2,1658,8.6,110369,11.0,"Animation ,Action ,Adventure",14.0,5.0,2012.0
140,Adventure Time,4,7,TV Series,7.3,1642,8.6,110369,11.0,"Animation ,Action ,Adventure",7.0,5.0,2012.0
140,Adventure Time,4,6,TV Series,8.4,1713,8.6,110369,11.0,"Animation ,Action ,Adventure",30.0,4.0,2012.0
140,Adventure Time,4,5,TV Series,8.2,1731,8.6,110369,11.0,"Animation ,Action ,Adventure",30.0,4.0,2012.0
140,Adventure Time,5,10,TV Series,7.3,1557,8.6,110369,11.0,"Animation ,Action ,Adventure",4.0,2.0,2013.0
140,Adventure Time,5,9,TV Series,8.0,1613,8.6,110369,11.0,"Animation ,Action ,Adventure",28.0,1.0,2013.0
140,Adventure Time,5,8,TV Series,8.2,1651,8.6,110369,11.0,"Animation ,Action ,Adventure",21.0,1.0,2013.0
140,Adventure Time,5,7,TV Series,7.4,1639,8.6,110369,11.0,"Animation ,Action ,Adventure",14.0,1.0,2013.0
140,Adventure Time,5,6,TV Series,8.2,1748,8.6,110369,11.0,"Animation ,Action ,Adventure",7.0,1.0,2013.0
140,Adventure Time,5,37,TV Series,7.0,1576,8.6,110369,11.0,"Animation ,Action ,Adventure",7.0,10.0,2013.0
140,Adventure Time,5,36,TV Series,8.1,1622,8.6,110369,11.0,"Animation ,Action ,Adventure",30.0,9.0,2013.0
140,Adventure Time,5,35,TV Series,6.7,1505,8.6,110369,11.0,"Animation ,Action ,Adventure",23.0,9.0,2013.0
140,Adventure Time,5,34,TV Series,8.8,1778,8.6,110369,11.0,"Animation ,Action ,Adventure",16.0,9.0,2013.0
140,Adventure Time,5,33,TV Series,8.4,1631,8.6,110369,11.0,"Animation ,Action ,Adventure",9.0,9.0,2013.0
140,Adventure Time,4,26,TV Series,9.2,2082,8.6,110369,11.0,"Animation ,Action ,Adventure",22.0,10.0,2012.0
140,Adventure Time,4,25,TV Series,9.7,3511,8.6,110369,11.0,"Animation ,Action ,Adventure",15.0,10.0,2012.0
140,Adventure Time,4,24,TV Series,7.9,1581,8.6,110369,11.0,"Animation ,Action ,Adventure",8.0,10.0,2012.0
140,Adventure Time,4,23,TV Series,7.5,1586,8.6,110369,11.0,"Animation ,Action ,Adventure",1.0,10.0,2012.0
140,Adventure Time,4,22,TV Series,7.6,1574,8.6,110369,11.0,"Animation ,Action ,Adventure",17.0,9.0,2012.0
140,Adventure Time,4,21,TV Series,7.4,1571,8.6,110369,11.0,"Animation ,Action ,Adventure",3.0,9.0,2012.0
140,Adventure Time,5,26,TV Series,7.7,1530,8.6,110369,11.0,"Animation ,Action ,Adventure",1.0,7.0,2013.0
140,Adventure Time,5,25,TV Series,7.5,1489,8.6,110369,11.0,"Animation ,Action ,Adventure",24.0,6.0,2013.0
140,Adventure Time,5,24,TV Series,7.5,1537,8.6,110369,11.0,"Animation ,Action ,Adventure",17.0,6.0,2013.0
140,Adventure Time,5,23,TV Series,7.8,1557,8.6,110369,11.0,"Animation ,Action ,Adventure",10.0,6.0,2013.0
140,Adventure Time,5,22,TV Series,7.5,1529,8.6,110369,11.0,"Animation ,Action ,Adventure",27.0,5.0,2013.0
140,Adventure Time,6,3,TV Series,7.5,1509,8.6,110369,11.0,"Animation ,Action ,Adventure",28.0,4.0,2014.0
140,Adventure Time,6,2,TV Series,9.4,2112,8.6,110369,11.0,"Animation ,Action ,Adventure",21.0,4.0,2014.0
140,Adventure Time,6,1,TV Series,9.2,1890,8.6,110369,11.0,"Animation ,Action ,Adventure",21.0,4.0,2014.0
140,Adventure Time,5,50,TV Series,8.0,1608,8.6,110369,11.0,"Animation ,Action ,Adventure",10.0,3.0,2014.0
140,Adventure Time,5,49,TV Series,7.4,1478,8.6,110369,11.0,"Animation ,Action ,Adventure",3.0,3.0,2014.0
140,Adventure Time,5,16,TV Series,9.1,2090,8.6,110369,11.0,"Animation ,Action ,Adventure",8.0,4.0,2013.0
140,Adventure Time,5,15,TV Series,7.9,1774,8.6,110369,11.0,"Animation ,Action ,Adventure",1.0,4.0,2013.0
140,Adventure Time,5,14,TV Series,9.6,3042,8.6,110369,11.0,"Animation ,Action ,Adventure",25.0,3.0,2013.0
140,Adventure Time,5,13,TV Series,7.4,1538,8.6,110369,11.0,"Animation ,Action ,Adventure",4.0,3.0,2013.0
140,Adventure Time,5,12,TV Series,7.9,1616,8.6,110369,11.0,"Animation ,Action ,Adventure",25.0,2.0,2013.0
140,Adventure Time,5,11,TV Series,8.1,1873,8.6,110369,11.0,"Animation ,Action ,Adventure",18.0,2.0,2013.0
140,Adventure Time,5,42,TV Series,7.7,1519,8.6,110369,11.0,"Animation ,Action ,Adventure",25.0,11.0,2013.0
140,Adventure Time,5,41,TV Series,7.8,1528,8.6,110369,11.0,"Animation ,Action ,Adventure",18.0,11.0,2013.0
140,Adventure Time,5,40,TV Series,7.4,1483,8.6,110369,11.0,"Animation ,Action ,Adventure",4.0,11.0,2013.0
140,Adventure Time,5,39,TV Series,7.6,1523,8.6,110369,11.0,"Animation ,Action ,Adventure",21.0,10.0,2013.0
140,Adventure Time,5,38,TV Series,7.6,1522,8.6,110369,11.0,"Animation ,Action ,Adventure",14.0,10.0,2013.0
140,Adventure Time,6,19,TV Series,9.3,1943,8.6,110369,11.0,"Animation ,Action ,Adventure",25.0,11.0,2014.0
140,Adventure Time,6,18,TV Series,8.1,1516,8.6,110369,11.0,"Animation ,Action ,Adventure",24.0,11.0,2014.0
140,Adventure Time,6,17,TV Series,7.6,1422,8.6,110369,11.0,"Animation ,Action ,Adventure",28.0,10.0,2014.0
140,Adventure Time,6,16,TV Series,8.4,1564,8.6,110369,11.0,"Animation ,Action ,Adventure",14.0,8.0,2014.0
140,Adventure Time,6,15,TV Series,7.7,1441,8.6,110369,11.0,"Animation ,Action ,Adventure",7.0,8.0,2014.0
140,Adventure Time,5,32,TV Series,7.8,1510,8.6,110369,11.0,"Animation ,Action ,Adventure",2.0,9.0,2013.0
140,Adventure Time,5,31,TV Series,7.7,1551,8.6,110369,11.0,"Animation ,Action ,Adventure",12.0,8.0,2013.0
140,Adventure Time,5,30,TV Series,8.0,1613,8.6,110369,11.0,"Animation ,Action ,Adventure",5.0,8.0,2013.0
140,Adventure Time,5,29,TV Series,8.2,1631,8.6,110369,11.0,"Animation ,Action ,Adventure",29.0,7.0,2013.0
140,Adventure Time,5,28,TV Series,8.7,1724,8.6,110369,11.0,"Animation ,Action ,Adventure",22.0,7.0,2013.0
140,Adventure Time,5,27,TV Series,7.8,1547,8.6,110369,11.0,"Animation ,Action ,Adventure",15.0,7.0,2013.0
140,Adventure Time,6,8,TV Series,7.4,1476,8.6,110369,11.0,"Animation ,Action ,Adventure",19.0,6.0,2014.0
140,Adventure Time,6,7,TV Series,8.0,1813,8.6,110369,11.0,"Animation ,Action ,Adventure",12.0,6.0,2014.0
140,Adventure Time,6,6,TV Series,7.7,1574,8.6,110369,11.0,"Animation ,Action ,Adventure",5.0,6.0,2014.0
140,Adventure Time,6,5,TV Series,6.9,1587,8.6,110369,11.0,"Animation ,Action ,Adventure",12.0,5.0,2014.0
140,Adventure Time,6,4,TV Series,8.5,1643,8.6,110369,11.0,"Animation ,Action ,Adventure",5.0,5.0,2014.0
140,Adventure Time,6,35,TV Series,8.3,1468,8.6,110369,11.0,"Animation ,Action ,Adventure",7.0,5.0,2015.0
140,Adventure Time,6,34,TV Series,6.7,1469,8.6,110369,11.0,"Animation ,Action ,Adventure",30.0,4.0,2015.0
140,Adventure Time,6,33,TV Series,8.1,1439,8.6,110369,11.0,"Animation ,Action ,Adventure",23.0,4.0,2015.0
140,Adventure Time,6,32,TV Series,7.1,1391,8.6,110369,11.0,"Animation ,Action ,Adventure",16.0,4.0,2015.0
140,Adventure Time,6,31,TV Series,7.9,1418,8.6,110369,11.0,"Animation ,Action ,Adventure",5.0,3.0,2015.0
140,Adventure Time,5,48,TV Series,9.0,1866,8.6,110369,11.0,"Animation ,Action ,Adventure",24.0,2.0,2014.0
140,Adventure Time,5,47,TV Series,7.6,1486,8.6,110369,11.0,"Animation ,Action ,Adventure",10.0,2.0,2014.0
140,Adventure Time,5,46,TV Series,8.3,1598,8.6,110369,11.0,"Animation ,Action ,Adventure",27.0,1.0,2014.0
140,Adventure Time,5,45,TV Series,8.6,1670,8.6,110369,11.0,"Animation ,Action ,Adventure",20.0,1.0,2014.0
140,Adventure Time,5,44,TV Series,7.2,1492,8.6,110369,11.0,"Animation ,Action ,Adventure",13.0,1.0,2014.0
140,Adventure Time,5,43,TV Series,8.4,1633,8.6,110369,11.0,"Animation ,Action ,Adventure",2.0,12.0,2013.0
140,Adventure Time,6,24,TV Series,8.9,1707,8.6,110369,11.0,"Animation ,Action ,Adventure",15.0,1.0,2015.0
140,Adventure Time,6,23,TV Series,8.1,1492,8.6,110369,11.0,"Animation ,Action ,Adventure",8.0,1.0,2015.0
140,Adventure Time,6,22,TV Series,8.0,1448,8.6,110369,11.0,"Animation ,Action ,Adventure",4.0,12.0,2014.0
140,Adventure Time,6,21,TV Series,7.7,1422,8.6,110369,11.0,"Animation ,Action ,Adventure",28.0,11.0,2014.0
140,Adventure Time,6,20,TV Series,8.8,1794,8.6,110369,11.0,"Animation ,Action ,Adventure",26.0,11.0,2014.0
140,Adventure Time,7,8,TV Series,9.0,1601,8.6,110369,11.0,"Animation ,Action ,Adventure",17.0,11.0,2015.0
140,Adventure Time,7,7,TV Series,9.3,1805,8.6,110369,11.0,"Animation ,Action ,Adventure",16.0,11.0,2015.0
140,Adventure Time,7,6,TV Series,9.0,1646,8.6,110369,11.0,"Animation ,Action ,Adventure",16.0,11.0,2015.0
140,Adventure Time,7,5,TV Series,8.1,1404,8.6,110369,11.0,"Animation ,Action ,Adventure",6.0,11.0,2015.0
140,Adventure Time,7,4,TV Series,7.3,1353,8.6,110369,11.0,"Animation ,Action ,Adventure",5.0,11.0,2015.0
140,Adventure Time,6,14,TV Series,7.2,1470,8.6,110369,11.0,"Animation ,Action ,Adventure",31.0,7.0,2014.0
140,Adventure Time,6,13,TV Series,7.7,1499,8.6,110369,11.0,"Animation ,Action ,Adventure",24.0,7.0,2014.0
140,Adventure Time,6,12,TV Series,7.8,1481,8.6,110369,11.0,"Animation ,Action ,Adventure",17.0,7.0,2014.0
140,Adventure Time,6,11,TV Series,8.1,1548,8.6,110369,11.0,"Animation ,Action ,Adventure",10.0,7.0,2014.0
140,Adventure Time,6,10,TV Series,8.2,1511,8.6,110369,11.0,"Animation ,Action ,Adventure",3.0,7.0,2014.0
140,Adventure Time,6,9,TV Series,6.9,1499,8.6,110369,11.0,"Animation ,Action ,Adventure",26.0,6.0,2014.0
140,Adventure Time,6,40,TV Series,8.7,1539,8.6,110369,11.0,"Animation ,Action ,Adventure",3.0,6.0,2015.0
140,Adventure Time,6,39,TV Series,7.2,1383,8.6,110369,11.0,"Animation ,Action ,Adventure",2.0,6.0,2015.0
140,Adventure Time,6,38,TV Series,8.4,1466,8.6,110369,11.0,"Animation ,Action ,Adventure",1.0,6.0,2015.0
140,Adventure Time,6,37,TV Series,4.9,1746,8.6,110369,11.0,"Animation ,Action ,Adventure",21.0,5.0,2015.0
140,Adventure Time,6,36,TV Series,8.2,1408,8.6,110369,11.0,"Animation ,Action ,Adventure",14.0,5.0,2015.0
140,Adventure Time,7,24,TV Series,9.4,1945,8.6,110369,11.0,"Animation ,Action ,Adventure",5.0,3.0,2016.0
140,Adventure Time,7,23,TV Series,9.2,1606,8.6,110369,11.0,"Animation ,Action ,Adventure",28.0,1.0,2016.0
140,Adventure Time,7,22,TV Series,7.1,1320,8.6,110369,11.0,"Animation ,Action ,Adventure",21.0,1.0,2016.0
140,Adventure Time,7,21,TV Series,8.3,1357,8.6,110369,11.0,"Animation ,Action ,Adventure",15.0,1.0,2016.0
140,Adventure Time,7,20,TV Series,8.0,1393,8.6,110369,11.0,"Animation ,Action ,Adventure",14.0,1.0,2016.0
140,Adventure Time,6,30,TV Series,7.7,1430,8.6,110369,11.0,"Animation ,Action ,Adventure",26.0,2.0,2015.0
140,Adventure Time,6,29,TV Series,7.5,1396,8.6,110369,11.0,"Animation ,Action ,Adventure",19.0,2.0,2015.0
140,Adventure Time,6,28,TV Series,7.7,1422,8.6,110369,11.0,"Animation ,Action ,Adventure",12.0,2.0,2015.0
140,Adventure Time,6,27,TV Series,7.8,1423,8.6,110369,11.0,"Animation ,Action ,Adventure",5.0,2.0,2015.0
140,Adventure Time,6,26,TV Series,8.0,1493,8.6,110369,11.0,"Animation ,Action ,Adventure",29.0,1.0,2015.0
140,Adventure Time,6,25,TV Series,8.9,1664,8.6,110369,11.0,"Animation ,Action ,Adventure",22.0,1.0,2015.0
140,Adventure Time,7,13,TV Series,9.2,1683,8.6,110369,11.0,"Animation ,Action ,Adventure",19.0,11.0,2015.0
140,Adventure Time,7,12,TV Series,9.2,1620,8.6,110369,11.0,"Animation ,Action ,Adventure",19.0,11.0,2015.0
140,Adventure Time,7,11,TV Series,9.0,1597,8.6,110369,11.0,"Animation ,Action ,Adventure",18.0,11.0,2015.0
140,Adventure Time,7,10,TV Series,9.0,1605,8.6,110369,11.0,"Animation ,Action ,Adventure",18.0,11.0,2015.0
140,Adventure Time,7,9,TV Series,8.8,1553,8.6,110369,11.0,"Animation ,Action ,Adventure",17.0,11.0,2015.0
140,Adventure Time,8,14,TV Series,8.5,1374,8.6,110369,11.0,"Animation ,Action ,Adventure",23.0,1.0,2017.0
140,Adventure Time,8,13,TV Series,8.4,1332,8.6,110369,11.0,"Animation ,Action ,Adventure",19.0,11.0,2016.0
140,Adventure Time,8,12,TV Series,7.9,1300,8.6,110369,11.0,"Animation ,Action ,Adventure",19.0,11.0,2016.0
140,Adventure Time,8,11,TV Series,7.7,1291,8.6,110369,11.0,"Animation ,Action ,Adventure",7.0,7.0,2016.0
140,Adventure Time,8,10,TV Series,8.6,1451,8.6,110369,11.0,"Animation ,Action ,Adventure",23.0,6.0,2016.0
140,Adventure Time,7,3,TV Series,7.5,1346,8.6,110369,11.0,"Animation ,Action ,Adventure",4.0,11.0,2015.0
140,Adventure Time,7,2,TV Series,8.7,1580,8.6,110369,11.0,"Animation ,Action ,Adventure",3.0,11.0,2015.0
140,Adventure Time,7,1,TV Series,7.8,1433,8.6,110369,11.0,"Animation ,Action ,Adventure",2.0,11.0,2015.0
140,Adventure Time,6,43,TV Series,9.1,1711,8.6,110369,11.0,"Animation ,Action ,Adventure",5.0,6.0,2015.0
140,Adventure Time,6,42,TV Series,8.2,1407,8.6,110369,11.0,"Animation ,Action ,Adventure",5.0,6.0,2015.0
140,Adventure Time,6,41,TV Series,7.3,1353,8.6,110369,11.0,"Animation ,Action ,Adventure",4.0,6.0,2015.0
140,Adventure Time,8,3,TV Series,7.6,1310,8.6,110369,11.0,"Animation ,Action ,Adventure",9.0,4.0,2016.0
140,Adventure Time,8,2,TV Series,8.4,1363,8.6,110369,11.0,"Animation ,Action ,Adventure",2.0,4.0,2016.0
140,Adventure Time,8,1,TV Series,8.8,1488,8.6,110369,11.0,"Animation ,Action ,Adventure",26.0,3.0,2016.0
140,Adventure Time,7,26,TV Series,8.1,1334,8.6,110369,11.0,"Animation ,Action ,Adventure",19.0,3.0,2016.0
140,Adventure Time,7,25,TV Series,8.4,1419,8.6,110369,11.0,"Animation ,Action ,Adventure",12.0,3.0,2016.0
140,Adventure Time,9,3,TV Series,8.7,1363,8.6,110369,11.0,"Animation ,Action ,Adventure",24.0,4.0,2017.0
140,Adventure Time,9,2,TV Series,8.6,1390,8.6,110369,11.0,"Animation ,Action ,Adventure",24.0,4.0,2017.0
140,Adventure Time,9,1,TV Series,8.1,1319,8.6,110369,11.0,"Animation ,Action ,Adventure",21.0,4.0,2017.0
140,Adventure Time,8,27,TV Series,9.5,1721,8.6,110369,11.0,"Animation ,Action ,Adventure",2.0,2.0,2017.0
140,Adventure Time,8,26,TV Series,9.3,1527,8.6,110369,11.0,"Animation ,Action ,Adventure",2.0,2.0,2017.0
140,Adventure Time,7,19,TV Series,8.2,1403,8.6,110369,11.0,"Animation ,Action ,Adventure",13.0,1.0,2016.0
140,Adventure Time,7,18,TV Series,6.7,1341,8.6,110369,11.0,"Animation ,Action ,Adventure",12.0,1.0,2016.0
140,Adventure Time,7,17,TV Series,7.5,1277,8.6,110369,11.0,"Animation ,Action ,Adventure",11.0,1.0,2016.0
140,Adventure Time,7,16,TV Series,7.3,1340,8.6,110369,11.0,"Animation ,Action ,Adventure",7.0,1.0,2016.0
140,Adventure Time,7,15,TV Series,8.6,1395,8.6,110369,11.0,"Animation ,Action ,Adventure",3.0,12.0,2015.0
140,Adventure Time,7,14,TV Series,8.1,1358,8.6,110369,11.0,"Animation ,Action ,Adventure",3.0,12.0,2015.0
140,Adventure Time,8,19,TV Series,8.0,1272,8.6,110369,11.0,"Animation ,Action ,Adventure",27.0,1.0,2017.0
140,Adventure Time,8,18,TV Series,7.4,1279,8.6,110369,11.0,"Animation ,Action ,Adventure",26.0,1.0,2017.0
140,Adventure Time,8,17,TV Series,7.5,1285,8.6,110369,11.0,"Animation ,Action ,Adventure",25.0,1.0,2017.0
140,Adventure Time,8,16,TV Series,7.5,1302,8.6,110369,11.0,"Animation ,Action ,Adventure",24.0,1.0,2017.0
140,Adventure Time,8,15,TV Series,8.3,1329,8.6,110369,11.0,"Animation ,Action ,Adventure",23.0,1.0,2017.0
140,Adventure Time,10,5,TV Series,8.4,1367,8.6,110369,11.0,"Animation ,Action ,Adventure",17.0,12.0,2017.0
140,Adventure Time,10,4,TV Series,9.0,1473,8.6,110369,11.0,"Animation ,Action ,Adventure",17.0,9.0,2017.0
140,Adventure Time,10,3,TV Series,7.2,1343,8.6,110369,11.0,"Animation ,Action ,Adventure",17.0,9.0,2017.0
140,Adventure Time,10,2,TV Series,7.8,1305,8.6,110369,11.0,"Animation ,Action ,Adventure",17.0,9.0,2017.0
140,Adventure Time,10,1,TV Series,8.3,1354,8.6,110369,11.0,"Animation ,Action ,Adventure",17.0,9.0,2017.0
140,Adventure Time,8,9,TV Series,7.2,1293,8.6,110369,11.0,"Animation ,Action ,Adventure",26.0,5.0,2016.0
140,Adventure Time,8,8,TV Series,8.2,1339,8.6,110369,11.0,"Animation ,Action ,Adventure",19.0,5.0,2016.0
140,Adventure Time,8,7,TV Series,8.1,1312,8.6,110369,11.0,"Animation ,Action ,Adventure",12.0,5.0,2016.0
140,Adventure Time,8,6,TV Series,7.8,1303,8.6,110369,11.0,"Animation ,Action ,Adventure",5.0,5.0,2016.0
140,Adventure Time,8,5,TV Series,8.1,1329,8.6,110369,11.0,"Animation ,Action ,Adventure",23.0,4.0,2016.0
140,Adventure Time,8,4,TV Series,7.4,1279,8.6,110369,11.0,"Animation ,Action ,Adventure",16.0,4.0,2016.0
140,Adventure Time,9,8,TV Series,8.5,1341,8.6,110369,11.0,"Animation ,Action ,Adventure",27.0,4.0,2017.0
140,Adventure Time,9,7,TV Series,8.4,1333,8.6,110369,11.0,"Animation ,Action ,Adventure",26.0,4.0,2017.0
140,Adventure Time,9,6,TV Series,7.9,1312,8.6,110369,11.0,"Animation ,Action ,Adventure",26.0,4.0,2017.0
140,Adventure Time,9,5,TV Series,8.2,1342,8.6,110369,11.0,"Animation ,Action ,Adventure",25.0,4.0,2017.0
140,Adventure Time,9,4,TV Series,8.5,1346,8.6,110369,11.0,"Animation ,Action ,Adventure",25.0,4.0,2017.0
140,Adventure Time,Unknown,Unknown,TV Series,6.9,908,8.6,110369,11.0,"Animation ,Action ,Adventure",23.0,4.0,2016.0
140,Adventure Time,Unknown,Unknown,TV Series,6.8,905,8.6,110369,11.0,"Animation ,Action ,Adventure",16.0,4.0,2016.0
140,Adventure Time,Unknown,Unknown,TV Series,7.1,897,8.6,110369,11.0,"Animation ,Action ,Adventure",9.0,4.0,2016.0
140,Adventure Time,Unknown,Unknown,TV Series,6.8,905,8.6,110369,11.0,"Animation ,Action ,Adventure",2.0,4.0,2016.0
140,Adventure Time,Unknown,Unknown,TV Series,7.0,918,8.6,110369,11.0,"Animation ,Action ,Adventure",1.0,11.0,2015.0
140,Adventure Time,8,25,TV Series,9.6,1756,8.6,110369,11.0,"Animation ,Action ,Adventure",1.0,2.0,2017.0
140,Adventure Time,8,24,TV Series,9.2,1487,8.6,110369,11.0,"Animation ,Action ,Adventure",1.0,2.0,2017.0
140,Adventure Time,8,23,TV Series,8.4,1381,8.6,110369,11.0,"Animation ,Action ,Adventure",31.0,1.0,2017.0
140,Adventure Time,8,22,TV Series,8.5,1369,8.6,110369,11.0,"Animation ,Action ,Adventure",31.0,1.0,2017.0
140,Adventure Time,8,21,TV Series,8.0,1340,8.6,110369,11.0,"Animation ,Action ,Adventure",30.0,1.0,2017.0
140,Adventure Time,8,20,TV Series,8.5,1383,8.6,110369,11.0,"Animation ,Action ,Adventure",30.0,1.0,2017.0
140,Adventure Time,10,10,TV Series,8.3,1344,8.6,110369,11.0,"Animation ,Action ,Adventure",18.0,3.0,2018.0
140,Adventure Time,10,9,TV Series,7.5,1292,8.6,110369,11.0,"Animation ,Action ,Adventure",18.0,3.0,2018.0
140,Adventure Time,10,8,TV Series,9.0,1448,8.6,110369,11.0,"Animation ,Action ,Adventure",17.0,12.0,2017.0
140,Adventure Time,10,7,TV Series,8.1,1338,8.6,110369,11.0,"Animation ,Action ,Adventure",17.0,12.0,2017.0
140,Adventure Time,10,6,TV Series,6.8,1326,8.6,110369,11.0,"Animation ,Action ,Adventure",17.0,12.0,2017.0
140,Adventure Time,9,14,TV Series,9.0,1448,8.6,110369,11.0,"Animation ,Action ,Adventure",14.0,7.0,2017.0
140,Adventure Time,9,13,TV Series,8.7,1367,8.6,110369,11.0,"Animation ,Action ,Adventure",14.0,7.0,2017.0
140,Adventure Time,9,12,TV Series,6.8,1311,8.6,110369,11.0,"Animation ,Action ,Adventure",14.0,7.0,2017.0
140,Adventure Time,9,11,TV Series,8.4,1374,8.6,110369,11.0,"Animation ,Action ,Adventure",14.0,7.0,2017.0
140,Adventure Time,9,10,TV Series,8.2,1333,8.6,110369,11.0,"Animation ,Action ,Adventure",14.0,7.0,2017.0
140,Adventure Time,9,9,TV Series,8.8,1408,8.6,110369,11.0,"Animation ,Action ,Adventure",27.0,4.0,2017.0
140,Adventure Time,Unknown,Unknown,TV Series,7.3,993,8.6,110369,11.0,"Animation ,Action ,Adventure",20.0,7.0,2018.0
140,Adventure Time,Unknown,Unknown,TV Series,7.0,903,8.6,110369,11.0,"Animation ,Action ,Adventure",2.0,9.0,2016.0
140,Adventure Time,Unknown,Unknown,TV Series,6.5,913,8.6,110369,11.0,"Animation ,Action ,Adventure",1.0,10.0,2015.0
140,Adventure Time,Unknown,Unknown,TV Series,6.8,913,8.6,110369,11.0,"Animation ,Action ,Adventure",3.0,8.0,2015.0
140,Adventure Time,Unknown,Unknown,TV Series,6.5,922,8.6,110369,11.0,"Animation ,Action ,Adventure",6.0,7.0,2015.0
140,Adventure Time,10,13,TV Series,9.7,4350,8.6,110369,11.0,"Animation ,Action ,Adventure",3.0,9.0,2018.0
140,Adventure Time,10,12,TV Series,8.7,1398,8.6,110369,11.0,"Animation ,Action ,Adventure",18.0,3.0,2018.0
140,Adventure Time,10,11,TV Series,8.3,1346,8.6,110369,11.0,"Animation ,Action ,Adventure",18.0,3.0,2018.0
140,Adventure Time,1,2,TV Series,7.2,2746,8.6,110369,11.0,"Animation ,Action ,Adventure",5.0,4.0,2010.0
140,Adventure Time,1,17,TV Series,7.0,2004,8.6,110369,11.0,"Animation ,Action ,Adventure",28.0,6.0,2010.0
140,Adventure Time,1,16,TV Series,7.7,2108,8.6,110369,11.0,"Animation ,Action ,Adventure",21.0,6.0,2010.0
140,Adventure Time,1,15,TV Series,7.5,2048,8.6,110369,11.0,"Animation ,Action ,Adventure",14.0,6.0,2010.0
140,Adventure Time,1,14,TV Series,7.3,2088,8.6,110369,11.0,"Animation ,Action ,Adventure",7.0,6.0,2010.0
140,Adventure Time,1,13,TV Series,7.7,2157,8.6,110369,11.0,"Animation ,Action ,Adventure",24.0,5.0,2010.0
140,Adventure Time,2,18,TV Series,7.8,1789,8.6,110369,11.0,"Animation ,Action ,Adventure",7.0,3.0,2011.0
140,Adventure Time,2,17,TV Series,8.4,1869,8.6,110369,11.0,"Animation ,Action ,Adventure",28.0,2.0,2011.0
140,Adventure Time,2,16,TV Series,7.9,1790,8.6,110369,11.0,"Animation ,Action ,Adventure",21.0,2.0,2011.0
140,Adventure Time,2,15,TV Series,8.1,1813,8.6,110369,11.0,"Animation ,Action ,Adventure",14.0,2.0,2011.0
140,Adventure Time,2,14,TV Series,7.3,1757,8.6,110369,11.0,"Animation ,Action ,Adventure",7.0,2.0,2011.0
140,Adventure Time,1,7,TV Series,7.3,2268,8.6,110369,11.0,"Animation ,Action ,Adventure",26.0,4.0,2010.0
141,The Bridge,1,4,TV Series,7.9,1162,8.6,75950,60.0,"Crime ,Mystery ,Thriller",12.0,10.0,2011.0
141,The Bridge,1,1,TV Series,7.9,1536,8.6,75950,60.0,"Crime ,Mystery ,Thriller",21.0,9.0,2011.0
141,The Bridge,1,2,TV Series,7.8,1304,8.6,75950,60.0,"Crime ,Mystery ,Thriller",28.0,9.0,2011.0
141,The Bridge,1,3,TV Series,7.8,1216,8.6,75950,60.0,"Crime ,Mystery ,Thriller",5.0,10.0,2011.0
141,The Bridge,2,4,TV Series,7.9,889,8.6,75950,60.0,"Crime ,Mystery ,Thriller",13.0,10.0,2013.0
141,The Bridge,1,10,TV Series,8.6,1301,8.6,75950,60.0,"Crime ,Mystery ,Thriller",23.0,11.0,2011.0
141,The Bridge,3,8,TV Series,8.3,817,8.6,75950,60.0,"Crime ,Mystery ,Thriller",15.0,11.0,2015.0
141,The Bridge,3,9,TV Series,8.3,803,8.6,75950,60.0,"Crime ,Mystery ,Thriller",22.0,11.0,2015.0
141,The Bridge,2,2,TV Series,7.7,943,8.6,75950,60.0,"Crime ,Mystery ,Thriller",29.0,9.0,2013.0
141,The Bridge,3,10,TV Series,8.7,1033,8.6,75950,60.0,"Crime ,Mystery ,Thriller",29.0,11.0,2015.0
141,The Bridge,4,8,TV Series,9.0,1088,8.6,75950,60.0,"Crime ,Mystery ,Thriller",18.0,2.0,2018.0
141,The Bridge,1,9,TV Series,8.6,1227,8.6,75950,60.0,"Crime ,Mystery ,Thriller",17.0,11.0,2011.0
141,The Bridge,1,8,TV Series,8.1,1110,8.6,75950,60.0,"Crime ,Mystery ,Thriller",9.0,11.0,2011.0
141,The Bridge,1,7,TV Series,8.0,1113,8.6,75950,60.0,"Crime ,Mystery ,Thriller",2.0,11.0,2011.0
141,The Bridge,1,6,TV Series,7.9,1109,8.6,75950,60.0,"Crime ,Mystery ,Thriller",26.0,10.0,2011.0
141,The Bridge,1,5,TV Series,7.9,1132,8.6,75950,60.0,"Crime ,Mystery ,Thriller",19.0,10.0,2011.0
141,The Bridge,2,10,TV Series,8.8,1194,8.6,75950,60.0,"Crime ,Mystery ,Thriller",24.0,11.0,2013.0
141,The Bridge,4,5,TV Series,8.0,758,8.6,75950,60.0,"Crime ,Mystery ,Thriller",28.0,1.0,2018.0
141,The Bridge,4,4,TV Series,8.0,757,8.6,75950,60.0,"Crime ,Mystery ,Thriller",21.0,1.0,2018.0
141,The Bridge,4,3,TV Series,7.9,772,8.6,75950,60.0,"Crime ,Mystery ,Thriller",14.0,1.0,2018.0
141,The Bridge,4,2,TV Series,7.8,799,8.6,75950,60.0,"Crime ,Mystery ,Thriller",7.0,1.0,2018.0
141,The Bridge,4,1,TV Series,7.9,975,8.6,75950,60.0,"Crime ,Mystery ,Thriller",1.0,1.0,2018.0
141,The Bridge,3,6,TV Series,8.1,827,8.6,75950,60.0,"Crime ,Mystery ,Thriller",1.0,11.0,2015.0
141,The Bridge,4,7,TV Series,8.6,799,8.6,75950,60.0,"Crime ,Mystery ,Thriller",11.0,2.0,2018.0
141,The Bridge,4,6,TV Series,8.3,773,8.6,75950,60.0,"Crime ,Mystery ,Thriller",4.0,2.0,2018.0
141,The Bridge,3,7,TV Series,8.1,815,8.6,75950,60.0,"Crime ,Mystery ,Thriller",8.0,11.0,2015.0
141,The Bridge,2,3,TV Series,8.0,913,8.6,75950,60.0,"Crime ,Mystery ,Thriller",6.0,10.0,2013.0
141,The Bridge,3,5,TV Series,8.1,812,8.6,75950,60.0,"Crime ,Mystery ,Thriller",25.0,10.0,2015.0
141,The Bridge,3,4,TV Series,8.0,838,8.6,75950,60.0,"Crime ,Mystery ,Thriller",18.0,10.0,2015.0
141,The Bridge,3,3,TV Series,7.9,838,8.6,75950,60.0,"Crime ,Mystery ,Thriller",11.0,10.0,2015.0
141,The Bridge,3,2,TV Series,8.0,870,8.6,75950,60.0,"Crime ,Mystery ,Thriller",4.0,10.0,2015.0
141,The Bridge,3,1,TV Series,7.9,1016,8.6,75950,60.0,"Crime ,Mystery ,Thriller",27.0,9.0,2015.0
141,The Bridge,2,1,TV Series,8.0,1088,8.6,75950,60.0,"Crime ,Mystery ,Thriller",22.0,9.0,2013.0
141,The Bridge,2,9,TV Series,8.4,938,8.6,75950,60.0,"Crime ,Mystery ,Thriller",17.0,11.0,2013.0
141,The Bridge,2,8,TV Series,8.0,900,8.6,75950,60.0,"Crime ,Mystery ,Thriller",10.0,11.0,2013.0
141,The Bridge,2,7,TV Series,8.0,882,8.6,75950,60.0,"Crime ,Mystery ,Thriller",3.0,11.0,2013.0
141,The Bridge,2,6,TV Series,8.0,887,8.6,75950,60.0,"Crime ,Mystery ,Thriller",27.0,10.0,2013.0
141,The Bridge,2,5,TV Series,8.0,894,8.6,75950,60.0,"Crime ,Mystery ,Thriller",20.0,10.0,2013.0
142,Daredevil,2,11,TV Series,8.7,8116,8.6,470792,54.0,"Action ,Crime ,Drama",18.0,3.0,2016.0
142,Daredevil,2,10,TV Series,9.0,8617,8.6,470792,54.0,"Action ,Crime ,Drama",18.0,3.0,2016.0
142,Daredevil,2,9,TV Series,9.4,10607,8.6,470792,54.0,"Action ,Crime ,Drama",18.0,3.0,2016.0
142,Daredevil,2,8,TV Series,9.0,8958,8.6,470792,54.0,"Action ,Crime ,Drama",18.0,3.0,2016.0
142,Daredevil,1,13,TV Series,9.3,13130,8.6,470792,54.0,"Action ,Crime ,Drama",10.0,4.0,2015.0
142,Daredevil,1,12,TV Series,8.6,10059,8.6,470792,54.0,"Action ,Crime ,Drama",10.0,4.0,2015.0
142,Daredevil,1,11,TV Series,8.7,10274,8.6,470792,54.0,"Action ,Crime ,Drama",10.0,4.0,2015.0
142,Daredevil,1,10,TV Series,8.4,10418,8.6,470792,54.0,"Action ,Crime ,Drama",10.0,4.0,2015.0
142,Daredevil,1,9,TV Series,9.1,11199,8.6,470792,54.0,"Action ,Crime ,Drama",10.0,4.0,2015.0
142,Daredevil,3,13,TV Series,9.5,10654,8.6,470792,54.0,"Action ,Crime ,Drama",19.0,10.0,2018.0
142,Daredevil,3,12,TV Series,9.3,7297,8.6,470792,54.0,"Action ,Crime ,Drama",19.0,10.0,2018.0
142,Daredevil,3,11,TV Series,9.1,6932,8.6,470792,54.0,"Action ,Crime ,Drama",19.0,10.0,2018.0
142,Daredevil,3,10,TV Series,8.6,7515,8.6,470792,54.0,"Action ,Crime ,Drama",19.0,10.0,2018.0
142,Daredevil,1,3,TV Series,8.3,11730,8.6,470792,54.0,"Action ,Crime ,Drama",10.0,4.0,2015.0
142,Daredevil,1,2,TV Series,8.9,13911,8.6,470792,54.0,"Action ,Crime ,Drama",10.0,4.0,2015.0
142,Daredevil,1,1,TV Series,8.4,14551,8.6,470792,54.0,"Action ,Crime ,Drama",10.0,4.0,2015.0
142,Daredevil,3,3,TV Series,8.4,6979,8.6,470792,54.0,"Action ,Crime ,Drama",19.0,10.0,2018.0
142,Daredevil,3,2,TV Series,8.5,7293,8.6,470792,54.0,"Action ,Crime ,Drama",19.0,10.0,2018.0
142,Daredevil,3,1,TV Series,8.2,7786,8.6,470792,54.0,"Action ,Crime ,Drama",19.0,10.0,2018.0
142,Daredevil,2,13,TV Series,9.1,10122,8.6,470792,54.0,"Action ,Crime ,Drama",18.0,3.0,2016.0
142,Daredevil,2,12,TV Series,8.8,8351,8.6,470792,54.0,"Action ,Crime ,Drama",18.0,3.0,2016.0
142,Daredevil,2,6,TV Series,8.5,8417,8.6,470792,54.0,"Action ,Crime ,Drama",18.0,3.0,2016.0
142,Daredevil,2,5,TV Series,8.2,8822,8.6,470792,54.0,"Action ,Crime ,Drama",18.0,3.0,2016.0
142,Daredevil,2,4,TV Series,9.4,11845,8.6,470792,54.0,"Action ,Crime ,Drama",18.0,3.0,2016.0
142,Daredevil,2,3,TV Series,9.4,12608,8.6,470792,54.0,"Action ,Crime ,Drama",18.0,3.0,2016.0
142,Daredevil,2,2,TV Series,8.6,9565,8.6,470792,54.0,"Action ,Crime ,Drama",18.0,3.0,2016.0
142,Daredevil,2,1,TV Series,8.8,10770,8.6,470792,54.0,"Action ,Crime ,Drama",18.0,3.0,2016.0
142,Daredevil,3,6,TV Series,9.5,9079,8.6,470792,54.0,"Action ,Crime ,Drama",19.0,10.0,2018.0
142,Daredevil,3,9,TV Series,9.1,7063,8.6,470792,54.0,"Action ,Crime ,Drama",19.0,10.0,2018.0
142,Daredevil,3,8,TV Series,9.0,7060,8.6,470792,54.0,"Action ,Crime ,Drama",19.0,10.0,2018.0
142,Daredevil,3,7,TV Series,8.7,7082,8.6,470792,54.0,"Action ,Crime ,Drama",19.0,10.0,2018.0
142,Daredevil,2,7,TV Series,8.5,8306,8.6,470792,54.0,"Action ,Crime ,Drama",18.0,3.0,2016.0
142,Daredevil,3,5,TV Series,8.8,7533,8.6,470792,54.0,"Action ,Crime ,Drama",19.0,10.0,2018.0
142,Daredevil,3,4,TV Series,9.5,11571,8.6,470792,54.0,"Action ,Crime ,Drama",19.0,10.0,2018.0
142,Daredevil,1,8,TV Series,8.9,10923,8.6,470792,54.0,"Action ,Crime ,Drama",10.0,4.0,2015.0
142,Daredevil,1,7,TV Series,8.5,10879,8.6,470792,54.0,"Action ,Crime ,Drama",10.0,4.0,2015.0
142,Daredevil,1,6,TV Series,8.9,11194,8.6,470792,54.0,"Action ,Crime ,Drama",10.0,4.0,2015.0
142,Daredevil,1,5,TV Series,8.7,10999,8.6,470792,54.0,"Action ,Crime ,Drama",10.0,4.0,2015.0
142,Daredevil,1,4,TV Series,8.6,11388,8.6,470792,54.0,"Action ,Crime ,Drama",10.0,4.0,2015.0
143,Blackadder II,1,3,TV Series,8.2,1084,8.6,49501,176.0,Comedy,23.0,1.0,1986.0
143,Blackadder II,1,2,TV Series,8.3,1106,8.6,49501,176.0,Comedy,16.0,1.0,1986.0
143,Blackadder II,1,1,TV Series,8.3,1224,8.6,49501,176.0,Comedy,9.0,1.0,1986.0
143,Blackadder II,1,6,TV Series,8.2,1011,8.6,49501,176.0,Comedy,20.0,2.0,1986.0
143,Blackadder II,1,5,TV Series,8.5,1108,8.6,49501,176.0,Comedy,13.0,2.0,1986.0
143,Blackadder II,1,4,TV Series,8.0,1038,8.6,49501,176.0,Comedy,5.0,2.0,1986.0
144,Lonesome Dove,1,4,TV Mini Series,8.7,503,8.7,25550,384.0,"Adventure ,Drama ,Western",8.0,2.0,1989.0
144,Lonesome Dove,1,3,TV Mini Series,8.5,475,8.7,25550,384.0,"Adventure ,Drama ,Western",7.0,2.0,1989.0
144,Lonesome Dove,1,2,TV Mini Series,8.5,488,8.7,25550,384.0,"Adventure ,Drama ,Western",6.0,2.0,1989.0
144,Lonesome Dove,1,1,TV Mini Series,8.1,542,8.7,25550,384.0,"Adventure ,Drama ,Western",5.0,2.0,1989.0
145,Yeh Meri Family,1,4,TV Series,8.9,401,9.0,25299,30.0,"Comedy ,Drama ,Family",20.0,7.0,2018.0
145,Yeh Meri Family,1,3,TV Series,9.1,452,9.0,25299,30.0,"Comedy ,Drama ,Family",20.0,7.0,2018.0
145,Yeh Meri Family,2,5,TV Series,6.7,54,9.0,25299,30.0,"Comedy ,Drama ,Family",19.0,5.0,2023.0
145,Yeh Meri Family,2,4,TV Series,7.5,47,9.0,25299,30.0,"Comedy ,Drama ,Family",19.0,5.0,2023.0
145,Yeh Meri Family,2,3,TV Series,7.3,47,9.0,25299,30.0,"Comedy ,Drama ,Family",19.0,5.0,2023.0
145,Yeh Meri Family,2,2,TV Series,7.7,51,9.0,25299,30.0,"Comedy ,Drama ,Family",19.0,5.0,2023.0
145,Yeh Meri Family,2,1,TV Series,7.3,57,9.0,25299,30.0,"Comedy ,Drama ,Family",19.0,5.0,2023.0
145,Yeh Meri Family,1,7,TV Series,9.4,553,9.0,25299,30.0,"Comedy ,Drama ,Family",20.0,7.0,2018.0
145,Yeh Meri Family,1,6,TV Series,8.9,412,9.0,25299,30.0,"Comedy ,Drama ,Family",20.0,7.0,2018.0
145,Yeh Meri Family,1,5,TV Series,8.9,381,9.0,25299,30.0,"Comedy ,Drama ,Family",20.0,7.0,2018.0
145,Yeh Meri Family,1,2,TV Series,8.8,419,9.0,25299,30.0,"Comedy ,Drama ,Family",12.0,7.0,2018.0
145,Yeh Meri Family,1,1,TV Series,8.4,446,9.0,25299,30.0,"Comedy ,Drama ,Family",12.0,7.0,2018.0
146,Mindhunter,2,9,TV Series,8.7,5671,8.6,330337,60.0,"Crime ,Drama ,Mystery",16.0,8.0,2019.0
146,Mindhunter,2,8,TV Series,8.5,4799,8.6,330337,60.0,"Crime ,Drama ,Mystery",16.0,8.0,2019.0
146,Mindhunter,2,7,TV Series,8.1,4754,8.6,330337,60.0,"Crime ,Drama ,Mystery",16.0,8.0,2019.0
146,Mindhunter,2,6,TV Series,8.1,4800,8.6,330337,60.0,"Crime ,Drama ,Mystery",16.0,8.0,2019.0
146,Mindhunter,2,5,TV Series,8.9,6134,8.6,330337,60.0,"Crime ,Drama ,Mystery",16.0,8.0,2019.0
146,Mindhunter,2,4,TV Series,8.5,5337,8.6,330337,60.0,"Crime ,Drama ,Mystery",16.0,8.0,2019.0
146,Mindhunter,2,3,TV Series,8.2,5308,8.6,330337,60.0,"Crime ,Drama ,Mystery",16.0,8.0,2019.0
146,Mindhunter,2,2,TV Series,8.6,5670,8.6,330337,60.0,"Crime ,Drama ,Mystery",16.0,8.0,2019.0
146,Mindhunter,1,6,TV Series,7.9,6245,8.6,330337,60.0,"Crime ,Drama ,Mystery",13.0,10.0,2017.0
146,Mindhunter,1,5,TV Series,8.6,6718,8.6,330337,60.0,"Crime ,Drama ,Mystery",13.0,10.0,2017.0
146,Mindhunter,1,4,TV Series,8.2,6662,8.6,330337,60.0,"Crime ,Drama ,Mystery",13.0,10.0,2017.0
146,Mindhunter,1,3,TV Series,8.2,7020,8.6,330337,60.0,"Crime ,Drama ,Mystery",13.0,10.0,2017.0
146,Mindhunter,1,2,TV Series,8.5,7864,8.6,330337,60.0,"Crime ,Drama ,Mystery",13.0,10.0,2017.0
146,Mindhunter,1,1,TV Series,7.8,8907,8.6,330337,60.0,"Crime ,Drama ,Mystery",13.0,10.0,2017.0
146,Mindhunter,1,9,TV Series,8.5,6207,8.6,330337,60.0,"Crime ,Drama ,Mystery",13.0,10.0,2017.0
146,Mindhunter,1,8,TV Series,8.1,6066,8.6,330337,60.0,"Crime ,Drama ,Mystery",13.0,10.0,2017.0
146,Mindhunter,1,7,TV Series,8.2,6148,8.6,330337,60.0,"Crime ,Drama ,Mystery",13.0,10.0,2017.0
146,Mindhunter,2,1,TV Series,8.1,5966,8.6,330337,60.0,"Crime ,Drama ,Mystery",16.0,8.0,2019.0
146,Mindhunter,1,10,TV Series,9.1,7855,8.6,330337,60.0,"Crime ,Drama ,Mystery",13.0,10.0,2017.0
147,The Return of Sherlock Holmes,1,8,TV Series,7.9,58,8.7,13281,781.0,"Crime ,Drama ,Mystery",29.0,12.0,1987.0
147,The Return of Sherlock Holmes,2,5,TV Series,8.2,57,8.7,13281,781.0,"Crime ,Drama ,Mystery",31.0,8.0,1988.0
147,The Return of Sherlock Holmes,1,3,TV Series,8.1,955,8.7,13281,781.0,"Crime ,Drama ,Mystery",23.0,7.0,1986.0
147,The Return of Sherlock Holmes,2,1,TV Series,8.1,912,8.7,13281,781.0,"Crime ,Drama ,Mystery",6.0,4.0,1988.0
147,The Return of Sherlock Holmes,2,2,TV Series,7.8,840,8.7,13281,781.0,"Crime ,Drama ,Mystery",13.0,4.0,1988.0
147,The Return of Sherlock Holmes,2,3,TV Series,7.3,825,8.7,13281,781.0,"Crime ,Drama ,Mystery",20.0,4.0,1988.0
147,The Return of Sherlock Holmes,2,4,TV Series,8.0,811,8.7,13281,781.0,"Crime ,Drama ,Mystery",27.0,4.0,1988.0
147,The Return of Sherlock Holmes,1,2,TV Series,8.0,937,8.7,13281,781.0,"Crime ,Drama ,Mystery",16.0,7.0,1986.0
147,The Return of Sherlock Holmes,1,4,TV Series,8.4,996,8.7,13281,781.0,"Crime ,Drama ,Mystery",30.0,7.0,1986.0
147,The Return of Sherlock Holmes,1,5,TV Series,8.0,933,8.7,13281,781.0,"Crime ,Drama ,Mystery",6.0,8.0,1986.0
147,The Return of Sherlock Holmes,1,6,TV Series,7.9,890,8.7,13281,781.0,"Crime ,Drama ,Mystery",13.0,8.0,1986.0
147,The Return of Sherlock Holmes,1,7,TV Series,8.0,954,8.7,13281,781.0,"Crime ,Drama ,Mystery",20.0,8.0,1986.0
147,The Return of Sherlock Holmes,1,1,TV Series,8.1,978,8.7,13281,781.0,"Crime ,Drama ,Mystery",9.0,7.0,1986.0
148,Haikyu!!,1,7,TV Series,8.5,598,8.7,34114,24.0,"Animation ,Comedy ,Drama",18.0,5.0,2014.0
148,Haikyu!!,1,16,TV Series,8.6,577,8.7,34114,24.0,"Animation ,Comedy ,Drama",20.0,7.0,2014.0
148,Haikyu!!,1,15,TV Series,8.5,564,8.7,34114,24.0,"Animation ,Comedy ,Drama",13.0,7.0,2014.0
148,Haikyu!!,1,14,TV Series,7.9,533,8.7,34114,24.0,"Animation ,Comedy ,Drama",6.0,7.0,2014.0
148,Haikyu!!,1,13,TV Series,8.7,618,8.7,34114,24.0,"Animation ,Comedy ,Drama",29.0,6.0,2014.0
148,Haikyu!!,2,2,TV Series,8.0,475,8.7,34114,24.0,"Animation ,Comedy ,Drama",11.0,10.0,2015.0
148,Haikyu!!,3,7,TV Series,8.8,522,8.7,34114,24.0,"Animation ,Comedy ,Drama",19.0,11.0,2016.0
148,Haikyu!!,3,6,TV Series,9.1,527,8.7,34114,24.0,"Animation ,Comedy ,Drama",12.0,11.0,2016.0
148,Haikyu!!,3,5,TV Series,8.9,519,8.7,34114,24.0,"Animation ,Comedy ,Drama",5.0,11.0,2016.0
148,Haikyu!!,3,4,TV Series,9.7,1205,8.7,34114,24.0,"Animation ,Comedy ,Drama",29.0,10.0,2016.0
148,Haikyu!!,3,3,TV Series,9.1,572,8.7,34114,24.0,"Animation ,Comedy ,Drama",22.0,10.0,2016.0
148,Haikyu!!,1,22,TV Series,8.8,557,8.7,34114,24.0,"Animation ,Comedy ,Drama",31.0,8.0,2014.0
148,Haikyu!!,1,21,TV Series,8.6,534,8.7,34114,24.0,"Animation ,Comedy ,Drama",24.0,8.0,2014.0
148,Haikyu!!,1,20,TV Series,8.7,569,8.7,34114,24.0,"Animation ,Comedy ,Drama",17.0,8.0,2014.0
148,Haikyu!!,2,25,TV Series,8.9,517,8.7,34114,24.0,"Animation ,Comedy ,Drama",27.0,3.0,2016.0
148,Haikyu!!,2,24,TV Series,9.7,1888,8.7,34114,24.0,"Animation ,Comedy ,Drama",20.0,3.0,2016.0
148,Haikyu!!,2,23,TV Series,8.9,505,8.7,34114,24.0,"Animation ,Comedy ,Drama",13.0,3.0,2016.0
148,Haikyu!!,2,22,TV Series,9.2,605,8.7,34114,24.0,"Animation ,Comedy ,Drama",6.0,3.0,2016.0
148,Haikyu!!,2,21,TV Series,8.8,460,8.7,34114,24.0,"Animation ,Comedy ,Drama",28.0,2.0,2016.0
148,Haikyu!!,2,20,TV Series,8.8,474,8.7,34114,24.0,"Animation ,Comedy ,Drama",21.0,2.0,2016.0
148,Haikyu!!,2,19,TV Series,8.1,422,8.7,34114,24.0,"Animation ,Comedy ,Drama",14.0,2.0,2016.0
148,Haikyu!!,2,18,TV Series,8.5,439,8.7,34114,24.0,"Animation ,Comedy ,Drama",7.0,2.0,2016.0
148,Haikyu!!,4,12,TV Series,8.6,454,8.7,34114,24.0,"Animation ,Comedy ,Drama",28.0,3.0,2020.0
148,Haikyu!!,4,11,TV Series,8.8,473,8.7,34114,24.0,"Animation ,Comedy ,Drama",20.0,3.0,2020.0
148,Haikyu!!,4,10,TV Series,8.5,427,8.7,34114,24.0,"Animation ,Comedy ,Drama",13.0,3.0,2020.0
148,Haikyu!!,4,9,TV Series,8.5,457,8.7,34114,24.0,"Animation ,Comedy ,Drama",6.0,3.0,2020.0
148,Haikyu!!,4,8,TV Series,8.0,413,8.7,34114,24.0,"Animation ,Comedy ,Drama",28.0,2.0,2020.0
148,Haikyu!!,2,12,TV Series,8.3,429,8.7,34114,24.0,"Animation ,Comedy ,Drama",20.0,12.0,2015.0
148,Haikyu!!,2,11,TV Series,8.3,433,8.7,34114,24.0,"Animation ,Comedy ,Drama",13.0,12.0,2015.0
148,Haikyu!!,2,10,TV Series,8.7,477,8.7,34114,24.0,"Animation ,Comedy ,Drama",6.0,12.0,2015.0
148,Haikyu!!,4,4,TV Series,8.2,447,8.7,34114,24.0,"Animation ,Comedy ,Drama",31.0,1.0,2020.0
148,Haikyu!!,4,3,TV Series,8.4,452,8.7,34114,24.0,"Animation ,Comedy ,Drama",24.0,1.0,2020.0
148,Haikyu!!,4,2,TV Series,7.9,439,8.7,34114,24.0,"Animation ,Comedy ,Drama",17.0,1.0,2020.0
148,Haikyu!!,4,1,TV Series,8.1,505,8.7,34114,24.0,"Animation ,Comedy ,Drama",10.0,1.0,2020.0
148,Haikyu!!,3,11,TV Series,7.4,140,8.7,34114,24.0,"Animation ,Comedy ,Drama",4.0,8.0,2017.0
148,Haikyu!!,3,10,TV Series,9.7,1419,8.7,34114,24.0,"Animation ,Comedy ,Drama",10.0,12.0,2016.0
148,Haikyu!!,3,9,TV Series,9.6,892,8.7,34114,24.0,"Animation ,Comedy ,Drama",3.0,12.0,2016.0
148,Haikyu!!,3,8,TV Series,9.2,551,8.7,34114,24.0,"Animation ,Comedy ,Drama",26.0,11.0,2016.0
148,Haikyu!!,4,25,TV Series,8.7,568,8.7,34114,24.0,"Animation ,Comedy ,Drama",18.0,12.0,2020.0
148,Haikyu!!,Unknown,Unknown,TV Series,8.4,35,8.7,34114,24.0,"Animation ,Comedy ,Drama",11.0,12.0,2020.0
148,Haikyu!!,3,1,TV Series,8.6,552,8.7,34114,24.0,"Animation ,Comedy ,Drama",8.0,10.0,2016.0
148,Haikyu!!,2,26,TV Series,7.1,199,8.7,34114,24.0,"Animation ,Comedy ,Drama",2.0,5.0,2016.0
148,Haikyu!!,4,24,TV Series,9.7,1711,8.7,34114,24.0,"Animation ,Comedy ,Drama",11.0,12.0,2020.0
148,Haikyu!!,3,2,TV Series,8.7,519,8.7,34114,24.0,"Animation ,Comedy ,Drama",15.0,10.0,2016.0
148,Haikyu!!,4,20,TV Series,8.6,508,8.7,34114,24.0,"Animation ,Comedy ,Drama",13.0,11.0,2020.0
148,Haikyu!!,4,19,TV Series,8.2,438,8.7,34114,24.0,"Animation ,Comedy ,Drama",6.0,11.0,2020.0
148,Haikyu!!,4,17,TV Series,7.7,437,8.7,34114,24.0,"Animation ,Comedy ,Drama",23.0,10.0,2020.0
148,Haikyu!!,4,18,TV Series,8.4,459,8.7,34114,24.0,"Animation ,Comedy ,Drama",30.0,10.0,2020.0
148,Haikyu!!,4,5,TV Series,8.0,421,8.7,34114,24.0,"Animation ,Comedy ,Drama",7.0,2.0,2020.0
148,Haikyu!!,4,13,TV Series,8.8,515,8.7,34114,24.0,"Animation ,Comedy ,Drama",3.0,4.0,2020.0
148,Haikyu!!,4,16,TV Series,9.3,776,8.7,34114,24.0,"Animation ,Comedy ,Drama",16.0,10.0,2020.0
148,Haikyu!!,4,15,TV Series,8.0,465,8.7,34114,24.0,"Animation ,Comedy ,Drama",9.0,10.0,2020.0
148,Haikyu!!,4,14,TV Series,8.7,535,8.7,34114,24.0,"Animation ,Comedy ,Drama",2.0,10.0,2020.0
148,Haikyu!!,4,7,TV Series,8.2,426,8.7,34114,24.0,"Animation ,Comedy ,Drama",21.0,2.0,2020.0
148,Haikyu!!,4,6,TV Series,8.1,410,8.7,34114,24.0,"Animation ,Comedy ,Drama",14.0,2.0,2020.0
148,Haikyu!!,4,22,TV Series,9.5,1008,8.7,34114,24.0,"Animation ,Comedy ,Drama",27.0,11.0,2020.0
148,Haikyu!!,4,21,TV Series,8.5,501,8.7,34114,24.0,"Animation ,Comedy ,Drama",20.0,11.0,2020.0
148,Haikyu!!,4,23,TV Series,9.1,642,8.7,34114,24.0,"Animation ,Comedy ,Drama",4.0,12.0,2020.0
148,Haikyu!!,1,18,TV Series,9.1,651,8.7,34114,24.0,"Animation ,Comedy ,Drama",3.0,8.0,2014.0
148,Haikyu!!,1,17,TV Series,9.2,753,8.7,34114,24.0,"Animation ,Comedy ,Drama",27.0,7.0,2014.0
148,Haikyu!!,1,10,TV Series,8.1,552,8.7,34114,24.0,"Animation ,Comedy ,Drama",8.0,6.0,2014.0
148,Haikyu!!,1,9,TV Series,8.6,639,8.7,34114,24.0,"Animation ,Comedy ,Drama",1.0,6.0,2014.0
148,Haikyu!!,1,11,TV Series,7.8,542,8.7,34114,24.0,"Animation ,Comedy ,Drama",15.0,6.0,2014.0
148,Haikyu!!,2,6,TV Series,8.2,453,8.7,34114,24.0,"Animation ,Comedy ,Drama",8.0,11.0,2015.0
148,Haikyu!!,2,1,TV Series,8.4,562,8.7,34114,24.0,"Animation ,Comedy ,Drama",4.0,10.0,2015.0
148,Haikyu!!,2,15,TV Series,8.2,415,8.7,34114,24.0,"Animation ,Comedy ,Drama",17.0,1.0,2016.0
148,Haikyu!!,2,17,TV Series,8.2,425,8.7,34114,24.0,"Animation ,Comedy ,Drama",31.0,1.0,2016.0
148,Haikyu!!,2,16,TV Series,8.5,432,8.7,34114,24.0,"Animation ,Comedy ,Drama",24.0,1.0,2016.0
148,Haikyu!!,1,5,TV Series,7.8,601,8.7,34114,24.0,"Animation ,Comedy ,Drama",4.0,5.0,2014.0
148,Haikyu!!,1,6,TV Series,8.2,581,8.7,34114,24.0,"Animation ,Comedy ,Drama",11.0,5.0,2014.0
148,Haikyu!!,2,13,TV Series,8.4,422,8.7,34114,24.0,"Animation ,Comedy ,Drama",27.0,12.0,2015.0
148,Haikyu!!,1,12,TV Series,8.4,527,8.7,34114,24.0,"Animation ,Comedy ,Drama",22.0,6.0,2014.0
148,Haikyu!!,1,4,TV Series,8.5,677,8.7,34114,24.0,"Animation ,Comedy ,Drama",27.0,4.0,2014.0
148,Haikyu!!,2,9,TV Series,8.1,432,8.7,34114,24.0,"Animation ,Comedy ,Drama",29.0,11.0,2015.0
148,Haikyu!!,2,8,TV Series,8.4,467,8.7,34114,24.0,"Animation ,Comedy ,Drama",22.0,11.0,2015.0
148,Haikyu!!,2,7,TV Series,8.0,438,8.7,34114,24.0,"Animation ,Comedy ,Drama",15.0,11.0,2015.0
148,Haikyu!!,2,3,TV Series,8.4,483,8.7,34114,24.0,"Animation ,Comedy ,Drama",18.0,10.0,2015.0
148,Haikyu!!,2,4,TV Series,8.0,445,8.7,34114,24.0,"Animation ,Comedy ,Drama",25.0,10.0,2015.0
148,Haikyu!!,2,5,TV Series,8.1,458,8.7,34114,24.0,"Animation ,Comedy ,Drama",1.0,11.0,2015.0
148,Haikyu!!,2,14,TV Series,8.2,421,8.7,34114,24.0,"Animation ,Comedy ,Drama",10.0,1.0,2016.0
148,Haikyu!!,1,23,TV Series,9.1,608,8.7,34114,24.0,"Animation ,Comedy ,Drama",7.0,9.0,2014.0
148,Haikyu!!,1,26,TV Series,7.3,254,8.7,34114,24.0,"Animation ,Comedy ,Drama",9.0,11.0,2014.0
148,Haikyu!!,1,25,TV Series,8.5,546,8.7,34114,24.0,"Animation ,Comedy ,Drama",21.0,9.0,2014.0
148,Haikyu!!,1,24,TV Series,9.3,803,8.7,34114,24.0,"Animation ,Comedy ,Drama",14.0,9.0,2014.0
148,Haikyu!!,1,8,TV Series,8.2,577,8.7,34114,24.0,"Animation ,Comedy ,Drama",25.0,5.0,2014.0
148,Haikyu!!,1,3,TV Series,8.0,657,8.7,34114,24.0,"Animation ,Comedy ,Drama",20.0,4.0,2014.0
148,Haikyu!!,1,2,TV Series,7.7,687,8.7,34114,24.0,"Animation ,Comedy ,Drama",13.0,4.0,2014.0
148,Haikyu!!,1,1,TV Series,8.1,810,8.7,34114,24.0,"Animation ,Comedy ,Drama",5.0,4.0,2014.0
148,Haikyu!!,1,19,TV Series,8.4,526,8.7,34114,24.0,"Animation ,Comedy ,Drama",10.0,8.0,2014.0
149,The Offer,1,3,TV Mini Series,8.4,1297,8.6,38890,586.0,"Biography ,Drama",28.0,4.0,2022.0
149,The Offer,1,2,TV Mini Series,8.2,1374,8.6,38890,586.0,"Biography ,Drama",28.0,4.0,2022.0
149,The Offer,1,4,TV Mini Series,8.5,1270,8.6,38890,586.0,"Biography ,Drama",5.0,5.0,2022.0
149,The Offer,1,8,TV Mini Series,8.3,1121,8.6,38890,586.0,"Biography ,Drama",2.0,6.0,2022.0
149,The Offer,1,10,TV Mini Series,8.7,1045,8.6,38890,586.0,"Biography ,Drama",16.0,6.0,2022.0
149,The Offer,1,9,TV Mini Series,9.0,1251,8.6,38890,586.0,"Biography ,Drama",9.0,6.0,2022.0
149,The Offer,1,1,TV Mini Series,8.2,1626,8.6,38890,586.0,"Biography ,Drama",28.0,4.0,2022.0
149,The Offer,1,6,TV Mini Series,8.5,1210,8.6,38890,586.0,"Biography ,Drama",19.0,5.0,2022.0
149,The Offer,1,7,TV Mini Series,8.7,1207,8.6,38890,586.0,"Biography ,Drama",26.0,5.0,2022.0
149,The Offer,1,5,TV Mini Series,8.6,1248,8.6,38890,586.0,"Biography ,Drama",12.0,5.0,2022.0
150,Gomorrah,3,6,TV Series,8.1,520,8.6,43955,55.0,"Crime ,Drama ,Thriller",1.0,12.0,2017.0
150,Gomorrah,1,8,TV Series,8.0,734,8.6,43955,55.0,"Crime ,Drama ,Thriller",27.0,5.0,2014.0
150,Gomorrah,1,6,TV Series,8.3,793,8.6,43955,55.0,"Crime ,Drama ,Thriller",20.0,5.0,2014.0
150,Gomorrah,1,4,TV Series,8.1,802,8.6,43955,55.0,"Crime ,Drama ,Thriller",13.0,5.0,2014.0
150,Gomorrah,1,7,TV Series,8.1,744,8.6,43955,55.0,"Crime ,Drama ,Thriller",27.0,5.0,2014.0
150,Gomorrah,1,5,TV Series,7.9,776,8.6,43955,55.0,"Crime ,Drama ,Thriller",20.0,5.0,2014.0
150,Gomorrah,2,12,TV Series,9.1,872,8.6,43955,55.0,"Crime ,Drama ,Thriller",14.0,6.0,2016.0
150,Gomorrah,2,11,TV Series,8.0,571,8.6,43955,55.0,"Crime ,Drama ,Thriller",14.0,6.0,2016.0
150,Gomorrah,2,10,TV Series,8.4,589,8.6,43955,55.0,"Crime ,Drama ,Thriller",7.0,6.0,2016.0
150,Gomorrah,2,8,TV Series,8.2,583,8.6,43955,55.0,"Crime ,Drama ,Thriller",31.0,5.0,2016.0
150,Gomorrah,2,9,TV Series,8.1,575,8.6,43955,55.0,"Crime ,Drama ,Thriller",7.0,6.0,2016.0
150,Gomorrah,2,4,TV Series,7.9,617,8.6,43955,55.0,"Crime ,Drama ,Thriller",17.0,5.0,2016.0
150,Gomorrah,2,3,TV Series,8.5,725,8.6,43955,55.0,"Crime ,Drama ,Thriller",17.0,5.0,2016.0
150,Gomorrah,2,2,TV Series,7.8,680,8.6,43955,55.0,"Crime ,Drama ,Thriller",10.0,5.0,2016.0
150,Gomorrah,2,1,TV Series,7.9,740,8.6,43955,55.0,"Crime ,Drama ,Thriller",10.0,5.0,2016.0
150,Gomorrah,1,12,TV Series,9.0,962,8.6,43955,55.0,"Crime ,Drama ,Thriller",10.0,6.0,2014.0
150,Gomorrah,1,11,TV Series,8.8,807,8.6,43955,55.0,"Crime ,Drama ,Thriller",10.0,6.0,2014.0
150,Gomorrah,1,10,TV Series,8.4,754,8.6,43955,55.0,"Crime ,Drama ,Thriller",3.0,6.0,2014.0
150,Gomorrah,1,9,TV Series,8.5,790,8.6,43955,55.0,"Crime ,Drama ,Thriller",3.0,6.0,2014.0
150,Gomorrah,4,4,TV Series,8.3,549,8.6,43955,55.0,"Crime ,Drama ,Thriller",5.0,4.0,2019.0
150,Gomorrah,4,3,TV Series,7.8,524,8.6,43955,55.0,"Crime ,Drama ,Thriller",5.0,4.0,2019.0
150,Gomorrah,4,2,TV Series,8.2,562,8.6,43955,55.0,"Crime ,Drama ,Thriller",29.0,3.0,2019.0
150,Gomorrah,4,1,TV Series,7.8,590,8.6,43955,55.0,"Crime ,Drama ,Thriller",29.0,3.0,2019.0
150,Gomorrah,3,12,TV Series,8.8,726,8.6,43955,55.0,"Crime ,Drama ,Thriller",22.0,12.0,2017.0
150,Gomorrah,1,3,TV Series,7.9,831,8.6,43955,55.0,"Crime ,Drama ,Thriller",13.0,5.0,2014.0
150,Gomorrah,1,2,TV Series,8.2,926,8.6,43955,55.0,"Crime ,Drama ,Thriller",6.0,5.0,2014.0
150,Gomorrah,1,1,TV Series,7.9,1096,8.6,43955,55.0,"Crime ,Drama ,Thriller",24.0,8.0,2016.0
150,Gomorrah,3,8,TV Series,8.1,494,8.6,43955,55.0,"Crime ,Drama ,Thriller",8.0,12.0,2017.0
150,Gomorrah,3,7,TV Series,7.8,491,8.6,43955,55.0,"Crime ,Drama ,Thriller",8.0,12.0,2017.0
150,Gomorrah,5,1,TV Series,8.1,530,8.6,43955,55.0,"Crime ,Drama ,Thriller",19.0,11.0,2021.0
150,Gomorrah,5,10,TV Series,8.1,604,8.6,43955,55.0,"Crime ,Drama ,Thriller",17.0,12.0,2021.0
150,Gomorrah,5,2,TV Series,8.3,515,8.6,43955,55.0,"Crime ,Drama ,Thriller",19.0,11.0,2021.0
150,Gomorrah,5,3,TV Series,8.0,429,8.6,43955,55.0,"Crime ,Drama ,Thriller",26.0,11.0,2021.0
150,Gomorrah,2,7,TV Series,8.4,597,8.6,43955,55.0,"Crime ,Drama ,Thriller",31.0,5.0,2016.0
150,Gomorrah,5,4,TV Series,8.5,443,8.6,43955,55.0,"Crime ,Drama ,Thriller",26.0,11.0,2021.0
150,Gomorrah,5,5,TV Series,8.1,395,8.6,43955,55.0,"Crime ,Drama ,Thriller",3.0,12.0,2021.0
150,Gomorrah,3,9,TV Series,8.1,485,8.6,43955,55.0,"Crime ,Drama ,Thriller",15.0,12.0,2017.0
150,Gomorrah,3,11,TV Series,8.9,614,8.6,43955,55.0,"Crime ,Drama ,Thriller",22.0,12.0,2017.0
150,Gomorrah,3,10,TV Series,8.1,498,8.6,43955,55.0,"Crime ,Drama ,Thriller",15.0,12.0,2017.0
150,Gomorrah,4,5,TV Series,7.8,493,8.6,43955,55.0,"Crime ,Drama ,Thriller",12.0,4.0,2019.0
150,Gomorrah,4,6,TV Series,8.1,507,8.6,43955,55.0,"Crime ,Drama ,Thriller",12.0,4.0,2019.0
150,Gomorrah,4,7,TV Series,7.9,486,8.6,43955,55.0,"Crime ,Drama ,Thriller",19.0,4.0,2019.0
150,Gomorrah,4,8,TV Series,8.1,484,8.6,43955,55.0,"Crime ,Drama ,Thriller",19.0,4.0,2019.0
150,Gomorrah,4,9,TV Series,8.7,527,8.6,43955,55.0,"Crime ,Drama ,Thriller",26.0,4.0,2019.0
150,Gomorrah,4,10,TV Series,8.3,479,8.6,43955,55.0,"Crime ,Drama ,Thriller",26.0,4.0,2019.0
150,Gomorrah,4,11,TV Series,8.2,472,8.6,43955,55.0,"Crime ,Drama ,Thriller",3.0,5.0,2019.0
150,Gomorrah,4,12,TV Series,9.0,754,8.6,43955,55.0,"Crime ,Drama ,Thriller",3.0,5.0,2019.0
150,Gomorrah,2,5,TV Series,8.1,605,8.6,43955,55.0,"Crime ,Drama ,Thriller",24.0,5.0,2016.0
150,Gomorrah,2,6,TV Series,8.2,609,8.6,43955,55.0,"Crime ,Drama ,Thriller",24.0,5.0,2016.0
150,Gomorrah,3,3,TV Series,8.8,749,8.6,43955,55.0,"Crime ,Drama ,Thriller",24.0,11.0,2017.0
150,Gomorrah,3,4,TV Series,8.7,603,8.6,43955,55.0,"Crime ,Drama ,Thriller",24.0,11.0,2017.0
150,Gomorrah,3,5,TV Series,8.0,530,8.6,43955,55.0,"Crime ,Drama ,Thriller",1.0,12.0,2017.0
150,Gomorrah,5,6,TV Series,8.0,386,8.6,43955,55.0,"Crime ,Drama ,Thriller",3.0,12.0,2021.0
150,Gomorrah,5,7,TV Series,8.5,416,8.6,43955,55.0,"Crime ,Drama ,Thriller",10.0,12.0,2021.0
150,Gomorrah,5,8,TV Series,8.3,412,8.6,43955,55.0,"Crime ,Drama ,Thriller",10.0,12.0,2021.0
150,Gomorrah,3,1,TV Series,8.0,630,8.6,43955,55.0,"Crime ,Drama ,Thriller",17.0,11.0,2017.0
150,Gomorrah,3,2,TV Series,7.7,587,8.6,43955,55.0,"Crime ,Drama ,Thriller",17.0,11.0,2017.0
150,Gomorrah,5,9,TV Series,8.4,379,8.6,43955,55.0,"Crime ,Drama ,Thriller",17.0,12.0,2021.0
151,Poirot,2,2,TV Series,7.4,1635,8.6,51348,100.0,"Crime ,Drama ,Mystery",14.0,1.0,1990.0
151,Poirot,2,4,TV Series,7.5,1581,8.6,51348,100.0,"Crime ,Drama ,Mystery",28.0,1.0,1990.0
151,Poirot,2,3,TV Series,7.3,1534,8.6,51348,100.0,"Crime ,Drama ,Mystery",21.0,1.0,1990.0
151,Poirot,1,5,TV Series,7.6,1903,8.6,51348,100.0,"Crime ,Drama ,Mystery",5.0,2.0,1989.0
151,Poirot,1,6,TV Series,7.4,1955,8.6,51348,100.0,"Crime ,Drama ,Mystery",12.0,2.0,1989.0
151,Poirot,2,1,TV Series,8.0,2256,8.6,51348,100.0,"Crime ,Drama ,Mystery",7.0,1.0,1990.0
151,Poirot,1,10,TV Series,7.7,1731,8.6,51348,100.0,"Crime ,Drama ,Mystery",19.0,3.0,1989.0
151,Poirot,5,3,TV Series,7.8,1478,8.6,51348,100.0,"Crime ,Drama ,Mystery",31.0,1.0,1993.0
151,Poirot,1,1,TV Series,7.5,2402,8.6,51348,100.0,"Crime ,Drama ,Mystery",8.0,1.0,1989.0
151,Poirot,1,4,TV Series,7.2,1806,8.6,51348,100.0,"Crime ,Drama ,Mystery",29.0,1.0,1989.0
151,Poirot,1,3,TV Series,6.9,1912,8.6,51348,100.0,"Crime ,Drama ,Mystery",22.0,1.0,1989.0
151,Poirot,3,10,TV Series,7.5,1370,8.6,51348,100.0,"Crime ,Drama ,Mystery",3.0,3.0,1991.0
151,Poirot,3,11,TV Series,7.5,1362,8.6,51348,100.0,"Crime ,Drama ,Mystery",10.0,3.0,1991.0
151,Poirot,1,2,TV Series,7.4,2044,8.6,51348,100.0,"Crime ,Drama ,Mystery",15.0,1.0,1989.0
151,Poirot,3,9,TV Series,7.5,1392,8.6,51348,100.0,"Crime ,Drama ,Mystery",24.0,2.0,1991.0
151,Poirot,3,7,TV Series,7.3,1411,8.6,51348,100.0,"Crime ,Drama ,Mystery",10.0,2.0,1991.0
151,Poirot,3,8,TV Series,7.6,1419,8.6,51348,100.0,"Crime ,Drama ,Mystery",17.0,2.0,1991.0
151,Poirot,3,3,TV Series,7.6,1401,8.6,51348,100.0,"Crime ,Drama ,Mystery",13.0,1.0,1991.0
151,Poirot,3,2,TV Series,7.6,1492,8.6,51348,100.0,"Crime ,Drama ,Mystery",6.0,1.0,1991.0
151,Poirot,3,1,TV Series,7.9,2272,8.6,51348,100.0,"Crime ,Drama ,Mystery",16.0,9.0,1990.0
151,Poirot,2,9,TV Series,7.2,1412,8.6,51348,100.0,"Crime ,Drama ,Mystery",4.0,3.0,1990.0
151,Poirot,2,8,TV Series,7.4,1465,8.6,51348,100.0,"Crime ,Drama ,Mystery",25.0,2.0,1990.0
151,Poirot,2,7,TV Series,7.4,1492,8.6,51348,100.0,"Crime ,Drama ,Mystery",18.0,2.0,1990.0
151,Poirot,2,6,TV Series,7.5,1542,8.6,51348,100.0,"Crime ,Drama ,Mystery",11.0,2.0,1990.0
151,Poirot,2,5,TV Series,7.8,1628,8.6,51348,100.0,"Crime ,Drama ,Mystery",4.0,2.0,1990.0
151,Poirot,7,1,TV Series,7.3,2405,8.6,51348,100.0,"Crime ,Drama ,Mystery",2.0,1.0,2000.0
151,Poirot,6,4,TV Series,7.9,2040,8.6,51348,100.0,"Crime ,Drama ,Mystery",31.0,10.0,1996.0
151,Poirot,6,3,TV Series,7.8,2037,8.6,51348,100.0,"Crime ,Drama ,Mystery",11.0,2.0,1996.0
151,Poirot,6,2,TV Series,7.6,2019,8.6,51348,100.0,"Crime ,Drama ,Mystery",12.0,2.0,1995.0
151,Poirot,6,1,TV Series,8.0,2537,8.6,51348,100.0,"Crime ,Drama ,Mystery",25.0,12.0,1994.0
151,Poirot,1,9,TV Series,7.0,1652,8.6,51348,100.0,"Crime ,Drama ,Mystery",12.0,3.0,1989.0
151,Poirot,1,8,TV Series,7.1,1645,8.6,51348,100.0,"Crime ,Drama ,Mystery",26.0,2.0,1989.0
151,Poirot,1,7,TV Series,7.3,1758,8.6,51348,100.0,"Crime ,Drama ,Mystery",19.0,2.0,1989.0
151,Poirot,5,5,TV Series,7.4,1290,8.6,51348,100.0,"Crime ,Drama ,Mystery",14.0,2.0,1993.0
151,Poirot,5,4,TV Series,7.6,1354,8.6,51348,100.0,"Crime ,Drama ,Mystery",7.0,2.0,1993.0
151,Poirot,12,3,TV Series,8.0,4928,8.6,51348,100.0,"Crime ,Drama ,Mystery",11.0,7.0,2010.0
151,Poirot,12,4,TV Series,7.9,2184,8.6,51348,100.0,"Crime ,Drama ,Mystery",26.0,6.0,2011.0
151,Poirot,13,1,TV Series,8.0,2221,8.6,51348,100.0,"Crime ,Drama ,Mystery",11.0,8.0,2014.0
151,Poirot,13,2,TV Series,7.2,1979,8.6,51348,100.0,"Crime ,Drama ,Mystery",27.0,7.0,2014.0
151,Poirot,13,3,TV Series,7.9,1974,8.6,51348,100.0,"Crime ,Drama ,Mystery",3.0,8.0,2014.0
151,Poirot,13,4,TV Series,8.1,2190,8.6,51348,100.0,"Crime ,Drama ,Mystery",18.0,8.0,2014.0
151,Poirot,13,5,TV Series,8.5,2533,8.6,51348,100.0,"Crime ,Drama ,Mystery",25.0,8.0,2014.0
151,Poirot,5,6,TV Series,8.2,1673,8.6,51348,100.0,"Crime ,Drama ,Mystery",21.0,2.0,1993.0
151,Poirot,5,7,TV Series,7.7,1333,8.6,51348,100.0,"Crime ,Drama ,Mystery",28.0,2.0,1993.0
151,Poirot,5,8,TV Series,7.5,1303,8.6,51348,100.0,"Crime ,Drama ,Mystery",7.0,3.0,1993.0
151,Poirot,7,2,TV Series,7.9,2166,8.6,51348,100.0,"Crime ,Drama ,Mystery",19.0,2.0,2000.0
151,Poirot,8,1,TV Series,8.0,2634,8.6,51348,100.0,"Crime ,Drama ,Mystery",13.0,7.0,2003.0
151,Poirot,8,2,TV Series,7.4,2259,8.6,51348,100.0,"Crime ,Drama ,Mystery",8.0,7.0,2001.0
151,Poirot,9,1,TV Series,8.3,4025,8.6,51348,100.0,"Crime ,Drama ,Mystery",14.0,12.0,2003.0
151,Poirot,9,2,TV Series,8.0,2582,8.6,51348,100.0,"Crime ,Drama ,Mystery",26.0,12.0,2003.0
151,Poirot,9,3,TV Series,7.9,4076,8.6,51348,100.0,"Crime ,Drama ,Mystery",12.0,4.0,2004.0
151,Poirot,9,4,TV Series,7.7,2516,8.6,51348,100.0,"Crime ,Drama ,Mystery",26.0,9.0,2004.0
151,Poirot,10,1,TV Series,7.5,2587,8.6,51348,100.0,"Crime ,Drama ,Mystery",11.0,12.0,2005.0
151,Poirot,3,4,TV Series,7.4,1390,8.6,51348,100.0,"Crime ,Drama ,Mystery",20.0,1.0,1991.0
151,Poirot,3,5,TV Series,7.7,1485,8.6,51348,100.0,"Crime ,Drama ,Mystery",27.0,1.0,1991.0
151,Poirot,3,6,TV Series,7.6,1445,8.6,51348,100.0,"Crime ,Drama ,Mystery",3.0,2.0,1991.0
151,Poirot,11,1,TV Series,7.7,2022,8.6,51348,100.0,"Crime ,Drama ,Mystery",14.0,9.0,2008.0
151,Poirot,11,2,TV Series,7.9,2194,8.6,51348,100.0,"Crime ,Drama ,Mystery",21.0,6.0,2009.0
151,Poirot,11,3,TV Series,7.7,2029,8.6,51348,100.0,"Crime ,Drama ,Mystery",18.0,7.0,2010.0
151,Poirot,11,4,TV Series,7.5,2478,8.6,51348,100.0,"Crime ,Drama ,Mystery",25.0,7.0,2010.0
151,Poirot,12,1,TV Series,7.7,2195,8.6,51348,100.0,"Crime ,Drama ,Mystery",19.0,6.0,2011.0
151,Poirot,4,1,TV Series,8.4,2727,8.6,51348,100.0,"Crime ,Drama ,Mystery",5.0,1.0,1992.0
151,Poirot,4,2,TV Series,7.8,2007,8.6,51348,100.0,"Crime ,Drama ,Mystery",12.0,1.0,1992.0
151,Poirot,4,3,TV Series,7.7,1817,8.6,51348,100.0,"Crime ,Drama ,Mystery",19.0,1.0,1992.0
151,Poirot,5,1,TV Series,7.6,1481,8.6,51348,100.0,"Crime ,Drama ,Mystery",17.0,1.0,1993.0
151,Poirot,5,2,TV Series,7.3,1288,8.6,51348,100.0,"Crime ,Drama ,Mystery",24.0,1.0,1993.0
151,Poirot,10,2,TV Series,7.5,2396,8.6,51348,100.0,"Crime ,Drama ,Mystery",19.0,3.0,2006.0
151,Poirot,12,2,TV Series,7.8,2278,8.6,51348,100.0,"Crime ,Drama ,Mystery",3.0,7.0,2011.0
151,Poirot,10,4,TV Series,7.4,1976,8.6,51348,100.0,"Crime ,Drama ,Mystery",17.0,12.0,2006.0
151,Poirot,10,3,TV Series,8.0,2537,8.6,51348,100.0,"Crime ,Drama ,Mystery",26.0,3.0,2006.0
152,Mr. Bean,1,10,TV Series,8.4,1640,8.6,131777,25.0,"Comedy ,Family",25.0,4.0,1994.0
152,Mr. Bean,1,11,TV Series,8.5,1626,8.6,131777,25.0,"Comedy ,Family",26.0,10.0,1994.0
152,Mr. Bean,1,12,TV Series,8.4,1597,8.6,131777,25.0,"Comedy ,Family",20.0,9.0,1995.0
152,Mr. Bean,1,13,TV Series,8.5,1624,8.6,131777,25.0,"Comedy ,Family",31.0,10.0,1995.0
152,Mr. Bean,1,15,TV Series,8.3,1539,8.6,131777,25.0,"Comedy ,Family",15.0,12.0,1995.0
152,Mr. Bean,1,14,TV Series,8.5,1571,8.6,131777,25.0,"Comedy ,Family",15.0,11.0,1995.0
152,Mr. Bean,1,3,TV Series,8.8,1988,8.6,131777,25.0,"Comedy ,Family",16.0,4.0,1992.0
152,Mr. Bean,1,2,TV Series,8.7,2019,8.6,131777,25.0,"Comedy ,Family",9.0,4.0,1992.0
152,Mr. Bean,1,9,TV Series,8.9,1819,8.6,131777,25.0,"Comedy ,Family",10.0,1.0,1994.0
152,Mr. Bean,1,1,TV Series,8.8,2416,8.6,131777,25.0,"Comedy ,Family",2.0,4.0,1992.0
152,Mr. Bean,1,6,TV Series,8.5,1697,8.6,131777,25.0,"Comedy ,Family",6.0,5.0,1992.0
152,Mr. Bean,1,4,TV Series,8.3,1785,8.6,131777,25.0,"Comedy ,Family",23.0,4.0,1992.0
152,Mr. Bean,1,8,TV Series,8.6,1755,8.6,131777,25.0,"Comedy ,Family",17.0,2.0,1993.0
152,Mr. Bean,1,5,TV Series,8.6,1807,8.6,131777,25.0,"Comedy ,Family",30.0,4.0,1992.0
152,Mr. Bean,1,7,TV Series,8.9,2709,8.6,131777,25.0,"Comedy ,Family",29.0,12.0,1992.0
153,Mystery Science Theater 3000,1,6,TV Series,6.4,352,8.6,25716,92.0,"Comedy ,Sci-Fi",18.0,12.0,1988.0
153,Mystery Science Theater 3000,1,12,TV Series,6.8,318,8.6,25716,92.0,"Comedy ,Sci-Fi",5.0,2.0,1989.0
153,Mystery Science Theater 3000,1,11,TV Series,6.6,328,8.6,25716,92.0,"Comedy ,Sci-Fi",29.0,1.0,1989.0
153,Mystery Science Theater 3000,1,10,TV Series,6.6,315,8.6,25716,92.0,"Comedy ,Sci-Fi",22.0,1.0,1989.0
153,Mystery Science Theater 3000,1,8,TV Series,7.1,352,8.6,25716,92.0,"Comedy ,Sci-Fi",8.0,1.0,1989.0
153,Mystery Science Theater 3000,1,16,TV Series,6.7,326,8.6,25716,92.0,"Comedy ,Sci-Fi",19.0,3.0,1989.0
153,Mystery Science Theater 3000,1,15,TV Series,6.3,330,8.6,25716,92.0,"Comedy ,Sci-Fi",12.0,3.0,1989.0
153,Mystery Science Theater 3000,1,14,TV Series,6.5,323,8.6,25716,92.0,"Comedy ,Sci-Fi",5.0,3.0,1989.0
153,Mystery Science Theater 3000,1,13,TV Series,7.1,326,8.6,25716,92.0,"Comedy ,Sci-Fi",19.0,2.0,1989.0
153,Mystery Science Theater 3000,1,20,TV Series,6.8,318,8.6,25716,92.0,"Comedy ,Sci-Fi",21.0,5.0,1989.0
153,Mystery Science Theater 3000,1,21,TV Series,6.9,321,8.6,25716,92.0,"Comedy ,Sci-Fi",28.0,5.0,1989.0
153,Mystery Science Theater 3000,2,2,TV Series,6.4,653,8.6,25716,92.0,"Comedy ,Sci-Fi",25.0,11.0,1989.0
153,Mystery Science Theater 3000,1,7,TV Series,6.7,338,8.6,25716,92.0,"Comedy ,Sci-Fi",31.0,12.0,1988.0
153,Mystery Science Theater 3000,1,4,TV Series,6.4,353,8.6,25716,92.0,"Comedy ,Sci-Fi",4.0,12.0,1988.0
153,Mystery Science Theater 3000,1,5,TV Series,6.7,374,8.6,25716,92.0,"Comedy ,Sci-Fi",11.0,12.0,1988.0
153,Mystery Science Theater 3000,11,8,TV Series,8.0,693,8.6,25716,92.0,"Comedy ,Sci-Fi",20.0,6.0,1999.0
153,Mystery Science Theater 3000,1,0,TV Series,6.4,325,8.6,25716,92.0,"Comedy ,Sci-Fi",10.0,5.0,1988.0
153,Mystery Science Theater 3000,2,8,TV Series,6.9,457,8.6,25716,92.0,"Comedy ,Sci-Fi",30.0,12.0,1989.0
153,Mystery Science Theater 3000,2,9,TV Series,7.0,470,8.6,25716,92.0,"Comedy ,Sci-Fi",6.0,1.0,1990.0
153,Mystery Science Theater 3000,2,10,TV Series,7.3,522,8.6,25716,92.0,"Comedy ,Sci-Fi",13.0,1.0,1990.0
153,Mystery Science Theater 3000,2,11,TV Series,7.2,494,8.6,25716,92.0,"Comedy ,Sci-Fi",20.0,1.0,1990.0
153,Mystery Science Theater 3000,1,1,TV Series,6.4,325,8.6,25716,92.0,"Comedy ,Sci-Fi",24.0,11.0,1988.0
153,Mystery Science Theater 3000,1,2,TV Series,6.6,312,8.6,25716,92.0,"Comedy ,Sci-Fi",24.0,11.0,1988.0
153,Mystery Science Theater 3000,1,3,TV Series,6.9,319,8.6,25716,92.0,"Comedy ,Sci-Fi",27.0,11.0,1988.0
153,Mystery Science Theater 3000,3,2,TV Series,7.4,635,8.6,25716,92.0,"Comedy ,Sci-Fi",29.0,9.0,1990.0
153,Mystery Science Theater 3000,3,3,TV Series,7.4,459,8.6,25716,92.0,"Comedy ,Sci-Fi",6.0,10.0,1990.0
153,Mystery Science Theater 3000,3,4,TV Series,7.7,668,8.6,25716,92.0,"Comedy ,Sci-Fi",13.0,10.0,1990.0
153,Mystery Science Theater 3000,3,5,TV Series,7.3,469,8.6,25716,92.0,"Comedy ,Sci-Fi",27.0,10.0,1990.0
153,Mystery Science Theater 3000,3,6,TV Series,7.5,530,8.6,25716,92.0,"Comedy ,Sci-Fi",3.0,11.0,1990.0
153,Mystery Science Theater 3000,1,9,TV Series,6.8,332,8.6,25716,92.0,"Comedy ,Sci-Fi",15.0,1.0,1989.0
153,Mystery Science Theater 3000,3,8,TV Series,7.5,550,8.6,25716,92.0,"Comedy ,Sci-Fi",24.0,11.0,1990.0
153,Mystery Science Theater 3000,3,9,TV Series,7.2,492,8.6,25716,92.0,"Comedy ,Sci-Fi",8.0,12.0,1990.0
153,Mystery Science Theater 3000,3,10,TV Series,7.6,513,8.6,25716,92.0,"Comedy ,Sci-Fi",22.0,12.0,1990.0
153,Mystery Science Theater 3000,3,11,TV Series,7.1,525,8.6,25716,92.0,"Comedy ,Sci-Fi",29.0,12.0,1990.0
153,Mystery Science Theater 3000,3,12,TV Series,8.2,534,8.6,25716,92.0,"Comedy ,Sci-Fi",19.0,1.0,1991.0
153,Mystery Science Theater 3000,3,13,TV Series,7.6,408,8.6,25716,92.0,"Comedy ,Sci-Fi",2.0,2.0,1991.0
153,Mystery Science Theater 3000,4,1,TV Series,8.3,751,8.6,25716,92.0,"Comedy ,Sci-Fi",1.0,6.0,1991.0
153,Mystery Science Theater 3000,1,17,TV Series,7.0,372,8.6,25716,92.0,"Comedy ,Sci-Fi",2.0,4.0,1989.0
153,Mystery Science Theater 3000,1,18,TV Series,6.8,321,8.6,25716,92.0,"Comedy ,Sci-Fi",7.0,5.0,1989.0
153,Mystery Science Theater 3000,1,19,TV Series,6.8,320,8.6,25716,92.0,"Comedy ,Sci-Fi",14.0,5.0,1989.0
153,Mystery Science Theater 3000,4,5,TV Series,7.2,438,8.6,25716,92.0,"Comedy ,Sci-Fi",29.0,6.0,1991.0
153,Mystery Science Theater 3000,4,6,TV Series,8.0,608,8.6,25716,92.0,"Comedy ,Sci-Fi",13.0,7.0,1991.0
153,Mystery Science Theater 3000,4,7,TV Series,8.0,505,8.6,25716,92.0,"Comedy ,Sci-Fi",20.0,7.0,1991.0
153,Mystery Science Theater 3000,4,8,TV Series,7.8,494,8.6,25716,92.0,"Comedy ,Sci-Fi",27.0,7.0,1991.0
153,Mystery Science Theater 3000,2,1,TV Series,6.9,697,8.6,25716,92.0,"Comedy ,Sci-Fi",18.0,11.0,1989.0
153,Mystery Science Theater 3000,2,3,TV Series,6.7,539,8.6,25716,92.0,"Comedy ,Sci-Fi",2.0,12.0,1989.0
153,Mystery Science Theater 3000,2,5,TV Series,7.0,552,8.6,25716,92.0,"Comedy ,Sci-Fi",9.0,12.0,1989.0
153,Mystery Science Theater 3000,2,6,TV Series,7.3,580,8.6,25716,92.0,"Comedy ,Sci-Fi",16.0,12.0,1989.0
153,Mystery Science Theater 3000,2,7,TV Series,7.3,532,8.6,25716,92.0,"Comedy ,Sci-Fi",23.0,12.0,1989.0
153,Mystery Science Theater 3000,4,14,TV Series,7.3,465,8.6,25716,92.0,"Comedy ,Sci-Fi",21.0,9.0,1991.0
153,Mystery Science Theater 3000,4,15,TV Series,7.6,456,8.6,25716,92.0,"Comedy ,Sci-Fi",9.0,11.0,1991.0
153,Mystery Science Theater 3000,4,16,TV Series,7.8,469,8.6,25716,92.0,"Comedy ,Sci-Fi",19.0,10.0,1991.0
153,Mystery Science Theater 3000,4,17,TV Series,7.6,446,8.6,25716,92.0,"Comedy ,Sci-Fi",26.0,10.0,1991.0
153,Mystery Science Theater 3000,2,12,TV Series,7.1,470,8.6,25716,92.0,"Comedy ,Sci-Fi",27.0,1.0,1990.0
153,Mystery Science Theater 3000,2,13,TV Series,7.1,440,8.6,25716,92.0,"Comedy ,Sci-Fi",3.0,2.0,1990.0
153,Mystery Science Theater 3000,3,1,TV Series,7.4,455,8.6,25716,92.0,"Comedy ,Sci-Fi",22.0,9.0,1990.0
153,Mystery Science Theater 3000,4,21,TV Series,8.3,799,8.6,25716,92.0,"Comedy ,Sci-Fi",21.0,12.0,1991.0
153,Mystery Science Theater 3000,4,22,TV Series,7.8,526,8.6,25716,92.0,"Comedy ,Sci-Fi",11.0,1.0,1992.0
153,Mystery Science Theater 3000,4,23,TV Series,7.0,504,8.6,25716,92.0,"Comedy ,Sci-Fi",18.0,1.0,1992.0
153,Mystery Science Theater 3000,4,24,TV Series,7.5,525,8.6,25716,92.0,"Comedy ,Sci-Fi",25.0,1.0,1992.0
153,Mystery Science Theater 3000,5,1,TV Series,7.3,424,8.6,25716,92.0,"Comedy ,Sci-Fi",6.0,6.0,1992.0
153,Mystery Science Theater 3000,3,7,TV Series,7.4,492,8.6,25716,92.0,"Comedy ,Sci-Fi",17.0,11.0,1990.0
153,Mystery Science Theater 3000,5,3,TV Series,7.4,491,8.6,25716,92.0,"Comedy ,Sci-Fi",20.0,6.0,1992.0
153,Mystery Science Theater 3000,5,4,TV Series,8.2,649,8.6,25716,92.0,"Comedy ,Sci-Fi",27.0,6.0,1992.0
153,Mystery Science Theater 3000,5,5,TV Series,7.5,495,8.6,25716,92.0,"Comedy ,Sci-Fi",4.0,7.0,1992.0
153,Mystery Science Theater 3000,5,6,TV Series,7.9,581,8.6,25716,92.0,"Comedy ,Sci-Fi",18.0,7.0,1992.0
153,Mystery Science Theater 3000,5,7,TV Series,7.8,613,8.6,25716,92.0,"Comedy ,Sci-Fi",25.0,7.0,1992.0
153,Mystery Science Theater 3000,5,8,TV Series,7.7,525,8.6,25716,92.0,"Comedy ,Sci-Fi",1.0,8.0,1992.0
153,Mystery Science Theater 3000,5,9,TV Series,7.3,514,8.6,25716,92.0,"Comedy ,Sci-Fi",15.0,8.0,1992.0
153,Mystery Science Theater 3000,4,2,TV Series,7.9,587,8.6,25716,92.0,"Comedy ,Sci-Fi",8.0,6.0,1991.0
153,Mystery Science Theater 3000,4,3,TV Series,8.5,1019,8.6,25716,92.0,"Comedy ,Sci-Fi",15.0,6.0,1991.0
153,Mystery Science Theater 3000,4,4,TV Series,7.4,509,8.6,25716,92.0,"Comedy ,Sci-Fi",22.0,6.0,1991.0
153,Mystery Science Theater 3000,5,13,TV Series,7.5,459,8.6,25716,92.0,"Comedy ,Sci-Fi",19.0,9.0,1992.0
153,Mystery Science Theater 3000,5,14,TV Series,8.0,500,8.6,25716,92.0,"Comedy ,Sci-Fi",26.0,9.0,1992.0
153,Mystery Science Theater 3000,5,15,TV Series,7.8,558,8.6,25716,92.0,"Comedy ,Sci-Fi",26.0,11.0,1992.0
153,Mystery Science Theater 3000,5,16,TV Series,8.0,430,8.6,25716,92.0,"Comedy ,Sci-Fi",26.0,11.0,1992.0
153,Mystery Science Theater 3000,5,17,TV Series,7.5,459,8.6,25716,92.0,"Comedy ,Sci-Fi",28.0,11.0,1992.0
153,Mystery Science Theater 3000,4,10,TV Series,8.0,479,8.6,25716,92.0,"Comedy ,Sci-Fi",17.0,8.0,1991.0
153,Mystery Science Theater 3000,5,19,TV Series,7.8,493,8.6,25716,92.0,"Comedy ,Sci-Fi",12.0,12.0,1992.0
153,Mystery Science Theater 3000,5,20,TV Series,7.7,449,8.6,25716,92.0,"Comedy ,Sci-Fi",26.0,12.0,1992.0
153,Mystery Science Theater 3000,5,21,TV Series,8.0,584,8.6,25716,92.0,"Comedy ,Sci-Fi",9.0,1.0,1993.0
153,Mystery Science Theater 3000,5,22,TV Series,8.1,586,8.6,25716,92.0,"Comedy ,Sci-Fi",16.0,1.0,1993.0
153,Mystery Science Theater 3000,5,23,TV Series,8.2,595,8.6,25716,92.0,"Comedy ,Sci-Fi",23.0,1.0,1993.0
153,Mystery Science Theater 3000,5,24,TV Series,9.0,1501,8.6,25716,92.0,"Comedy ,Sci-Fi",30.0,1.0,1993.0
153,Mystery Science Theater 3000,6,1,TV Series,7.9,608,8.6,25716,92.0,"Comedy ,Sci-Fi",24.0,7.0,1993.0
153,Mystery Science Theater 3000,4,18,TV Series,7.8,478,8.6,25716,92.0,"Comedy ,Sci-Fi",16.0,11.0,1991.0
153,Mystery Science Theater 3000,4,19,TV Series,7.9,515,8.6,25716,92.0,"Comedy ,Sci-Fi",30.0,11.0,1991.0
153,Mystery Science Theater 3000,4,20,TV Series,7.5,559,8.6,25716,92.0,"Comedy ,Sci-Fi",14.0,11.0,1991.0
153,Mystery Science Theater 3000,6,5,TV Series,7.7,479,8.6,25716,92.0,"Comedy ,Sci-Fi",28.0,8.0,1993.0
153,Mystery Science Theater 3000,6,6,TV Series,8.2,804,8.6,25716,92.0,"Comedy ,Sci-Fi",28.0,8.0,1993.0
153,Mystery Science Theater 3000,6,7,TV Series,8.5,800,8.6,25716,92.0,"Comedy ,Sci-Fi",4.0,9.0,1993.0
153,Mystery Science Theater 3000,6,8,TV Series,8.2,537,8.6,25716,92.0,"Comedy ,Sci-Fi",11.0,9.0,1993.0
153,Mystery Science Theater 3000,6,9,TV Series,8.1,558,8.6,25716,92.0,"Comedy ,Sci-Fi",18.0,9.0,1993.0
153,Mystery Science Theater 3000,5,2,TV Series,8.1,586,8.6,25716,92.0,"Comedy ,Sci-Fi",13.0,6.0,1992.0
153,Mystery Science Theater 3000,6,11,TV Series,7.8,539,8.6,25716,92.0,"Comedy ,Sci-Fi",9.0,10.0,1993.0
153,Mystery Science Theater 3000,6,12,TV Series,8.8,1002,8.6,25716,92.0,"Comedy ,Sci-Fi",23.0,10.0,1993.0
153,Mystery Science Theater 3000,6,13,TV Series,8.0,704,8.6,25716,92.0,"Comedy ,Sci-Fi",30.0,10.0,1993.0
153,Mystery Science Theater 3000,6,14,TV Series,8.2,527,8.6,25716,92.0,"Comedy ,Sci-Fi",7.0,11.0,1993.0
153,Mystery Science Theater 3000,6,15,TV Series,7.6,608,8.6,25716,92.0,"Comedy ,Sci-Fi",13.0,11.0,1993.0
153,Mystery Science Theater 3000,6,16,TV Series,7.5,549,8.6,25716,92.0,"Comedy ,Sci-Fi",20.0,11.0,1993.0
153,Mystery Science Theater 3000,6,17,TV Series,7.6,592,8.6,25716,92.0,"Comedy ,Sci-Fi",25.0,11.0,1993.0
153,Mystery Science Theater 3000,5,10,TV Series,7.7,560,8.6,25716,92.0,"Comedy ,Sci-Fi",22.0,8.0,1992.0
153,Mystery Science Theater 3000,5,11,TV Series,7.9,505,8.6,25716,92.0,"Comedy ,Sci-Fi",29.0,8.0,1992.0
153,Mystery Science Theater 3000,5,12,TV Series,7.6,491,8.6,25716,92.0,"Comedy ,Sci-Fi",12.0,9.0,1992.0
153,Mystery Science Theater 3000,6,21,TV Series,8.3,734,8.6,25716,92.0,"Comedy ,Sci-Fi",24.0,12.0,1993.0
153,Mystery Science Theater 3000,6,22,TV Series,7.7,431,8.6,25716,92.0,"Comedy ,Sci-Fi",15.0,1.0,1994.0
153,Mystery Science Theater 3000,6,23,TV Series,7.6,511,8.6,25716,92.0,"Comedy ,Sci-Fi",22.0,1.0,1994.0
153,Mystery Science Theater 3000,6,24,TV Series,7.7,423,8.6,25716,92.0,"Comedy ,Sci-Fi",5.0,2.0,1994.0
153,Mystery Science Theater 3000,4,9,TV Series,8.3,489,8.6,25716,92.0,"Comedy ,Sci-Fi",3.0,8.0,1991.0
153,Mystery Science Theater 3000,2,4,TV Series,7.2,500,8.6,25716,92.0,"Comedy ,Sci-Fi",20.0,2.0,1990.0
153,Mystery Science Theater 3000,4,11,TV Series,8.0,442,8.6,25716,92.0,"Comedy ,Sci-Fi",24.0,8.0,1991.0
153,Mystery Science Theater 3000,4,12,TV Series,8.4,536,8.6,25716,92.0,"Comedy ,Sci-Fi",7.0,9.0,1991.0
153,Mystery Science Theater 3000,4,13,TV Series,7.9,487,8.6,25716,92.0,"Comedy ,Sci-Fi",14.0,9.0,1991.0
153,Mystery Science Theater 3000,7,5,TV Series,7.0,416,8.6,25716,92.0,"Comedy ,Sci-Fi",20.0,8.0,1994.0
153,Mystery Science Theater 3000,7,4,TV Series,7.9,658,8.6,25716,92.0,"Comedy ,Sci-Fi",24.0,11.0,1994.0
153,Mystery Science Theater 3000,7,3,TV Series,7.5,499,8.6,25716,92.0,"Comedy ,Sci-Fi",30.0,7.0,1994.0
153,Mystery Science Theater 3000,5,18,TV Series,8.4,474,8.6,25716,92.0,"Comedy ,Sci-Fi",5.0,12.0,1992.0
153,Mystery Science Theater 3000,7,1,TV Series,7.8,460,8.6,25716,92.0,"Comedy ,Sci-Fi",16.0,7.0,1994.0
153,Mystery Science Theater 3000,7,6,TV Series,8.0,591,8.6,25716,92.0,"Comedy ,Sci-Fi",17.0,9.0,1994.0
153,Mystery Science Theater 3000,7,8,TV Series,7.2,481,8.6,25716,92.0,"Comedy ,Sci-Fi",1.0,10.0,1994.0
153,Mystery Science Theater 3000,7,7,TV Series,7.6,526,8.6,25716,92.0,"Comedy ,Sci-Fi",3.0,9.0,1994.0
153,Mystery Science Theater 3000,7,14,TV Series,7.5,457,8.6,25716,92.0,"Comedy ,Sci-Fi",19.0,11.0,1994.0
153,Mystery Science Theater 3000,7,15,TV Series,7.5,444,8.6,25716,92.0,"Comedy ,Sci-Fi",23.0,11.0,1994.0
153,Mystery Science Theater 3000,7,16,TV Series,7.3,518,8.6,25716,92.0,"Comedy ,Sci-Fi",26.0,11.0,1994.0
153,Mystery Science Theater 3000,7,9,TV Series,7.8,579,8.6,25716,92.0,"Comedy ,Sci-Fi",27.0,8.0,1994.0
153,Mystery Science Theater 3000,6,2,TV Series,7.6,455,8.6,25716,92.0,"Comedy ,Sci-Fi",17.0,6.0,1993.0
153,Mystery Science Theater 3000,6,3,TV Series,7.7,544,8.6,25716,92.0,"Comedy ,Sci-Fi",31.0,7.0,1993.0
153,Mystery Science Theater 3000,6,4,TV Series,7.7,547,8.6,25716,92.0,"Comedy ,Sci-Fi",7.0,8.0,1993.0
153,Mystery Science Theater 3000,7,13,TV Series,7.8,520,8.6,25716,92.0,"Comedy ,Sci-Fi",5.0,11.0,1994.0
153,Mystery Science Theater 3000,7,22,TV Series,7.7,561,8.6,25716,92.0,"Comedy ,Sci-Fi",11.0,3.0,1995.0
153,Mystery Science Theater 3000,7,23,TV Series,7.1,422,8.6,25716,92.0,"Comedy ,Sci-Fi",18.0,3.0,1995.0
153,Mystery Science Theater 3000,7,24,TV Series,7.8,549,8.6,25716,92.0,"Comedy ,Sci-Fi",25.0,3.0,1995.0
153,Mystery Science Theater 3000,8,0,TV Series,7.9,301,8.6,25716,92.0,"Comedy ,Sci-Fi",23.0,11.0,1995.0
153,Mystery Science Theater 3000,6,18,TV Series,7.5,573,8.6,25716,92.0,"Comedy ,Sci-Fi",4.0,12.0,1993.0
153,Mystery Science Theater 3000,6,19,TV Series,7.7,544,8.6,25716,92.0,"Comedy ,Sci-Fi",11.0,12.0,1993.0
153,Mystery Science Theater 3000,6,20,TV Series,7.4,439,8.6,25716,92.0,"Comedy ,Sci-Fi",18.0,12.0,1993.0
153,Mystery Science Theater 3000,8,4,TV Series,8.0,516,8.6,25716,92.0,"Comedy ,Sci-Fi",24.0,2.0,1996.0
153,Mystery Science Theater 3000,8,5,TV Series,7.8,538,8.6,25716,92.0,"Comedy ,Sci-Fi",2.0,3.0,1996.0
153,Mystery Science Theater 3000,8,6,TV Series,8.2,835,8.6,25716,92.0,"Comedy ,Sci-Fi",18.0,5.0,1996.0
153,Mystery Science Theater 3000,9,1,TV Series,7.6,462,8.6,25716,92.0,"Comedy ,Sci-Fi",1.0,2.0,1997.0
153,Mystery Science Theater 3000,7,17,TV Series,7.6,464,8.6,25716,92.0,"Comedy ,Sci-Fi",3.0,12.0,1994.0
153,Mystery Science Theater 3000,6,10,TV Series,7.9,476,8.6,25716,92.0,"Comedy ,Sci-Fi",26.0,9.0,1993.0
153,Mystery Science Theater 3000,7,19,TV Series,7.6,646,8.6,25716,92.0,"Comedy ,Sci-Fi",17.0,12.0,1994.0
153,Mystery Science Theater 3000,7,20,TV Series,7.7,488,8.6,25716,92.0,"Comedy ,Sci-Fi",7.0,1.0,1995.0
153,Mystery Science Theater 3000,7,21,TV Series,7.7,607,8.6,25716,92.0,"Comedy ,Sci-Fi",14.0,1.0,1995.0
153,Mystery Science Theater 3000,9,7,TV Series,7.3,447,8.6,25716,92.0,"Comedy ,Sci-Fi",15.0,3.0,1997.0
153,Mystery Science Theater 3000,9,8,TV Series,7.5,420,8.6,25716,92.0,"Comedy ,Sci-Fi",5.0,4.0,1997.0
153,Mystery Science Theater 3000,9,9,TV Series,7.4,459,8.6,25716,92.0,"Comedy ,Sci-Fi",19.0,4.0,1997.0
153,Mystery Science Theater 3000,9,10,TV Series,7.9,630,8.6,25716,92.0,"Comedy ,Sci-Fi",31.0,5.0,1997.0
153,Mystery Science Theater 3000,7,10,TV Series,7.5,477,8.6,25716,92.0,"Comedy ,Sci-Fi",8.0,10.0,1994.0
153,Mystery Science Theater 3000,7,11,TV Series,7.3,458,8.6,25716,92.0,"Comedy ,Sci-Fi",15.0,10.0,1994.0
153,Mystery Science Theater 3000,7,12,TV Series,7.3,524,8.6,25716,92.0,"Comedy ,Sci-Fi",29.0,10.0,1994.0
153,Mystery Science Theater 3000,9,14,TV Series,7.9,520,8.6,25716,92.0,"Comedy ,Sci-Fi",19.0,7.0,1997.0
153,Mystery Science Theater 3000,9,15,TV Series,7.6,467,8.6,25716,92.0,"Comedy ,Sci-Fi",2.0,8.0,1997.0
153,Mystery Science Theater 3000,9,16,TV Series,8.3,669,8.6,25716,92.0,"Comedy ,Sci-Fi",16.0,8.0,1997.0
153,Mystery Science Theater 3000,9,17,TV Series,8.0,559,8.6,25716,92.0,"Comedy ,Sci-Fi",6.0,9.0,1997.0
153,Mystery Science Theater 3000,9,18,TV Series,7.2,525,8.6,25716,92.0,"Comedy ,Sci-Fi",4.0,10.0,1997.0
153,Mystery Science Theater 3000,7,18,TV Series,7.4,443,8.6,25716,92.0,"Comedy ,Sci-Fi",10.0,12.0,1994.0
153,Mystery Science Theater 3000,9,20,TV Series,8.9,1171,8.6,25716,92.0,"Comedy ,Sci-Fi",7.0,11.0,1997.0
153,Mystery Science Theater 3000,9,21,TV Series,8.4,811,8.6,25716,92.0,"Comedy ,Sci-Fi",22.0,11.0,1997.0
153,Mystery Science Theater 3000,9,22,TV Series,8.0,822,8.6,25716,92.0,"Comedy ,Sci-Fi",6.0,12.0,1997.0
153,Mystery Science Theater 3000,10,1,TV Series,7.0,436,8.6,25716,92.0,"Comedy ,Sci-Fi",14.0,3.0,1998.0
153,Mystery Science Theater 3000,10,2,TV Series,7.4,575,8.6,25716,92.0,"Comedy ,Sci-Fi",21.0,3.0,1998.0
153,Mystery Science Theater 3000,10,3,TV Series,8.4,884,8.6,25716,92.0,"Comedy ,Sci-Fi",4.0,4.0,1998.0
153,Mystery Science Theater 3000,10,4,TV Series,8.5,975,8.6,25716,92.0,"Comedy ,Sci-Fi",18.0,4.0,1998.0
153,Mystery Science Theater 3000,8,1,TV Series,8.0,533,8.6,25716,92.0,"Comedy ,Sci-Fi",3.0,2.0,1996.0
153,Mystery Science Theater 3000,8,2,TV Series,7.2,523,8.6,25716,92.0,"Comedy ,Sci-Fi",10.0,2.0,1996.0
153,Mystery Science Theater 3000,8,3,TV Series,7.8,558,8.6,25716,92.0,"Comedy ,Sci-Fi",17.0,2.0,1996.0
153,Mystery Science Theater 3000,10,8,TV Series,8.0,786,8.6,25716,92.0,"Comedy ,Sci-Fi",11.0,7.0,1998.0
153,Mystery Science Theater 3000,10,9,TV Series,6.9,523,8.6,25716,92.0,"Comedy ,Sci-Fi",18.0,7.0,1998.0
153,Mystery Science Theater 3000,10,10,TV Series,8.9,1053,8.6,25716,92.0,"Comedy ,Sci-Fi",25.0,7.0,1998.0
153,Mystery Science Theater 3000,10,11,TV Series,7.6,642,8.6,25716,92.0,"Comedy ,Sci-Fi",15.0,8.0,1998.0
153,Mystery Science Theater 3000,9,2,TV Series,7.6,448,8.6,25716,92.0,"Comedy ,Sci-Fi",8.0,2.0,1997.0
153,Mystery Science Theater 3000,7,2,TV Series,7.4,441,8.6,25716,92.0,"Comedy ,Sci-Fi",23.0,7.0,1994.0
153,Mystery Science Theater 3000,9,4,TV Series,7.3,455,8.6,25716,92.0,"Comedy ,Sci-Fi",22.0,2.0,1997.0
153,Mystery Science Theater 3000,9,5,TV Series,7.5,443,8.6,25716,92.0,"Comedy ,Sci-Fi",1.0,3.0,1997.0
153,Mystery Science Theater 3000,9,6,TV Series,7.3,473,8.6,25716,92.0,"Comedy ,Sci-Fi",8.0,3.0,1997.0
153,Mystery Science Theater 3000,11,3,TV Series,7.9,751,8.6,25716,92.0,"Comedy ,Sci-Fi",12.0,9.0,1999.0
153,Mystery Science Theater 3000,11,2,TV Series,7.8,707,8.6,25716,92.0,"Comedy ,Sci-Fi",18.0,4.0,1999.0
153,Mystery Science Theater 3000,11,1,TV Series,8.4,799,8.6,25716,92.0,"Comedy ,Sci-Fi",11.0,4.0,1999.0
153,Mystery Science Theater 3000,9,3,TV Series,7.6,486,8.6,25716,92.0,"Comedy ,Sci-Fi",15.0,2.0,1997.0
153,Mystery Science Theater 3000,10,12,TV Series,7.7,523,8.6,25716,92.0,"Comedy ,Sci-Fi",29.0,8.0,1998.0
153,Mystery Science Theater 3000,11,5,TV Series,7.4,593,8.6,25716,92.0,"Comedy ,Sci-Fi",2.0,5.0,1999.0
153,Mystery Science Theater 3000,9,11,TV Series,7.7,601,8.6,25716,92.0,"Comedy ,Sci-Fi",7.0,6.0,1997.0
153,Mystery Science Theater 3000,11,4,TV Series,7.7,776,8.6,25716,92.0,"Comedy ,Sci-Fi",25.0,4.0,1999.0
153,Mystery Science Theater 3000,11,12,TV Series,7.7,587,8.6,25716,92.0,"Comedy ,Sci-Fi",1.0,8.0,1999.0
153,Mystery Science Theater 3000,11,13,TV Series,8.1,557,8.6,25716,92.0,"Comedy ,Sci-Fi",8.0,8.0,1999.0
153,Mystery Science Theater 3000,11,9,TV Series,6.4,569,8.6,25716,92.0,"Comedy ,Sci-Fi",27.0,6.0,1999.0
153,Mystery Science Theater 3000,9,19,TV Series,7.5,520,8.6,25716,92.0,"Comedy ,Sci-Fi",11.0,10.0,1997.0
153,Mystery Science Theater 3000,11,10,TV Series,7.2,458,8.6,25716,92.0,"Comedy ,Sci-Fi",18.0,7.0,1999.0
153,Mystery Science Theater 3000,9,12,TV Series,7.6,692,8.6,25716,92.0,"Comedy ,Sci-Fi",14.0,6.0,1997.0
153,Mystery Science Theater 3000,11,6,TV Series,7.9,709,8.6,25716,92.0,"Comedy ,Sci-Fi",9.0,5.0,1999.0
153,Mystery Science Theater 3000,11,7,TV Series,7.8,539,8.6,25716,92.0,"Comedy ,Sci-Fi",13.0,6.0,1999.0
153,Mystery Science Theater 3000,10,7,TV Series,8.5,869,8.6,25716,92.0,"Comedy ,Sci-Fi",27.0,6.0,1998.0
153,Mystery Science Theater 3000,10,13,TV Series,7.4,479,8.6,25716,92.0,"Comedy ,Sci-Fi",26.0,9.0,1998.0
153,Mystery Science Theater 3000,10,6,TV Series,6.9,408,8.6,25716,92.0,"Comedy ,Sci-Fi",13.0,6.0,1998.0
153,Mystery Science Theater 3000,10,5,TV Series,7.3,461,8.6,25716,92.0,"Comedy ,Sci-Fi",9.0,5.0,1998.0
153,Mystery Science Theater 3000,9,13,TV Series,7.9,674,8.6,25716,92.0,"Comedy ,Sci-Fi",12.0,7.0,1997.0
153,Mystery Science Theater 3000,11,11,TV Series,7.7,656,8.6,25716,92.0,"Comedy ,Sci-Fi",25.0,7.0,1999.0
154,Scavengers Reign,1,3,TV Mini Series,8.5,637,8.7,13332,24.0,"Animation ,Adventure ,Drama",19.0,10.0,2023.0
154,Scavengers Reign,1,2,TV Mini Series,8.5,665,8.7,13332,24.0,"Animation ,Adventure ,Drama",19.0,10.0,2023.0
154,Scavengers Reign,1,9,TV Mini Series,8.4,480,8.7,13332,24.0,"Animation ,Adventure ,Drama",2.0,11.0,2023.0
154,Scavengers Reign,1,8,TV Mini Series,8.5,493,8.7,13332,24.0,"Animation ,Adventure ,Drama",2.0,11.0,2023.0
154,Scavengers Reign,1,12,TV Mini Series,8.8,481,8.7,13332,24.0,"Animation ,Adventure ,Drama",9.0,11.0,2023.0
154,Scavengers Reign,1,11,TV Mini Series,8.4,417,8.7,13332,24.0,"Animation ,Adventure ,Drama",9.0,11.0,2023.0
154,Scavengers Reign,1,7,TV Mini Series,8.4,490,8.7,13332,24.0,"Animation ,Adventure ,Drama",2.0,11.0,2023.0
154,Scavengers Reign,1,6,TV Mini Series,9.0,590,8.7,13332,24.0,"Animation ,Adventure ,Drama",26.0,10.0,2023.0
154,Scavengers Reign,1,1,TV Mini Series,8.4,765,8.7,13332,24.0,"Animation ,Adventure ,Drama",19.0,10.0,2023.0
154,Scavengers Reign,1,4,TV Mini Series,8.5,550,8.7,13332,24.0,"Animation ,Adventure ,Drama",26.0,10.0,2023.0
154,Scavengers Reign,1,10,TV Mini Series,8.4,444,8.7,13332,24.0,"Animation ,Adventure ,Drama",9.0,11.0,2023.0
154,Scavengers Reign,1,5,TV Mini Series,8.6,549,8.7,13332,24.0,"Animation ,Adventure ,Drama",26.0,10.0,2023.0
155,Blackadder the Third,1,2,TV Series,8.6,1083,8.6,46754,180.0,Comedy,24.0,9.0,1987.0
155,Blackadder the Third,1,4,TV Series,8.1,976,8.6,46754,180.0,Comedy,8.0,10.0,1987.0
155,Blackadder the Third,1,5,TV Series,8.1,945,8.6,46754,180.0,Comedy,15.0,10.0,1987.0
155,Blackadder the Third,1,3,TV Series,8.1,975,8.6,46754,180.0,Comedy,1.0,10.0,1987.0
155,Blackadder the Third,1,6,TV Series,8.5,951,8.6,46754,180.0,Comedy,22.0,10.0,1987.0
155,Blackadder the Third,1,1,TV Series,8.2,1056,8.6,46754,180.0,Comedy,17.0,9.0,1987.0
156,Demon Slayer: Kimetsu no Yaiba,1,1,TV Series,8.3,5230,8.6,142798,24.0,"Animation ,Action ,Adventure",22.0,1.0,2021.0
156,Demon Slayer: Kimetsu no Yaiba,2,5,TV Series,8.7,2764,8.6,142798,24.0,"Animation ,Action ,Adventure",14.0,11.0,2021.0
156,Demon Slayer: Kimetsu no Yaiba,2,13,TV Series,9.5,10890,8.6,142798,24.0,"Animation ,Action ,Adventure",9.0,1.0,2022.0
156,Demon Slayer: Kimetsu no Yaiba,2,14,TV Series,9.4,8451,8.6,142798,24.0,"Animation ,Action ,Adventure",16.0,1.0,2022.0
156,Demon Slayer: Kimetsu no Yaiba,1,9,TV Series,8.4,3708,8.6,142798,24.0,"Animation ,Action ,Adventure",1.0,6.0,2019.0
156,Demon Slayer: Kimetsu no Yaiba,1,2,TV Series,7.8,4270,8.6,142798,24.0,"Animation ,Action ,Adventure",13.0,4.0,2019.0
156,Demon Slayer: Kimetsu no Yaiba,1,3,TV Series,8.2,4165,8.6,142798,24.0,"Animation ,Action ,Adventure",20.0,4.0,2019.0
156,Demon Slayer: Kimetsu no Yaiba,1,4,TV Series,8.8,4450,8.6,142798,24.0,"Animation ,Action ,Adventure",27.0,4.0,2019.0
156,Demon Slayer: Kimetsu no Yaiba,1,5,TV Series,8.0,3869,8.6,142798,24.0,"Animation ,Action ,Adventure",4.0,5.0,2019.0
156,Demon Slayer: Kimetsu no Yaiba,2,6,TV Series,9.4,4502,8.6,142798,24.0,"Animation ,Action ,Adventure",21.0,11.0,2021.0
156,Demon Slayer: Kimetsu no Yaiba,3,3,TV Series,8.4,2935,8.6,142798,24.0,"Animation ,Action ,Adventure",23.0,4.0,2023.0
156,Demon Slayer: Kimetsu no Yaiba,3,4,TV Series,8.3,2679,8.6,142798,24.0,"Animation ,Action ,Adventure",30.0,4.0,2023.0
156,Demon Slayer: Kimetsu no Yaiba,1,17,TV Series,9.0,4861,8.6,142798,24.0,"Animation ,Action ,Adventure",27.0,7.0,2019.0
156,Demon Slayer: Kimetsu no Yaiba,1,18,TV Series,9.0,4431,8.6,142798,24.0,"Animation ,Action ,Adventure",3.0,8.0,2019.0
156,Demon Slayer: Kimetsu no Yaiba,1,19,TV Series,9.7,17383,8.6,142798,24.0,"Animation ,Action ,Adventure",10.0,8.0,2019.0
156,Demon Slayer: Kimetsu no Yaiba,1,20,TV Series,8.8,3984,8.6,142798,24.0,"Animation ,Action ,Adventure",17.0,8.0,2019.0
156,Demon Slayer: Kimetsu no Yaiba,1,21,TV Series,8.6,3628,8.6,142798,24.0,"Animation ,Action ,Adventure",24.0,8.0,2019.0
156,Demon Slayer: Kimetsu no Yaiba,3,10,TV Series,8.3,2365,8.6,142798,24.0,"Animation ,Action ,Adventure",11.0,6.0,2023.0
156,Demon Slayer: Kimetsu no Yaiba,3,11,TV Series,9.4,4891,8.6,142798,24.0,"Animation ,Action ,Adventure",18.0,6.0,2023.0
156,Demon Slayer: Kimetsu no Yaiba,4,1,TV Series,7.7,0,8.6,142798,24.0,"Animation ,Action ,Adventure",35.0,4.0,2024.0
156,Demon Slayer: Kimetsu no Yaiba,1,25,TV Series,7.8,3290,8.6,142798,24.0,"Animation ,Action ,Adventure",21.0,9.0,2019.0
156,Demon Slayer: Kimetsu no Yaiba,1,10,TV Series,8.4,3684,8.6,142798,24.0,"Animation ,Action ,Adventure",8.0,6.0,2019.0
156,Demon Slayer: Kimetsu no Yaiba,1,11,TV Series,7.3,3743,8.6,142798,24.0,"Animation ,Action ,Adventure",15.0,6.0,2019.0
156,Demon Slayer: Kimetsu no Yaiba,2,18,TV Series,8.8,6018,8.6,142798,24.0,"Animation ,Action ,Adventure",13.0,2.0,2022.0
156,Demon Slayer: Kimetsu no Yaiba,3,1,TV Series,8.6,3854,8.6,142798,24.0,"Animation ,Action ,Adventure",9.0,4.0,2023.0
156,Demon Slayer: Kimetsu no Yaiba,2,12,TV Series,8.7,5625,8.6,142798,24.0,"Animation ,Action ,Adventure",2.0,1.0,2022.0
156,Demon Slayer: Kimetsu no Yaiba,4,7,TV Series,7.3,0,8.6,142798,24.0,"Animation ,Action ,Adventure",35.0,15.0,2050.0
156,Demon Slayer: Kimetsu no Yaiba,4,6,TV Series,7.3,0,8.6,142798,24.0,"Animation ,Action ,Adventure",35.0,15.0,2050.0
156,Demon Slayer: Kimetsu no Yaiba,4,5,TV Series,7.3,0,8.6,142798,24.0,"Animation ,Action ,Adventure",35.0,15.0,2050.0
156,Demon Slayer: Kimetsu no Yaiba,2,1,TV Series,8.5,3436,8.6,142798,24.0,"Animation ,Action ,Adventure",10.0,10.0,2021.0
156,Demon Slayer: Kimetsu no Yaiba,1,26,TV Series,8.8,4157,8.6,142798,24.0,"Animation ,Action ,Adventure",28.0,9.0,2019.0
156,Demon Slayer: Kimetsu no Yaiba,4,8,TV Series,7.3,0,8.6,142798,24.0,"Animation ,Action ,Adventure",35.0,15.0,2050.0
156,Demon Slayer: Kimetsu no Yaiba,2,7,TV Series,9.7,6426,8.6,142798,24.0,"Animation ,Action ,Adventure",28.0,11.0,2021.0
156,Demon Slayer: Kimetsu no Yaiba,4,9,TV Series,7.3,0,8.6,142798,24.0,"Animation ,Action ,Adventure",35.0,15.0,2050.0
156,Demon Slayer: Kimetsu no Yaiba,2,16,TV Series,9.6,9605,8.6,142798,24.0,"Animation ,Action ,Adventure",30.0,1.0,2022.0
156,Demon Slayer: Kimetsu no Yaiba,2,17,TV Series,9.8,22072,8.6,142798,24.0,"Animation ,Action ,Adventure",6.0,2.0,2022.0
156,Demon Slayer: Kimetsu no Yaiba,4,10,TV Series,7.3,0,8.6,142798,24.0,"Animation ,Action ,Adventure",35.0,15.0,2050.0
156,Demon Slayer: Kimetsu no Yaiba,2,8,TV Series,7.9,5201,8.6,142798,24.0,"Animation ,Action ,Adventure",5.0,12.0,2021.0
156,Demon Slayer: Kimetsu no Yaiba,2,9,TV Series,7.4,4340,8.6,142798,24.0,"Animation ,Action ,Adventure",12.0,12.0,2021.0
156,Demon Slayer: Kimetsu no Yaiba,2,10,TV Series,7.8,4152,8.6,142798,24.0,"Animation ,Action ,Adventure",19.0,12.0,2021.0
156,Demon Slayer: Kimetsu no Yaiba,2,11,TV Series,8.2,4313,8.6,142798,24.0,"Animation ,Action ,Adventure",26.0,12.0,2021.0
156,Demon Slayer: Kimetsu no Yaiba,2,15,TV Series,9.4,8242,8.6,142798,24.0,"Animation ,Action ,Adventure",23.0,1.0,2022.0
156,Demon Slayer: Kimetsu no Yaiba,3,8,TV Series,8.7,2863,8.6,142798,24.0,"Animation ,Action ,Adventure",28.0,5.0,2023.0
156,Demon Slayer: Kimetsu no Yaiba,3,7,TV Series,8.0,2519,8.6,142798,24.0,"Animation ,Action ,Adventure",21.0,5.0,2023.0
156,Demon Slayer: Kimetsu no Yaiba,3,6,TV Series,8.7,2703,8.6,142798,24.0,"Animation ,Action ,Adventure",14.0,5.0,2023.0
156,Demon Slayer: Kimetsu no Yaiba,3,5,TV Series,9.2,4086,8.6,142798,24.0,"Animation ,Action ,Adventure",7.0,5.0,2023.0
156,Demon Slayer: Kimetsu no Yaiba,4,11,TV Series,7.3,0,8.6,142798,24.0,"Animation ,Action ,Adventure",35.0,15.0,2050.0
156,Demon Slayer: Kimetsu no Yaiba,4,4,TV Series,7.3,0,8.6,142798,24.0,"Animation ,Action ,Adventure",35.0,15.0,2050.0
156,Demon Slayer: Kimetsu no Yaiba,4,2,TV Series,7.3,0,8.6,142798,24.0,"Animation ,Action ,Adventure",35.0,15.0,2050.0
156,Demon Slayer: Kimetsu no Yaiba,4,3,TV Series,7.3,0,8.6,142798,24.0,"Animation ,Action ,Adventure",35.0,15.0,2050.0
156,Demon Slayer: Kimetsu no Yaiba,3,9,TV Series,8.6,2653,8.6,142798,24.0,"Animation ,Action ,Adventure",4.0,6.0,2023.0
156,Demon Slayer: Kimetsu no Yaiba,1,13,TV Series,8.2,3604,8.6,142798,24.0,"Animation ,Action ,Adventure",29.0,6.0,2019.0
156,Demon Slayer: Kimetsu no Yaiba,1,14,TV Series,7.6,3607,8.6,142798,24.0,"Animation ,Action ,Adventure",6.0,7.0,2019.0
156,Demon Slayer: Kimetsu no Yaiba,1,15,TV Series,7.9,3489,8.6,142798,24.0,"Animation ,Action ,Adventure",13.0,7.0,2019.0
156,Demon Slayer: Kimetsu no Yaiba,1,16,TV Series,8.7,3815,8.6,142798,24.0,"Animation ,Action ,Adventure",20.0,7.0,2019.0
156,Demon Slayer: Kimetsu no Yaiba,1,22,TV Series,8.4,3511,8.6,142798,24.0,"Animation ,Action ,Adventure",31.0,8.0,2019.0
156,Demon Slayer: Kimetsu no Yaiba,1,23,TV Series,7.9,3363,8.6,142798,24.0,"Animation ,Action ,Adventure",7.0,9.0,2019.0
156,Demon Slayer: Kimetsu no Yaiba,3,2,TV Series,7.3,2780,8.6,142798,24.0,"Animation ,Action ,Adventure",16.0,4.0,2023.0
156,Demon Slayer: Kimetsu no Yaiba,1,24,TV Series,7.7,3324,8.6,142798,24.0,"Animation ,Action ,Adventure",14.0,9.0,2019.0
156,Demon Slayer: Kimetsu no Yaiba,2,2,TV Series,7.9,2643,8.6,142798,24.0,"Animation ,Action ,Adventure",17.0,10.0,2021.0
156,Demon Slayer: Kimetsu no Yaiba,2,3,TV Series,8.1,2619,8.6,142798,24.0,"Animation ,Action ,Adventure",24.0,10.0,2021.0
156,Demon Slayer: Kimetsu no Yaiba,2,4,TV Series,8.3,2605,8.6,142798,24.0,"Animation ,Action ,Adventure",7.0,11.0,2021.0
156,Demon Slayer: Kimetsu no Yaiba,1,6,TV Series,8.0,3788,8.6,142798,24.0,"Animation ,Action ,Adventure",11.0,5.0,2019.0
156,Demon Slayer: Kimetsu no Yaiba,1,7,TV Series,8.7,4118,8.6,142798,24.0,"Animation ,Action ,Adventure",18.0,5.0,2019.0
156,Demon Slayer: Kimetsu no Yaiba,1,8,TV Series,8.3,3764,8.6,142798,24.0,"Animation ,Action ,Adventure",25.0,5.0,2019.0
156,Demon Slayer: Kimetsu no Yaiba,1,12,TV Series,7.9,3612,8.6,142798,24.0,"Animation ,Action ,Adventure",22.0,6.0,2019.0
157,Archer,3,5,TV Series,8.0,1693,8.6,164775,22.0,"Animation ,Action ,Comedy",26.0,1.0,2012.0
157,Archer,3,4,TV Series,8.3,1822,8.6,164775,22.0,"Animation ,Action ,Comedy",19.0,1.0,2012.0
157,Archer,3,3,TV Series,8.1,1720,8.6,164775,22.0,"Animation ,Action ,Comedy",29.0,9.0,2011.0
157,Archer,2,12,TV Series,8.1,1744,8.6,164775,22.0,"Animation ,Action ,Comedy",14.0,4.0,2011.0
157,Archer,4,1,TV Series,8.2,1808,8.6,164775,22.0,"Animation ,Action ,Comedy",17.0,1.0,2013.0
157,Archer,4,2,TV Series,8.1,1699,8.6,164775,22.0,"Animation ,Action ,Comedy",24.0,1.0,2013.0
157,Archer,1,7,TV Series,8.6,2345,8.6,164775,22.0,"Animation ,Action ,Comedy",18.0,2.0,2010.0
157,Archer,1,8,TV Series,7.6,1903,8.6,164775,22.0,"Animation ,Action ,Comedy",4.0,3.0,2010.0
157,Archer,1,9,TV Series,8.0,1934,8.6,164775,22.0,"Animation ,Action ,Comedy",11.0,3.0,2010.0
157,Archer,4,6,TV Series,7.5,1548,8.6,164775,22.0,"Animation ,Action ,Comedy",21.0,2.0,2013.0
157,Archer,4,7,TV Series,7.8,1604,8.6,164775,22.0,"Animation ,Action ,Comedy",28.0,2.0,2013.0
157,Archer,4,8,TV Series,7.6,1534,8.6,164775,22.0,"Animation ,Action ,Comedy",7.0,3.0,2013.0
157,Archer,2,3,TV Series,7.8,1832,8.6,164775,22.0,"Animation ,Action ,Comedy",10.0,2.0,2011.0
157,Archer,2,4,TV Series,8.1,1920,8.6,164775,22.0,"Animation ,Action ,Comedy",17.0,2.0,2011.0
157,Archer,2,10,TV Series,8.6,1891,8.6,164775,22.0,"Animation ,Action ,Comedy",31.0,3.0,2011.0
157,Archer,2,11,TV Series,8.0,1761,8.6,164775,22.0,"Animation ,Action ,Comedy",7.0,4.0,2011.0
157,Archer,3,13,TV Series,8.3,1657,8.6,164775,22.0,"Animation ,Action ,Comedy",22.0,3.0,2012.0
157,Archer,1,3,TV Series,8.1,2356,8.6,164775,22.0,"Animation ,Action ,Comedy",21.0,1.0,2010.0
157,Archer,1,2,TV Series,7.5,2395,8.6,164775,22.0,"Animation ,Action ,Comedy",14.0,1.0,2010.0
157,Archer,1,1,TV Series,7.7,2886,8.6,164775,22.0,"Animation ,Action ,Comedy",17.0,9.0,2009.0
157,Archer,2,9,TV Series,8.9,2415,8.6,164775,22.0,"Animation ,Action ,Comedy",24.0,3.0,2011.0
157,Archer,5,3,TV Series,7.7,1385,8.6,164775,22.0,"Animation ,Action ,Comedy",27.0,1.0,2014.0
157,Archer,5,4,TV Series,8.1,1408,8.6,164775,22.0,"Animation ,Action ,Comedy",3.0,2.0,2014.0
157,Archer,5,5,TV Series,7.7,1400,8.6,164775,22.0,"Animation ,Action ,Comedy",24.0,2.0,2014.0
157,Archer,2,13,TV Series,8.3,1743,8.6,164775,22.0,"Animation ,Action ,Comedy",21.0,4.0,2011.0
157,Archer,3,1,TV Series,8.5,1884,8.6,164775,22.0,"Animation ,Action ,Comedy",15.0,9.0,2011.0
157,Archer,3,2,TV Series,8.1,1748,8.6,164775,22.0,"Animation ,Action ,Comedy",22.0,9.0,2011.0
157,Archer,5,9,TV Series,8.0,1319,8.6,164775,22.0,"Animation ,Action ,Comedy",24.0,3.0,2014.0
157,Archer,5,10,TV Series,8.0,1311,8.6,164775,22.0,"Animation ,Action ,Comedy",31.0,3.0,2014.0
157,Archer,5,11,TV Series,7.9,1300,8.6,164775,22.0,"Animation ,Action ,Comedy",7.0,4.0,2014.0
157,Archer,3,6,TV Series,8.4,1823,8.6,164775,22.0,"Animation ,Action ,Comedy",2.0,2.0,2012.0
157,Archer,3,7,TV Series,7.7,1634,8.6,164775,22.0,"Animation ,Action ,Comedy",9.0,2.0,2012.0
157,Archer,4,10,TV Series,7.8,1494,8.6,164775,22.0,"Animation ,Action ,Comedy",21.0,3.0,2013.0
157,Archer,4,9,TV Series,8.0,1545,8.6,164775,22.0,"Animation ,Action ,Comedy",14.0,3.0,2013.0
157,Archer,7,1,TV Series,7.9,1369,8.6,164775,22.0,"Animation ,Action ,Comedy",31.0,3.0,2016.0
157,Archer,6,13,TV Series,8.4,1278,8.6,164775,22.0,"Animation ,Action ,Comedy",2.0,4.0,2015.0
157,Archer,6,12,TV Series,7.9,1241,8.6,164775,22.0,"Animation ,Action ,Comedy",26.0,3.0,2015.0
157,Archer,4,5,TV Series,7.5,1500,8.6,164775,22.0,"Animation ,Action ,Comedy",14.0,2.0,2013.0
157,Archer,4,4,TV Series,7.6,1552,8.6,164775,22.0,"Animation ,Action ,Comedy",7.0,2.0,2013.0
157,Archer,4,3,TV Series,8.0,1614,8.6,164775,22.0,"Animation ,Action ,Comedy",31.0,1.0,2013.0
157,Archer,6,8,TV Series,8.8,1640,8.6,164775,22.0,"Animation ,Action ,Comedy",26.0,2.0,2015.0
157,Archer,6,7,TV Series,7.7,1259,8.6,164775,22.0,"Animation ,Action ,Comedy",19.0,2.0,2015.0
157,Archer,6,6,TV Series,7.9,1290,8.6,164775,22.0,"Animation ,Action ,Comedy",12.0,2.0,2015.0
157,Archer,3,12,TV Series,8.3,1657,8.6,164775,22.0,"Animation ,Action ,Comedy",15.0,3.0,2012.0
157,Archer,2,8,TV Series,8.5,1931,8.6,164775,22.0,"Animation ,Action ,Comedy",17.0,3.0,2011.0
157,Archer,2,7,TV Series,7.7,1780,8.6,164775,22.0,"Animation ,Action ,Comedy",10.0,3.0,2011.0
157,Archer,2,6,TV Series,7.7,1778,8.6,164775,22.0,"Animation ,Action ,Comedy",3.0,3.0,2011.0
157,Archer,2,5,TV Series,8.0,1843,8.6,164775,22.0,"Animation ,Action ,Comedy",24.0,2.0,2011.0
157,Archer,3,11,TV Series,7.7,1579,8.6,164775,22.0,"Animation ,Action ,Comedy",8.0,3.0,2012.0
157,Archer,3,10,TV Series,8.0,1610,8.6,164775,22.0,"Animation ,Action ,Comedy",1.0,3.0,2012.0
157,Archer,3,9,TV Series,7.9,1678,8.6,164775,22.0,"Animation ,Action ,Comedy",23.0,2.0,2012.0
157,Archer,3,8,TV Series,8.6,1885,8.6,164775,22.0,"Animation ,Action ,Comedy",16.0,2.0,2012.0
157,Archer,5,2,TV Series,7.7,1419,8.6,164775,22.0,"Animation ,Action ,Comedy",20.0,1.0,2014.0
157,Archer,7,9,TV Series,8.1,1170,8.6,164775,22.0,"Animation ,Action ,Comedy",26.0,5.0,2016.0
157,Archer,7,10,TV Series,8.8,1462,8.6,164775,22.0,"Animation ,Action ,Comedy",2.0,6.0,2016.0
157,Archer,8,1,TV Series,7.7,1301,8.6,164775,22.0,"Animation ,Action ,Comedy",5.0,4.0,2017.0
157,Archer,5,6,TV Series,7.7,1360,8.6,164775,22.0,"Animation ,Action ,Comedy",3.0,3.0,2014.0
157,Archer,5,7,TV Series,7.7,1315,8.6,164775,22.0,"Animation ,Action ,Comedy",10.0,3.0,2014.0
157,Archer,5,8,TV Series,8.2,1371,8.6,164775,22.0,"Animation ,Action ,Comedy",17.0,3.0,2014.0
157,Archer,8,5,TV Series,7.2,1009,8.6,164775,22.0,"Animation ,Action ,Comedy",3.0,5.0,2017.0
157,Archer,8,6,TV Series,7.8,1044,8.6,164775,22.0,"Animation ,Action ,Comedy",10.0,5.0,2017.0
157,Archer,8,7,TV Series,8.0,1061,8.6,164775,22.0,"Animation ,Action ,Comedy",17.0,5.0,2017.0
157,Archer,5,12,TV Series,8.0,1304,8.6,164775,22.0,"Animation ,Action ,Comedy",14.0,4.0,2014.0
157,Archer,5,13,TV Series,8.6,1487,8.6,164775,22.0,"Animation ,Action ,Comedy",21.0,4.0,2014.0
157,Archer,9,1,TV Series,7.2,1185,8.6,164775,22.0,"Animation ,Action ,Comedy",25.0,4.0,2018.0
157,Archer,8,8,TV Series,7.5,1091,8.6,164775,22.0,"Animation ,Action ,Comedy",24.0,5.0,2017.0
157,Archer,12,6,TV Series,8.5,866,8.6,164775,22.0,"Animation ,Action ,Comedy",22.0,9.0,2021.0
157,Archer,12,5,TV Series,7.9,785,8.6,164775,22.0,"Animation ,Action ,Comedy",15.0,9.0,2021.0
157,Archer,12,4,TV Series,7.4,780,8.6,164775,22.0,"Animation ,Action ,Comedy",8.0,9.0,2021.0
157,Archer,8,4,TV Series,7.5,1049,8.6,164775,22.0,"Animation ,Action ,Comedy",26.0,4.0,2017.0
157,Archer,8,3,TV Series,7.5,1066,8.6,164775,22.0,"Animation ,Action ,Comedy",19.0,4.0,2017.0
157,Archer,8,2,TV Series,7.6,1116,8.6,164775,22.0,"Animation ,Action ,Comedy",12.0,4.0,2017.0
157,Archer,11,8,TV Series,7.8,918,8.6,164775,22.0,"Animation ,Action ,Comedy",28.0,10.0,2020.0
157,Archer,11,7,TV Series,8.3,957,8.6,164775,22.0,"Animation ,Action ,Comedy",21.0,10.0,2020.0
157,Archer,11,6,TV Series,8.0,941,8.6,164775,22.0,"Animation ,Action ,Comedy",14.0,10.0,2020.0
157,Archer,7,8,TV Series,7.6,1127,8.6,164775,22.0,"Animation ,Action ,Comedy",19.0,5.0,2016.0
157,Archer,5,1,TV Series,8.5,1710,8.6,164775,22.0,"Animation ,Action ,Comedy",13.0,1.0,2014.0
157,Archer,4,13,TV Series,8.0,1508,8.6,164775,22.0,"Animation ,Action ,Comedy",11.0,4.0,2013.0
157,Archer,4,12,TV Series,7.7,1487,8.6,164775,22.0,"Animation ,Action ,Comedy",4.0,4.0,2013.0
157,Archer,4,11,TV Series,7.8,1507,8.6,164775,22.0,"Animation ,Action ,Comedy",28.0,3.0,2013.0
157,Archer,7,3,TV Series,8.4,1274,8.6,164775,22.0,"Animation ,Action ,Comedy",14.0,4.0,2016.0
157,Archer,7,2,TV Series,8.0,1248,8.6,164775,22.0,"Animation ,Action ,Comedy",7.0,4.0,2016.0
157,Archer,10,7,TV Series,7.7,885,8.6,164775,22.0,"Animation ,Action ,Comedy",17.0,7.0,2019.0
157,Archer,10,6,TV Series,7.3,874,8.6,164775,22.0,"Animation ,Action ,Comedy",10.0,7.0,2019.0
157,Archer,10,5,TV Series,7.9,1034,8.6,164775,22.0,"Animation ,Action ,Comedy",26.0,6.0,2019.0
157,Archer,6,11,TV Series,7.9,1263,8.6,164775,22.0,"Animation ,Action ,Comedy",19.0,3.0,2015.0
157,Archer,6,10,TV Series,8.1,1248,8.6,164775,22.0,"Animation ,Action ,Comedy",12.0,3.0,2015.0
157,Archer,6,9,TV Series,8.5,1367,8.6,164775,22.0,"Animation ,Action ,Comedy",5.0,3.0,2015.0
157,Archer,10,1,TV Series,7.1,1126,8.6,164775,22.0,"Animation ,Action ,Comedy",29.0,5.0,2019.0
157,Archer,9,8,TV Series,7.7,981,8.6,164775,22.0,"Animation ,Action ,Comedy",13.0,6.0,2018.0
157,Archer,9,7,TV Series,7.8,972,8.6,164775,22.0,"Animation ,Action ,Comedy",6.0,6.0,2018.0
157,Archer,6,5,TV Series,8.6,1555,8.6,164775,22.0,"Animation ,Action ,Comedy",5.0,2.0,2015.0
157,Archer,6,4,TV Series,8.0,1335,8.6,164775,22.0,"Animation ,Action ,Comedy",29.0,1.0,2015.0
157,Archer,6,3,TV Series,8.2,1363,8.6,164775,22.0,"Animation ,Action ,Comedy",22.0,1.0,2015.0
157,Archer,6,2,TV Series,7.9,1322,8.6,164775,22.0,"Animation ,Action ,Comedy",15.0,1.0,2015.0
157,Archer,6,1,TV Series,8.1,1404,8.6,164775,22.0,"Animation ,Action ,Comedy",8.0,1.0,2015.0
157,Archer,10,9,TV Series,8.5,1110,8.6,164775,22.0,"Animation ,Action ,Comedy",31.0,7.0,2019.0
157,Archer,10,8,TV Series,8.0,917,8.6,164775,22.0,"Animation ,Action ,Comedy",24.0,7.0,2019.0
157,Archer,14,6,TV Series,7.9,347,8.6,164775,22.0,"Animation ,Action ,Comedy",27.0,9.0,2023.0
157,Archer,14,5,TV Series,7.6,345,8.6,164775,22.0,"Animation ,Action ,Comedy",20.0,9.0,2023.0
157,Archer,14,4,TV Series,7.6,354,8.6,164775,22.0,"Animation ,Action ,Comedy",13.0,9.0,2023.0
157,Archer,10,4,TV Series,7.2,901,8.6,164775,22.0,"Animation ,Action ,Comedy",19.0,6.0,2019.0
157,Archer,10,3,TV Series,7.4,945,8.6,164775,22.0,"Animation ,Action ,Comedy",12.0,6.0,2019.0
157,Archer,10,2,TV Series,7.3,990,8.6,164775,22.0,"Animation ,Action ,Comedy",5.0,6.0,2019.0
157,Archer,13,8,TV Series,7.8,488,8.6,164775,22.0,"Animation ,Action ,Comedy",12.0,10.0,2022.0
157,Archer,13,7,TV Series,7.7,476,8.6,164775,22.0,"Animation ,Action ,Comedy",5.0,10.0,2022.0
157,Archer,13,6,TV Series,7.5,464,8.6,164775,22.0,"Animation ,Action ,Comedy",28.0,9.0,2022.0
157,Archer,9,6,TV Series,7.3,921,8.6,164775,22.0,"Animation ,Action ,Comedy",30.0,5.0,2018.0
157,Archer,7,7,TV Series,8.4,1270,8.6,164775,22.0,"Animation ,Action ,Comedy",12.0,5.0,2016.0
157,Archer,7,6,TV Series,8.3,1241,8.6,164775,22.0,"Animation ,Action ,Comedy",5.0,5.0,2016.0
157,Archer,7,5,TV Series,8.1,1213,8.6,164775,22.0,"Animation ,Action ,Comedy",28.0,4.0,2016.0
157,Archer,7,4,TV Series,8.0,1207,8.6,164775,22.0,"Animation ,Action ,Comedy",21.0,4.0,2016.0
157,Archer,9,5,TV Series,7.2,928,8.6,164775,22.0,"Animation ,Action ,Comedy",23.0,5.0,2018.0
157,Archer,9,4,TV Series,7.2,948,8.6,164775,22.0,"Animation ,Action ,Comedy",16.0,5.0,2018.0
157,Archer,9,3,TV Series,7.0,967,8.6,164775,22.0,"Animation ,Action ,Comedy",9.0,5.0,2018.0
157,Archer,9,2,TV Series,7.1,1029,8.6,164775,22.0,"Animation ,Action ,Comedy",2.0,5.0,2018.0
157,Archer,14,1,TV Series,7.4,434,8.6,164775,22.0,"Animation ,Action ,Comedy",30.0,8.0,2023.0
157,Archer,13,3,TV Series,7.7,567,8.6,164775,22.0,"Animation ,Action ,Comedy",7.0,9.0,2022.0
157,Archer,11,4,TV Series,8.5,1056,8.6,164775,22.0,"Animation ,Action ,Comedy",30.0,9.0,2020.0
157,Archer,11,1,TV Series,8.0,1154,8.6,164775,22.0,"Animation ,Action ,Comedy",16.0,9.0,2020.0
157,Archer,11,5,TV Series,8.4,1013,8.6,164775,22.0,"Animation ,Action ,Comedy",7.0,10.0,2020.0
157,Archer,11,2,TV Series,7.8,1044,8.6,164775,22.0,"Animation ,Action ,Comedy",16.0,9.0,2020.0
157,Archer,11,3,TV Series,7.9,983,8.6,164775,22.0,"Animation ,Action ,Comedy",23.0,9.0,2020.0
157,Archer,12,1,TV Series,7.5,890,8.6,164775,22.0,"Animation ,Action ,Comedy",25.0,8.0,2021.0
157,Archer,12,3,TV Series,7.5,802,8.6,164775,22.0,"Animation ,Action ,Comedy",1.0,9.0,2021.0
157,Archer,12,2,TV Series,7.9,851,8.6,164775,22.0,"Animation ,Action ,Comedy",25.0,8.0,2021.0
157,Archer,12,7,TV Series,7.9,742,8.6,164775,22.0,"Animation ,Action ,Comedy",29.0,9.0,2021.0
157,Archer,12,8,TV Series,9.0,1383,8.6,164775,22.0,"Animation ,Action ,Comedy",6.0,10.0,2021.0
157,Archer,13,1,TV Series,7.5,631,8.6,164775,22.0,"Animation ,Action ,Comedy",24.0,8.0,2022.0
157,Archer,13,4,TV Series,7.3,502,8.6,164775,22.0,"Animation ,Action ,Comedy",14.0,9.0,2022.0
157,Archer,13,2,TV Series,7.4,545,8.6,164775,22.0,"Animation ,Action ,Comedy",31.0,8.0,2022.0
157,Archer,13,5,TV Series,7.6,489,8.6,164775,22.0,"Animation ,Action ,Comedy",21.0,9.0,2022.0
157,Archer,Unknown,Unknown,TV Series,7.2,652,8.6,164775,22.0,"Animation ,Action ,Comedy",28.0,12.0,2010.0
157,Archer,14,9,TV Series,8.4,403,8.6,164775,22.0,"Animation ,Action ,Comedy",17.0,12.0,2023.0
157,Archer,1,6,TV Series,8.1,2078,8.6,164775,22.0,"Animation ,Action ,Comedy",11.0,2.0,2010.0
157,Archer,1,10,TV Series,7.9,1950,8.6,164775,22.0,"Animation ,Action ,Comedy",18.0,3.0,2010.0
157,Archer,1,5,TV Series,8.0,2188,8.6,164775,22.0,"Animation ,Action ,Comedy",4.0,2.0,2010.0
157,Archer,1,4,TV Series,7.6,2148,8.6,164775,22.0,"Animation ,Action ,Comedy",28.0,1.0,2010.0
157,Archer,2,1,TV Series,8.5,2043,8.6,164775,22.0,"Animation ,Action ,Comedy",27.0,1.0,2011.0
157,Archer,2,2,TV Series,7.7,1824,8.6,164775,22.0,"Animation ,Action ,Comedy",3.0,2.0,2011.0
157,Archer,14,3,TV Series,7.0,403,8.6,164775,22.0,"Animation ,Action ,Comedy",6.0,9.0,2023.0
157,Archer,14,2,TV Series,7.5,408,8.6,164775,22.0,"Animation ,Action ,Comedy",30.0,8.0,2023.0
157,Archer,14,7,TV Series,7.6,319,8.6,164775,22.0,"Animation ,Action ,Comedy",4.0,10.0,2023.0
157,Archer,14,8,TV Series,7.5,334,8.6,164775,22.0,"Animation ,Action ,Comedy",11.0,10.0,2023.0
158,Pose,2,8,TV Series,8.7,717,8.6,32486,60.0,Drama,6.0,8.0,2019.0
158,Pose,3,1,TV Series,8.1,645,8.6,32486,60.0,Drama,2.0,5.0,2021.0
158,Pose,2,6,TV Series,7.7,794,8.6,32486,60.0,Drama,23.0,7.0,2019.0
158,Pose,2,5,TV Series,8.1,699,8.6,32486,60.0,Drama,16.0,7.0,2019.0
158,Pose,1,7,TV Series,8.5,919,8.6,32486,60.0,Drama,15.0,7.0,2018.0
158,Pose,1,3,TV Series,8.8,1154,8.6,32486,60.0,Drama,17.0,6.0,2018.0
158,Pose,1,8,TV Series,9.2,1171,8.6,32486,60.0,Drama,22.0,7.0,2018.0
158,Pose,2,1,TV Series,8.9,974,8.6,32486,60.0,Drama,11.0,6.0,2019.0
158,Pose,1,2,TV Series,8.5,1209,8.6,32486,60.0,Drama,10.0,6.0,2018.0
158,Pose,1,1,TV Series,8.6,1616,8.6,32486,60.0,Drama,3.0,6.0,2018.0
158,Pose,2,9,TV Series,8.9,747,8.6,32486,60.0,Drama,13.0,8.0,2019.0
158,Pose,2,10,TV Series,9.2,808,8.6,32486,60.0,Drama,20.0,8.0,2019.0
158,Pose,1,5,TV Series,8.9,1048,8.6,32486,60.0,Drama,1.0,7.0,2018.0
158,Pose,1,6,TV Series,9.1,1179,8.6,32486,60.0,Drama,8.0,7.0,2018.0
158,Pose,2,3,TV Series,8.5,796,8.6,32486,60.0,Drama,25.0,6.0,2019.0
158,Pose,2,4,TV Series,9.2,1348,8.6,32486,60.0,Drama,9.0,7.0,2019.0
158,Pose,3,4,TV Series,8.7,647,8.6,32486,60.0,Drama,16.0,5.0,2021.0
158,Pose,3,3,TV Series,9.3,780,8.6,32486,60.0,Drama,9.0,5.0,2021.0
158,Pose,3,8,TV Series,8.7,441,8.6,32486,60.0,Drama,6.0,6.0,2021.0
158,Pose,3,2,TV Series,8.4,606,8.6,32486,60.0,Drama,2.0,5.0,2021.0
158,Pose,1,4,TV Series,8.6,1015,8.6,32486,60.0,Drama,24.0,6.0,2018.0
158,Pose,2,2,TV Series,8.5,784,8.6,32486,60.0,Drama,18.0,6.0,2019.0
158,Pose,3,5,TV Series,8.3,514,8.6,32486,60.0,Drama,23.0,5.0,2021.0
158,Pose,3,6,TV Series,9.0,631,8.6,32486,60.0,Drama,30.0,5.0,2021.0
158,Pose,2,7,TV Series,8.1,648,8.6,32486,60.0,Drama,30.0,7.0,2019.0
158,Pose,3,7,TV Series,8.9,548,8.6,32486,60.0,Drama,6.0,6.0,2021.0
159,Crash Landing on You,1,11,TV Series,8.7,539,8.7,40158,70.0,"Adventure ,Comedy ,Romance",28.0,12.0,2019.0
159,Crash Landing on You,1,12,TV Series,9.0,580,8.7,40158,70.0,"Adventure ,Comedy ,Romance",29.0,12.0,2019.0
159,Crash Landing on You,1,6,TV Series,8.7,574,8.7,40158,70.0,"Adventure ,Comedy ,Romance",8.0,12.0,2019.0
159,Crash Landing on You,1,3,TV Series,8.5,608,8.7,40158,70.0,"Adventure ,Comedy ,Romance",30.0,11.0,2019.0
159,Crash Landing on You,Unknown,Unknown,TV Series,8.1,76,8.7,40158,70.0,"Adventure ,Comedy ,Romance",25.0,1.0,2020.0
159,Crash Landing on You,1,13,TV Series,9.0,561,8.7,40158,70.0,"Adventure ,Comedy ,Romance",4.0,1.0,2020.0
159,Crash Landing on You,1,5,TV Series,8.6,575,8.7,40158,70.0,"Adventure ,Comedy ,Romance",7.0,12.0,2019.0
159,Crash Landing on You,1,7,TV Series,8.8,583,8.7,40158,70.0,"Adventure ,Comedy ,Romance",14.0,12.0,2019.0
159,Crash Landing on You,1,14,TV Series,8.8,524,8.7,40158,70.0,"Adventure ,Comedy ,Romance",5.0,1.0,2020.0
159,Crash Landing on You,1,15,TV Series,8.9,533,8.7,40158,70.0,"Adventure ,Comedy ,Romance",11.0,1.0,2020.0
159,Crash Landing on You,1,8,TV Series,8.8,567,8.7,40158,70.0,"Adventure ,Comedy ,Romance",15.0,12.0,2019.0
159,Crash Landing on You,1,9,TV Series,9.2,705,8.7,40158,70.0,"Adventure ,Comedy ,Romance",21.0,12.0,2019.0
159,Crash Landing on You,1,1,TV Series,7.9,763,8.7,40158,70.0,"Adventure ,Comedy ,Romance",14.0,12.0,2019.0
159,Crash Landing on You,1,2,TV Series,8.4,643,8.7,40158,70.0,"Adventure ,Comedy ,Romance",24.0,11.0,2019.0
159,Crash Landing on You,1,4,TV Series,8.5,590,8.7,40158,70.0,"Adventure ,Comedy ,Romance",1.0,12.0,2019.0
159,Crash Landing on You,Unknown,Unknown,TV Series,8.2,82,8.7,40158,70.0,"Adventure ,Comedy ,Romance",5.0,1.0,2020.0
159,Crash Landing on You,1,10,TV Series,8.9,632,8.7,40158,70.0,"Adventure ,Comedy ,Romance",22.0,12.0,2019.0
159,Crash Landing on You,1,16,TV Series,8.7,615,8.7,40158,70.0,"Adventure ,Comedy ,Romance",12.0,1.0,2020.0
159,Crash Landing on You,Unknown,Unknown,TV Series,8.6,110,8.7,40158,70.0,"Adventure ,Comedy ,Romance",4.0,1.0,2020.0
160,Anne with an E,3,2,TV Series,8.6,1828,8.6,65102,60.0,"Drama ,Family",3.0,1.0,2020.0
160,Anne with an E,3,1,TV Series,8.8,1936,8.6,65102,60.0,"Drama ,Family",3.0,1.0,2020.0
160,Anne with an E,2,5,TV Series,8.4,1791,8.6,65102,60.0,"Drama ,Family",6.0,7.0,2018.0
160,Anne with an E,3,4,TV Series,8.8,1753,8.6,65102,60.0,"Drama ,Family",3.0,1.0,2020.0
160,Anne with an E,3,5,TV Series,8.9,1856,8.6,65102,60.0,"Drama ,Family",3.0,1.0,2020.0
160,Anne with an E,3,9,TV Series,8.9,1790,8.6,65102,60.0,"Drama ,Family",3.0,1.0,2020.0
160,Anne with an E,3,10,TV Series,9.5,2765,8.6,65102,60.0,"Drama ,Family",3.0,1.0,2020.0
160,Anne with an E,1,5,TV Series,8.8,2195,8.6,65102,60.0,"Drama ,Family",16.0,4.0,2017.0
160,Anne with an E,1,6,TV Series,8.7,2129,8.6,65102,60.0,"Drama ,Family",23.0,4.0,2017.0
160,Anne with an E,2,3,TV Series,8.7,1902,8.6,65102,60.0,"Drama ,Family",6.0,7.0,2018.0
160,Anne with an E,2,4,TV Series,8.4,1827,8.6,65102,60.0,"Drama ,Family",6.0,7.0,2018.0
160,Anne with an E,3,3,TV Series,9.1,2180,8.6,65102,60.0,"Drama ,Family",3.0,1.0,2020.0
160,Anne with an E,2,2,TV Series,8.2,1865,8.6,65102,60.0,"Drama ,Family",6.0,7.0,2018.0
160,Anne with an E,2,1,TV Series,8.2,1936,8.6,65102,60.0,"Drama ,Family",6.0,7.0,2018.0
160,Anne with an E,2,6,TV Series,8.9,1897,8.6,65102,60.0,"Drama ,Family",6.0,7.0,2018.0
160,Anne with an E,2,7,TV Series,8.5,2145,8.6,65102,60.0,"Drama ,Family",6.0,7.0,2018.0
160,Anne with an E,2,8,TV Series,8.5,1829,8.6,65102,60.0,"Drama ,Family",6.0,7.0,2018.0
160,Anne with an E,1,7,TV Series,8.7,2153,8.6,65102,60.0,"Drama ,Family",12.0,5.0,2017.0
160,Anne with an E,1,1,TV Series,8.9,2978,8.6,65102,60.0,"Drama ,Family",12.0,5.0,2017.0
160,Anne with an E,3,7,TV Series,9.0,1917,8.6,65102,60.0,"Drama ,Family",3.0,1.0,2020.0
160,Anne with an E,3,8,TV Series,8.9,1814,8.6,65102,60.0,"Drama ,Family",3.0,1.0,2020.0
160,Anne with an E,3,6,TV Series,8.7,1753,8.6,65102,60.0,"Drama ,Family",3.0,1.0,2020.0
160,Anne with an E,1,2,TV Series,8.6,2422,8.6,65102,60.0,"Drama ,Family",26.0,3.0,2017.0
160,Anne with an E,1,3,TV Series,8.6,2281,8.6,65102,60.0,"Drama ,Family",2.0,4.0,2017.0
160,Anne with an E,1,4,TV Series,8.6,2216,8.6,65102,60.0,"Drama ,Family",9.0,4.0,2017.0
160,Anne with an E,2,10,TV Series,9.0,1886,8.6,65102,60.0,"Drama ,Family",6.0,7.0,2018.0
160,Anne with an E,2,9,TV Series,8.9,1807,8.6,65102,60.0,"Drama ,Family",6.0,7.0,2018.0
161,Young Justice,4,18,TV Series,8.1,945,8.6,44936,23.0,"Animation ,Action ,Adventure",14.0,4.0,2022.0
161,Young Justice,4,23,TV Series,7.5,788,8.6,44936,23.0,"Animation ,Action ,Adventure",19.0,5.0,2022.0
161,Young Justice,4,24,TV Series,8.9,758,8.6,44936,23.0,"Animation ,Action ,Adventure",26.0,5.0,2022.0
161,Young Justice,4,19,TV Series,8.5,922,8.6,44936,23.0,"Animation ,Action ,Adventure",21.0,4.0,2022.0
161,Young Justice,4,25,TV Series,9.0,736,8.6,44936,23.0,"Animation ,Action ,Adventure",2.0,6.0,2022.0
161,Young Justice,1,20,TV Series,9.4,3249,8.6,44936,23.0,"Animation ,Action ,Adventure",10.0,3.0,2012.0
161,Young Justice,1,21,TV Series,9.0,3076,8.6,44936,23.0,"Animation ,Action ,Adventure",17.0,3.0,2012.0
161,Young Justice,1,22,TV Series,9.0,3079,8.6,44936,23.0,"Animation ,Action ,Adventure",24.0,3.0,2012.0
161,Young Justice,1,19,TV Series,9.3,3183,8.6,44936,23.0,"Animation ,Action ,Adventure",3.0,3.0,2012.0
161,Young Justice,3,5,TV Series,8.7,2862,8.6,44936,23.0,"Animation ,Action ,Adventure",11.0,1.0,2019.0
161,Young Justice,3,6,TV Series,9.0,2862,8.6,44936,23.0,"Animation ,Action ,Adventure",11.0,1.0,2019.0
161,Young Justice,3,7,TV Series,9.4,2935,8.6,44936,23.0,"Animation ,Action ,Adventure",18.0,1.0,2019.0
161,Young Justice,3,8,TV Series,8.7,2820,8.6,44936,23.0,"Animation ,Action ,Adventure",18.0,1.0,2019.0
161,Young Justice,1,23,TV Series,8.9,3046,8.6,44936,23.0,"Animation ,Action ,Adventure",31.0,3.0,2012.0
161,Young Justice,1,24,TV Series,8.8,3061,8.6,44936,23.0,"Animation ,Action ,Adventure",7.0,4.0,2012.0
161,Young Justice,1,25,TV Series,9.4,3191,8.6,44936,23.0,"Animation ,Action ,Adventure",14.0,4.0,2012.0
161,Young Justice,2,2,TV Series,8.5,2979,8.6,44936,23.0,"Animation ,Action ,Adventure",5.0,5.0,2012.0
161,Young Justice,2,3,TV Series,8.9,2986,8.6,44936,23.0,"Animation ,Action ,Adventure",12.0,5.0,2012.0
161,Young Justice,2,4,TV Series,8.8,2956,8.6,44936,23.0,"Animation ,Action ,Adventure",19.0,5.0,2012.0
161,Young Justice,1,1,TV Series,8.7,3518,8.6,44936,23.0,"Animation ,Action ,Adventure",26.0,11.0,2010.0
161,Young Justice,2,8,TV Series,9.1,2996,8.6,44936,23.0,"Animation ,Action ,Adventure",29.0,9.0,2012.0
161,Young Justice,2,9,TV Series,9.3,2993,8.6,44936,23.0,"Animation ,Action ,Adventure",6.0,10.0,2012.0
161,Young Justice,2,10,TV Series,9.2,2988,8.6,44936,23.0,"Animation ,Action ,Adventure",5.0,1.0,2013.0
161,Young Justice,2,11,TV Series,8.8,2922,8.6,44936,23.0,"Animation ,Action ,Adventure",12.0,1.0,2013.0
161,Young Justice,2,12,TV Series,8.7,2915,8.6,44936,23.0,"Animation ,Action ,Adventure",19.0,1.0,2013.0
161,Young Justice,1,7,TV Series,8.9,3190,8.6,44936,23.0,"Animation ,Action ,Adventure",18.0,2.0,2011.0
161,Young Justice,1,8,TV Series,8.3,3177,8.6,44936,23.0,"Animation ,Action ,Adventure",4.0,3.0,2011.0
161,Young Justice,1,9,TV Series,9.0,3204,8.6,44936,23.0,"Animation ,Action ,Adventure",11.0,3.0,2011.0
161,Young Justice,1,12,TV Series,9.2,3192,8.6,44936,23.0,"Animation ,Action ,Adventure",30.0,9.0,2011.0
161,Young Justice,1,13,TV Series,8.5,3099,8.6,44936,23.0,"Animation ,Action ,Adventure",7.0,10.0,2011.0
161,Young Justice,1,14,TV Series,8.9,3130,8.6,44936,23.0,"Animation ,Action ,Adventure",14.0,10.0,2011.0
161,Young Justice,1,18,TV Series,8.6,3092,8.6,44936,23.0,"Animation ,Action ,Adventure",18.0,11.0,2011.0
161,Young Justice,1,17,TV Series,8.5,3080,8.6,44936,23.0,"Animation ,Action ,Adventure",11.0,11.0,2011.0
161,Young Justice,1,16,TV Series,9.4,3334,8.6,44936,23.0,"Animation ,Action ,Adventure",4.0,11.0,2011.0
161,Young Justice,1,15,TV Series,9.0,3129,8.6,44936,23.0,"Animation ,Action ,Adventure",21.0,10.0,2011.0
161,Young Justice,2,20,TV Series,9.6,3254,8.6,44936,23.0,"Animation ,Action ,Adventure",16.0,3.0,2013.0
161,Young Justice,2,19,TV Series,9.7,3466,8.6,44936,23.0,"Animation ,Action ,Adventure",9.0,3.0,2013.0
161,Young Justice,2,18,TV Series,9.0,2923,8.6,44936,23.0,"Animation ,Action ,Adventure",2.0,3.0,2013.0
161,Young Justice,1,11,TV Series,9.0,3155,8.6,44936,23.0,"Animation ,Action ,Adventure",23.0,9.0,2011.0
161,Young Justice,3,4,TV Series,9.1,2950,8.6,44936,23.0,"Animation ,Action ,Adventure",11.0,1.0,2019.0
161,Young Justice,1,10,TV Series,8.9,3151,8.6,44936,23.0,"Animation ,Action ,Adventure",16.0,9.0,2011.0
161,Young Justice,4,11,TV Series,8.8,1789,8.6,44936,23.0,"Animation ,Action ,Adventure",16.0,12.0,2021.0
161,Young Justice,4,12,TV Series,9.2,1679,8.6,44936,23.0,"Animation ,Action ,Adventure",23.0,12.0,2021.0
161,Young Justice,4,13,TV Series,9.0,1641,8.6,44936,23.0,"Animation ,Action ,Adventure",30.0,12.0,2021.0
161,Young Justice,4,14,TV Series,7.0,1305,8.6,44936,23.0,"Animation ,Action ,Adventure",31.0,3.0,2022.0
161,Young Justice,3,9,TV Series,8.9,2817,8.6,44936,23.0,"Animation ,Action ,Adventure",18.0,1.0,2019.0
161,Young Justice,3,10,TV Series,8.8,2795,8.6,44936,23.0,"Animation ,Action ,Adventure",25.0,1.0,2019.0
161,Young Justice,3,11,TV Series,8.7,2779,8.6,44936,23.0,"Animation ,Action ,Adventure",25.0,1.0,2019.0
161,Young Justice,1,26,TV Series,9.6,3464,8.6,44936,23.0,"Animation ,Action ,Adventure",21.0,4.0,2012.0
161,Young Justice,2,1,TV Series,9.0,3102,8.6,44936,23.0,"Animation ,Action ,Adventure",28.0,4.0,2012.0
161,Young Justice,3,14,TV Series,8.8,2713,8.6,44936,23.0,"Animation ,Action ,Adventure",2.0,7.0,2019.0
161,Young Justice,3,15,TV Series,8.5,2686,8.6,44936,23.0,"Animation ,Action ,Adventure",2.0,7.0,2019.0
161,Young Justice,3,16,TV Series,8.5,2694,8.6,44936,23.0,"Animation ,Action ,Adventure",2.0,7.0,2019.0
161,Young Justice,2,5,TV Series,8.4,2951,8.6,44936,23.0,"Animation ,Action ,Adventure",26.0,5.0,2012.0
161,Young Justice,2,6,TV Series,9.4,3098,8.6,44936,23.0,"Animation ,Action ,Adventure",2.0,6.0,2012.0
161,Young Justice,2,7,TV Series,9.5,3123,8.6,44936,23.0,"Animation ,Action ,Adventure",9.0,6.0,2012.0
161,Young Justice,3,20,TV Series,8.9,2790,8.6,44936,23.0,"Animation ,Action ,Adventure",30.0,7.0,2019.0
161,Young Justice,3,21,TV Series,8.6,2672,8.6,44936,23.0,"Animation ,Action ,Adventure",6.0,8.0,2019.0
161,Young Justice,3,22,TV Series,9.1,2693,8.6,44936,23.0,"Animation ,Action ,Adventure",13.0,8.0,2019.0
161,Young Justice,3,23,TV Series,9.4,2754,8.6,44936,23.0,"Animation ,Action ,Adventure",20.0,8.0,2019.0
161,Young Justice,3,24,TV Series,9.1,2674,8.6,44936,23.0,"Animation ,Action ,Adventure",27.0,8.0,2019.0
161,Young Justice,2,13,TV Series,9.0,2927,8.6,44936,23.0,"Animation ,Action ,Adventure",26.0,1.0,2013.0
161,Young Justice,2,14,TV Series,8.8,2909,8.6,44936,23.0,"Animation ,Action ,Adventure",2.0,2.0,2013.0
161,Young Justice,2,15,TV Series,9.4,2999,8.6,44936,23.0,"Animation ,Action ,Adventure",9.0,2.0,2013.0
161,Young Justice,4,1,TV Series,8.7,2195,8.6,44936,23.0,"Animation ,Action ,Adventure",16.0,10.0,2021.0
161,Young Justice,3,26,TV Series,8.8,2731,8.6,44936,23.0,"Animation ,Action ,Adventure",27.0,8.0,2019.0
161,Young Justice,3,25,TV Series,9.2,2729,8.6,44936,23.0,"Animation ,Action ,Adventure",27.0,8.0,2019.0
161,Young Justice,Unknown,Unknown,TV Series,7.3,0,8.6,44936,23.0,"Animation ,Action ,Adventure",35.0,15.0,2050.0
161,Young Justice,Unknown,Unknown,TV Series,8.1,0,8.6,44936,23.0,"Animation ,Action ,Adventure",8.0,8.0,2023.0
161,Young Justice,Unknown,Unknown,TV Series,8.1,0,8.6,44936,23.0,"Animation ,Action ,Adventure",11.0,11.0,2020.0
161,Young Justice,Unknown,Unknown,TV Series,8.1,0,8.6,44936,23.0,"Animation ,Action ,Adventure",9.0,11.0,2020.0
161,Young Justice,4,26,TV Series,9.1,767,8.6,44936,23.0,"Animation ,Action ,Adventure",9.0,6.0,2022.0
161,Young Justice,3,19,TV Series,8.4,2678,8.6,44936,23.0,"Animation ,Action ,Adventure",23.0,7.0,2019.0
161,Young Justice,3,18,TV Series,8.5,2687,8.6,44936,23.0,"Animation ,Action ,Adventure",16.0,7.0,2019.0
161,Young Justice,3,17,TV Series,8.4,2698,8.6,44936,23.0,"Animation ,Action ,Adventure",9.0,7.0,2019.0
161,Young Justice,4,22,TV Series,8.8,827,8.6,44936,23.0,"Animation ,Action ,Adventure",12.0,5.0,2022.0
161,Young Justice,4,21,TV Series,8.9,876,8.6,44936,23.0,"Animation ,Action ,Adventure",5.0,5.0,2022.0
161,Young Justice,4,20,TV Series,8.4,872,8.6,44936,23.0,"Animation ,Action ,Adventure",28.0,4.0,2022.0
161,Young Justice,3,13,TV Series,9.2,2813,8.6,44936,23.0,"Animation ,Action ,Adventure",25.0,1.0,2019.0
161,Young Justice,3,12,TV Series,8.7,2831,8.6,44936,23.0,"Animation ,Action ,Adventure",25.0,1.0,2019.0
161,Young Justice,4,17,TV Series,8.4,1049,8.6,44936,23.0,"Animation ,Action ,Adventure",7.0,4.0,2022.0
161,Young Justice,4,16,TV Series,8.4,1107,8.6,44936,23.0,"Animation ,Action ,Adventure",31.0,3.0,2022.0
161,Young Justice,4,15,TV Series,8.5,1104,8.6,44936,23.0,"Animation ,Action ,Adventure",31.0,3.0,2022.0
161,Young Justice,4,3,TV Series,8.8,2153,8.6,44936,23.0,"Animation ,Action ,Adventure",21.0,10.0,2021.0
161,Young Justice,4,2,TV Series,8.7,2202,8.6,44936,23.0,"Animation ,Action ,Adventure",16.0,10.0,2021.0
161,Young Justice,4,7,TV Series,9.2,1936,8.6,44936,23.0,"Animation ,Action ,Adventure",18.0,11.0,2021.0
161,Young Justice,4,8,TV Series,9.4,1942,8.6,44936,23.0,"Animation ,Action ,Adventure",25.0,11.0,2021.0
161,Young Justice,4,10,TV Series,8.9,1818,8.6,44936,23.0,"Animation ,Action ,Adventure",9.0,12.0,2021.0
161,Young Justice,3,3,TV Series,9.1,2935,8.6,44936,23.0,"Animation ,Action ,Adventure",4.0,1.0,2019.0
161,Young Justice,3,2,TV Series,8.8,2943,8.6,44936,23.0,"Animation ,Action ,Adventure",4.0,1.0,2019.0
161,Young Justice,3,1,TV Series,8.9,3066,8.6,44936,23.0,"Animation ,Action ,Adventure",4.0,1.0,2019.0
161,Young Justice,4,6,TV Series,9.0,1981,8.6,44936,23.0,"Animation ,Action ,Adventure",11.0,11.0,2021.0
161,Young Justice,4,5,TV Series,9.2,2055,8.6,44936,23.0,"Animation ,Action ,Adventure",4.0,11.0,2021.0
161,Young Justice,4,4,TV Series,9.2,2139,8.6,44936,23.0,"Animation ,Action ,Adventure",28.0,10.0,2021.0
161,Young Justice,2,17,TV Series,9.0,2935,8.6,44936,23.0,"Animation ,Action ,Adventure",23.0,2.0,2013.0
161,Young Justice,2,16,TV Series,9.5,3005,8.6,44936,23.0,"Animation ,Action ,Adventure",16.0,2.0,2013.0
161,Young Justice,4,9,TV Series,9.1,1878,8.6,44936,23.0,"Animation ,Action ,Adventure",2.0,12.0,2021.0
161,Young Justice,1,4,TV Series,8.3,3238,8.6,44936,23.0,"Animation ,Action ,Adventure",28.0,1.0,2011.0
161,Young Justice,1,5,TV Series,8.7,3224,8.6,44936,23.0,"Animation ,Action ,Adventure",4.0,2.0,2011.0
161,Young Justice,1,2,TV Series,8.8,3386,8.6,44936,23.0,"Animation ,Action ,Adventure",26.0,11.0,2010.0
161,Young Justice,1,3,TV Series,7.9,3294,8.6,44936,23.0,"Animation ,Action ,Adventure",21.0,1.0,2011.0
161,Young Justice,1,6,TV Series,8.7,3187,8.6,44936,23.0,"Animation ,Action ,Adventure",11.0,2.0,2011.0
162,Dopesick,1,7,TV Mini Series,8.9,1674,8.6,75584,492.0,Drama,10.0,11.0,2021.0
162,Dopesick,1,6,TV Mini Series,8.5,1563,8.6,75584,492.0,Drama,3.0,11.0,2021.0
162,Dopesick,1,1,TV Mini Series,8.0,2050,8.6,75584,492.0,Drama,13.0,10.0,2021.0
162,Dopesick,1,3,TV Mini Series,8.4,1706,8.6,75584,492.0,Drama,13.0,10.0,2021.0
162,Dopesick,1,5,TV Mini Series,8.7,1628,8.6,75584,492.0,Drama,27.0,10.0,2021.0
162,Dopesick,1,8,TV Mini Series,8.7,1547,8.6,75584,492.0,Drama,17.0,11.0,2021.0
162,Dopesick,1,4,TV Mini Series,8.6,1692,8.6,75584,492.0,Drama,20.0,10.0,2021.0
162,Dopesick,1,2,TV Mini Series,8.2,1789,8.6,75584,492.0,Drama,13.0,10.0,2021.0
163,Yes Minister,3,7,TV Series,8.1,276,8.7,16357,30.0,Comedy,23.0,12.0,1982.0
163,Yes Minister,3,8,TV Series,9.1,425,8.7,16357,30.0,Comedy,17.0,12.0,1984.0
163,Yes Minister,2,7,TV Series,8.7,318,8.7,16357,30.0,Comedy,6.0,4.0,1981.0
163,Yes Minister,2,6,TV Series,8.0,306,8.7,16357,30.0,Comedy,30.0,3.0,1981.0
163,Yes Minister,3,4,TV Series,8.8,336,8.7,16357,30.0,Comedy,2.0,12.0,1982.0
163,Yes Minister,1,4,TV Series,8.8,427,8.7,16357,30.0,Comedy,17.0,3.0,1980.0
163,Yes Minister,2,1,TV Series,8.4,356,8.7,16357,30.0,Comedy,23.0,2.0,1981.0
163,Yes Minister,1,5,TV Series,8.3,369,8.7,16357,30.0,Comedy,24.0,3.0,1980.0
163,Yes Minister,1,6,TV Series,8.2,360,8.7,16357,30.0,Comedy,31.0,3.0,1980.0
163,Yes Minister,1,7,TV Series,8.0,346,8.7,16357,30.0,Comedy,7.0,4.0,1980.0
163,Yes Minister,2,3,TV Series,8.1,317,8.7,16357,30.0,Comedy,9.0,3.0,1981.0
163,Yes Minister,2,4,TV Series,8.2,309,8.7,16357,30.0,Comedy,16.0,3.0,1981.0
163,Yes Minister,3,5,TV Series,8.3,291,8.7,16357,30.0,Comedy,9.0,12.0,1982.0
163,Yes Minister,3,3,TV Series,9.0,346,8.7,16357,30.0,Comedy,25.0,11.0,1982.0
163,Yes Minister,3,6,TV Series,8.2,297,8.7,16357,30.0,Comedy,16.0,12.0,1982.0
163,Yes Minister,3,1,TV Series,8.5,332,8.7,16357,30.0,Comedy,11.0,11.0,1982.0
163,Yes Minister,2,5,TV Series,8.3,308,8.7,16357,30.0,Comedy,23.0,3.0,1981.0
163,Yes Minister,3,2,TV Series,8.2,295,8.7,16357,30.0,Comedy,18.0,11.0,1982.0
163,Yes Minister,2,2,TV Series,8.3,323,8.7,16357,30.0,Comedy,2.0,3.0,1981.0
163,Yes Minister,1,3,TV Series,8.0,392,8.7,16357,30.0,Comedy,10.0,3.0,1980.0
163,Yes Minister,1,2,TV Series,8.1,424,8.7,16357,30.0,Comedy,3.0,3.0,1980.0
163,Yes Minister,1,1,TV Series,8.0,450,8.7,16357,30.0,Comedy,25.0,2.0,1980.0
164,Greatest Events of WWII in Colour,1,10,TV Mini Series,8.5,407,8.7,10373,50.0,"Documentary ,History ,War",8.0,11.0,2019.0
164,Greatest Events of WWII in Colour,1,9,TV Mini Series,8.4,440,8.7,10373,50.0,"Documentary ,History ,War",8.0,11.0,2019.0
164,Greatest Events of WWII in Colour,1,1,TV Mini Series,8.3,660,8.7,10373,50.0,"Documentary ,History ,War",24.0,6.0,2019.0
164,Greatest Events of WWII in Colour,1,2,TV Mini Series,8.3,574,8.7,10373,50.0,"Documentary ,History ,War",8.0,11.0,2019.0
164,Greatest Events of WWII in Colour,1,3,TV Mini Series,8.6,560,8.7,10373,50.0,"Documentary ,History ,War",8.0,11.0,2019.0
164,Greatest Events of WWII in Colour,1,4,TV Mini Series,8.3,518,8.7,10373,50.0,"Documentary ,History ,War",8.0,11.0,2019.0
164,Greatest Events of WWII in Colour,1,6,TV Mini Series,8.3,465,8.7,10373,50.0,"Documentary ,History ,War",8.0,11.0,2019.0
164,Greatest Events of WWII in Colour,1,5,TV Mini Series,8.6,548,8.7,10373,50.0,"Documentary ,History ,War",8.0,11.0,2019.0
164,Greatest Events of WWII in Colour,1,7,TV Mini Series,8.0,434,8.7,10373,50.0,"Documentary ,History ,War",8.0,11.0,2019.0
164,Greatest Events of WWII in Colour,1,8,TV Mini Series,8.1,450,8.7,10373,50.0,"Documentary ,History ,War",8.0,11.0,2019.0
165,Yellowstone,3,8,TV Series,8.6,2271,8.7,211292,60.0,"Drama ,Western",9.0,8.0,2020.0
165,Yellowstone,3,7,TV Series,8.4,2155,8.7,211292,60.0,"Drama ,Western",2.0,8.0,2020.0
165,Yellowstone,3,6,TV Series,7.9,2167,8.7,211292,60.0,"Drama ,Western",26.0,7.0,2020.0
165,Yellowstone,5,13,TV Series,7.3,0,8.7,211292,60.0,"Drama ,Western",35.0,15.0,2050.0
165,Yellowstone,5,14,TV Series,7.3,0,8.7,211292,60.0,"Drama ,Western",35.0,15.0,2050.0
165,Yellowstone,2,8,TV Series,8.3,2427,8.7,211292,60.0,"Drama ,Western",14.0,8.0,2019.0
165,Yellowstone,2,9,TV Series,8.9,2680,8.7,211292,60.0,"Drama ,Western",21.0,8.0,2019.0
165,Yellowstone,2,10,TV Series,9.0,3045,8.7,211292,60.0,"Drama ,Western",28.0,8.0,2019.0
165,Yellowstone,2,6,TV Series,8.5,2521,8.7,211292,60.0,"Drama ,Western",31.0,7.0,2019.0
165,Yellowstone,5,7,TV Series,7.7,1607,8.7,211292,60.0,"Drama ,Western",18.0,12.0,2022.0
165,Yellowstone,5,6,TV Series,7.7,1952,8.7,211292,60.0,"Drama ,Western",11.0,12.0,2022.0
165,Yellowstone,2,7,TV Series,9.2,3535,8.7,211292,60.0,"Drama ,Western",7.0,8.0,2019.0
165,Yellowstone,5,5,TV Series,7.9,2023,8.7,211292,60.0,"Drama ,Western",4.0,12.0,2022.0
165,Yellowstone,5,2,TV Series,7.8,1973,8.7,211292,60.0,"Drama ,Western",13.0,11.0,2022.0
165,Yellowstone,5,3,TV Series,7.9,1801,8.7,211292,60.0,"Drama ,Western",20.0,11.0,2022.0
165,Yellowstone,5,4,TV Series,8.0,1756,8.7,211292,60.0,"Drama ,Western",27.0,11.0,2022.0
165,Yellowstone,4,3,TV Series,8.2,2419,8.7,211292,60.0,"Drama ,Western",14.0,11.0,2021.0
165,Yellowstone,4,4,TV Series,8.1,2342,8.7,211292,60.0,"Drama ,Western",21.0,11.0,2021.0
165,Yellowstone,4,5,TV Series,7.9,2474,8.7,211292,60.0,"Drama ,Western",28.0,11.0,2021.0
165,Yellowstone,4,2,TV Series,8.6,2816,8.7,211292,60.0,"Drama ,Western",7.0,11.0,2021.0
165,Yellowstone,4,6,TV Series,8.0,2208,8.7,211292,60.0,"Drama ,Western",5.0,12.0,2021.0
165,Yellowstone,5,11,TV Series,7.3,0,8.7,211292,60.0,"Drama ,Western",35.0,15.0,2050.0
165,Yellowstone,5,10,TV Series,7.3,0,8.7,211292,60.0,"Drama ,Western",35.0,15.0,2050.0
165,Yellowstone,5,9,TV Series,7.7,0,8.7,211292,60.0,"Drama ,Western",35.0,15.0,2024.0
165,Yellowstone,5,8,TV Series,7.9,1630,8.7,211292,60.0,"Drama ,Western",1.0,1.0,2023.0
165,Yellowstone,5,12,TV Series,7.3,0,8.7,211292,60.0,"Drama ,Western",35.0,15.0,2050.0
165,Yellowstone,3,1,TV Series,7.9,2450,8.7,211292,60.0,"Drama ,Western",21.0,6.0,2020.0
165,Yellowstone,2,5,TV Series,8.1,2440,8.7,211292,60.0,"Drama ,Western",24.0,7.0,2019.0
165,Yellowstone,2,4,TV Series,8.4,2475,8.7,211292,60.0,"Drama ,Western",17.0,7.0,2019.0
165,Yellowstone,2,3,TV Series,8.0,2463,8.7,211292,60.0,"Drama ,Western",10.0,7.0,2019.0
165,Yellowstone,3,4,TV Series,8.5,2327,8.7,211292,60.0,"Drama ,Western",12.0,7.0,2020.0
165,Yellowstone,3,5,TV Series,8.2,2208,8.7,211292,60.0,"Drama ,Western",19.0,7.0,2020.0
165,Yellowstone,1,3,TV Series,8.2,3270,8.7,211292,60.0,"Drama ,Western",11.0,7.0,2018.0
165,Yellowstone,1,2,TV Series,7.9,3494,8.7,211292,60.0,"Drama ,Western",27.0,6.0,2018.0
165,Yellowstone,1,1,TV Series,8.2,5005,8.7,211292,60.0,"Drama ,Western",20.0,6.0,2018.0
165,Yellowstone,4,1,TV Series,9.3,4272,8.7,211292,60.0,"Drama ,Western",7.0,11.0,2021.0
165,Yellowstone,3,10,TV Series,9.2,3231,8.7,211292,60.0,"Drama ,Western",23.0,8.0,2020.0
165,Yellowstone,1,4,TV Series,8.0,3088,8.7,211292,60.0,"Drama ,Western",18.0,7.0,2018.0
165,Yellowstone,1,5,TV Series,8.1,2954,8.7,211292,60.0,"Drama ,Western",25.0,7.0,2018.0
165,Yellowstone,1,6,TV Series,8.0,2844,8.7,211292,60.0,"Drama ,Western",1.0,8.0,2018.0
165,Yellowstone,2,1,TV Series,8.3,2838,8.7,211292,60.0,"Drama ,Western",19.0,6.0,2019.0
165,Yellowstone,2,2,TV Series,8.1,2579,8.7,211292,60.0,"Drama ,Western",26.0,6.0,2019.0
165,Yellowstone,1,7,TV Series,8.2,2782,8.7,211292,60.0,"Drama ,Western",8.0,8.0,2018.0
165,Yellowstone,1,8,TV Series,8.3,2722,8.7,211292,60.0,"Drama ,Western",15.0,8.0,2018.0
165,Yellowstone,4,9,TV Series,7.7,2160,8.7,211292,60.0,"Drama ,Western",26.0,12.0,2021.0
165,Yellowstone,4,10,TV Series,8.2,2709,8.7,211292,60.0,"Drama ,Western",2.0,1.0,2022.0
165,Yellowstone,5,1,TV Series,8.0,2389,8.7,211292,60.0,"Drama ,Western",13.0,11.0,2022.0
165,Yellowstone,1,9,TV Series,8.5,2912,8.7,211292,60.0,"Drama ,Western",22.0,8.0,2018.0
165,Yellowstone,3,3,TV Series,8.2,2225,8.7,211292,60.0,"Drama ,Western",5.0,7.0,2020.0
165,Yellowstone,3,2,TV Series,8.0,2283,8.7,211292,60.0,"Drama ,Western",28.0,6.0,2020.0
165,Yellowstone,4,7,TV Series,8.2,2222,8.7,211292,60.0,"Drama ,Western",12.0,12.0,2021.0
165,Yellowstone,4,8,TV Series,8.0,2154,8.7,211292,60.0,"Drama ,Western",19.0,12.0,2021.0
165,Yellowstone,3,9,TV Series,8.8,2480,8.7,211292,60.0,"Drama ,Western",16.0,8.0,2020.0
166,The Bear,2,10,TV Series,9.4,8246,8.6,198349,35.0,"Comedy ,Drama",22.0,6.0,2023.0
166,The Bear,2,1,TV Series,8.0,5153,8.6,198349,35.0,"Comedy ,Drama",22.0,6.0,2023.0
166,The Bear,3,1,TV Series,7.7,0,8.6,198349,35.0,"Comedy ,Drama",35.0,6.0,2024.0
166,The Bear,1,7,TV Series,9.5,11387,8.6,198349,35.0,"Comedy ,Drama",23.0,6.0,2022.0
166,The Bear,1,8,TV Series,9.2,7531,8.6,198349,35.0,"Comedy ,Drama",23.0,6.0,2022.0
166,The Bear,2,9,TV Series,8.9,4893,8.6,198349,35.0,"Comedy ,Drama",22.0,6.0,2023.0
166,The Bear,2,8,TV Series,8.7,5007,8.6,198349,35.0,"Comedy ,Drama",22.0,6.0,2023.0
166,The Bear,2,7,TV Series,9.7,13543,8.6,198349,35.0,"Comedy ,Drama",22.0,6.0,2023.0
166,The Bear,1,1,TV Series,7.7,6923,8.6,198349,35.0,"Comedy ,Drama",23.0,6.0,2022.0
166,The Bear,1,2,TV Series,7.8,6009,8.6,198349,35.0,"Comedy ,Drama",23.0,6.0,2022.0
166,The Bear,1,3,TV Series,7.8,5630,8.6,198349,35.0,"Comedy ,Drama",23.0,6.0,2022.0
166,The Bear,1,5,TV Series,7.8,5221,8.6,198349,35.0,"Comedy ,Drama",23.0,6.0,2022.0
166,The Bear,1,4,TV Series,8.1,5657,8.6,198349,35.0,"Comedy ,Drama",23.0,6.0,2022.0
166,The Bear,1,6,TV Series,8.0,5272,8.6,198349,35.0,"Comedy ,Drama",23.0,6.0,2022.0
166,The Bear,2,6,TV Series,9.6,17174,8.6,198349,35.0,"Comedy ,Drama",22.0,6.0,2023.0
166,The Bear,2,2,TV Series,8.0,4918,8.6,198349,35.0,"Comedy ,Drama",22.0,6.0,2023.0
166,The Bear,2,3,TV Series,7.9,4897,8.6,198349,35.0,"Comedy ,Drama",22.0,6.0,2023.0
166,The Bear,2,4,TV Series,8.8,6746,8.6,198349,35.0,"Comedy ,Drama",22.0,6.0,2023.0
166,The Bear,2,5,TV Series,8.0,4895,8.6,198349,35.0,"Comedy ,Drama",22.0,6.0,2023.0
167,The Newsroom,2,8,TV Series,8.5,1336,8.6,123664,55.0,Drama,8.0,9.0,2013.0
167,The Newsroom,2,9,TV Series,9.0,1756,8.6,123664,55.0,Drama,15.0,9.0,2013.0
167,The Newsroom,3,4,TV Series,9.0,1523,8.6,123664,55.0,Drama,30.0,11.0,2014.0
167,The Newsroom,2,5,TV Series,8.2,1364,8.6,123664,55.0,Drama,11.0,8.0,2013.0
167,The Newsroom,2,6,TV Series,8.0,1303,8.6,123664,55.0,Drama,18.0,8.0,2013.0
167,The Newsroom,1,6,TV Series,8.5,1875,8.6,123664,55.0,Drama,29.0,7.0,2012.0
167,The Newsroom,1,5,TV Series,8.4,1986,8.6,123664,55.0,Drama,22.0,7.0,2012.0
167,The Newsroom,1,4,TV Series,9.0,2660,8.6,123664,55.0,Drama,15.0,7.0,2012.0
167,The Newsroom,2,3,TV Series,8.0,1368,8.6,123664,55.0,Drama,28.0,7.0,2013.0
167,The Newsroom,2,4,TV Series,8.3,1424,8.6,123664,55.0,Drama,4.0,8.0,2013.0
167,The Newsroom,2,2,TV Series,8.1,1412,8.6,123664,55.0,Drama,21.0,7.0,2013.0
167,The Newsroom,3,5,TV Series,9.3,2210,8.6,123664,55.0,Drama,7.0,12.0,2014.0
167,The Newsroom,3,6,TV Series,9.2,1980,8.6,123664,55.0,Drama,14.0,12.0,2014.0
167,The Newsroom,3,1,TV Series,8.7,1589,8.6,123664,55.0,Drama,9.0,11.0,2014.0
167,The Newsroom,3,2,TV Series,9.0,1605,8.6,123664,55.0,Drama,16.0,11.0,2014.0
167,The Newsroom,3,3,TV Series,8.6,1304,8.6,123664,55.0,Drama,23.0,11.0,2014.0
167,The Newsroom,1,2,TV Series,7.9,2264,8.6,123664,55.0,Drama,1.0,7.0,2012.0
167,The Newsroom,1,3,TV Series,8.2,2089,8.6,123664,55.0,Drama,8.0,7.0,2012.0
167,The Newsroom,1,1,TV Series,9.0,3783,8.6,123664,55.0,Drama,24.0,6.0,2012.0
167,The Newsroom,1,9,TV Series,8.1,1598,8.6,123664,55.0,Drama,19.0,8.0,2012.0
167,The Newsroom,1,7,TV Series,8.4,2065,8.6,123664,55.0,Drama,5.0,8.0,2012.0
167,The Newsroom,1,8,TV Series,7.9,1615,8.6,123664,55.0,Drama,12.0,8.0,2012.0
167,The Newsroom,2,7,TV Series,9.1,1833,8.6,123664,55.0,Drama,25.0,8.0,2013.0
167,The Newsroom,1,10,TV Series,8.8,1914,8.6,123664,55.0,Drama,26.0,8.0,2012.0
167,The Newsroom,2,1,TV Series,8.0,1656,8.6,123664,55.0,Drama,14.0,7.0,2013.0
168,QI,1,5,TV Series,7.7,151,8.6,33421,30.0,"Comedy ,Game-Show",2.0,10.0,2003.0
168,QI,1,4,TV Series,7.5,154,8.6,33421,30.0,"Comedy ,Game-Show",25.0,9.0,2003.0
168,QI,1,0,TV Series,7.4,116,8.6,33421,30.0,"Comedy ,Game-Show",11.0,9.0,2003.0
168,QI,2,2,TV Series,7.7,129,8.6,33421,30.0,"Comedy ,Game-Show",8.0,10.0,2004.0
168,QI,2,1,TV Series,7.9,138,8.6,33421,30.0,"Comedy ,Game-Show",8.0,10.0,2004.0
168,QI,4,8,TV Series,7.5,103,8.6,33421,30.0,"Comedy ,Game-Show",10.0,11.0,2006.0
168,QI,4,7,TV Series,7.5,110,8.6,33421,30.0,"Comedy ,Game-Show",3.0,11.0,2006.0
168,QI,4,6,TV Series,7.5,113,8.6,33421,30.0,"Comedy ,Game-Show",27.0,10.0,2006.0
168,QI,1,9,TV Series,7.4,138,8.6,33421,30.0,"Comedy ,Game-Show",30.0,10.0,2003.0
168,QI,1,8,TV Series,7.4,145,8.6,33421,30.0,"Comedy ,Game-Show",23.0,10.0,2003.0
168,QI,1,7,TV Series,7.6,150,8.6,33421,30.0,"Comedy ,Game-Show",16.0,10.0,2003.0
168,QI,4,2,TV Series,7.6,112,8.6,33421,30.0,"Comedy ,Game-Show",29.0,9.0,2006.0
168,QI,4,1,TV Series,7.7,115,8.6,33421,30.0,"Comedy ,Game-Show",29.0,9.0,2006.0
168,QI,3,12,TV Series,7.7,121,8.6,33421,30.0,"Comedy ,Game-Show",9.0,12.0,2005.0
168,QI,3,11,TV Series,7.5,118,8.6,33421,30.0,"Comedy ,Game-Show",2.0,12.0,2005.0
168,QI,3,10,TV Series,7.4,110,8.6,33421,30.0,"Comedy ,Game-Show",25.0,11.0,2005.0
168,QI,1,1,TV Series,7.5,202,8.6,33421,30.0,"Comedy ,Game-Show",11.0,9.0,2003.0
168,QI,3,3,TV Series,7.5,125,8.6,33421,30.0,"Comedy ,Game-Show",7.0,10.0,2005.0
168,QI,3,2,TV Series,7.5,119,8.6,33421,30.0,"Comedy ,Game-Show",30.0,9.0,2005.0
168,QI,2,10,TV Series,7.4,120,8.6,33421,30.0,"Comedy ,Game-Show",3.0,12.0,2004.0
168,QI,2,9,TV Series,7.6,122,8.6,33421,30.0,"Comedy ,Game-Show",26.0,11.0,2004.0
168,QI,2,8,TV Series,7.6,129,8.6,33421,30.0,"Comedy ,Game-Show",19.0,11.0,2004.0
168,QI,2,7,TV Series,7.6,128,8.6,33421,30.0,"Comedy ,Game-Show",12.0,11.0,2004.0
168,QI,2,6,TV Series,7.7,132,8.6,33421,30.0,"Comedy ,Game-Show",5.0,11.0,2004.0
168,QI,1,12,TV Series,7.3,130,8.6,33421,30.0,"Comedy ,Game-Show",23.0,12.0,2003.0
168,QI,1,11,TV Series,7.5,140,8.6,33421,30.0,"Comedy ,Game-Show",13.0,11.0,2003.0
168,QI,1,10,TV Series,7.3,136,8.6,33421,30.0,"Comedy ,Game-Show",6.0,11.0,2003.0
168,QI,1,6,TV Series,7.4,147,8.6,33421,30.0,"Comedy ,Game-Show",9.0,10.0,2003.0
168,QI,2,3,TV Series,7.8,134,8.6,33421,30.0,"Comedy ,Game-Show",15.0,10.0,2004.0
168,QI,1,2,TV Series,7.9,174,8.6,33421,30.0,"Comedy ,Game-Show",11.0,9.0,2003.0
168,QI,1,3,TV Series,7.6,162,8.6,33421,30.0,"Comedy ,Game-Show",18.0,9.0,2003.0
168,QI,3,4,TV Series,7.7,117,8.6,33421,30.0,"Comedy ,Game-Show",14.0,10.0,2005.0
168,QI,3,7,TV Series,7.7,119,8.6,33421,30.0,"Comedy ,Game-Show",4.0,11.0,2005.0
168,QI,3,6,TV Series,7.4,117,8.6,33421,30.0,"Comedy ,Game-Show",28.0,10.0,2005.0
168,QI,3,5,TV Series,7.4,113,8.6,33421,30.0,"Comedy ,Game-Show",21.0,10.0,2005.0
168,QI,5,11,TV Series,7.4,107,8.6,33421,30.0,"Comedy ,Game-Show",23.0,11.0,2007.0
168,QI,5,10,TV Series,7.3,104,8.6,33421,30.0,"Comedy ,Game-Show",16.0,11.0,2007.0
168,QI,5,9,TV Series,7.5,98,8.6,33421,30.0,"Comedy ,Game-Show",9.0,11.0,2007.0
168,QI,3,1,TV Series,7.7,123,8.6,33421,30.0,"Comedy ,Game-Show",30.0,9.0,2005.0
168,QI,2,12,TV Series,7.8,122,8.6,33421,30.0,"Comedy ,Game-Show",17.0,12.0,2004.0
168,QI,2,11,TV Series,7.4,122,8.6,33421,30.0,"Comedy ,Game-Show",10.0,12.0,2004.0
168,QI,5,5,TV Series,7.3,113,8.6,33421,30.0,"Comedy ,Game-Show",12.0,10.0,2007.0
168,QI,5,4,TV Series,7.7,113,8.6,33421,30.0,"Comedy ,Game-Show",5.0,10.0,2007.0
168,QI,5,3,TV Series,7.6,117,8.6,33421,30.0,"Comedy ,Game-Show",28.0,9.0,2007.0
168,QI,5,2,TV Series,7.9,115,8.6,33421,30.0,"Comedy ,Game-Show",21.0,9.0,2007.0
168,QI,5,1,TV Series,7.7,114,8.6,33421,30.0,"Comedy ,Game-Show",21.0,9.0,2007.0
168,QI,2,5,TV Series,8.0,136,8.6,33421,30.0,"Comedy ,Game-Show",29.0,10.0,2004.0
168,QI,2,4,TV Series,7.4,133,8.6,33421,30.0,"Comedy ,Game-Show",22.0,10.0,2004.0
168,QI,4,11,TV Series,7.4,106,8.6,33421,30.0,"Comedy ,Game-Show",1.0,12.0,2006.0
168,QI,4,10,TV Series,7.2,107,8.6,33421,30.0,"Comedy ,Game-Show",24.0,11.0,2006.0
168,QI,4,9,TV Series,7.3,105,8.6,33421,30.0,"Comedy ,Game-Show",17.0,11.0,2006.0
168,QI,7,2,TV Series,7.3,111,8.6,33421,30.0,"Comedy ,Game-Show",3.0,12.0,2009.0
168,QI,7,1,TV Series,7.7,114,8.6,33421,30.0,"Comedy ,Game-Show",26.0,11.0,2009.0
168,QI,6,12,TV Series,7.7,114,8.6,33421,30.0,"Comedy ,Game-Show",20.0,3.0,2009.0
168,QI,4,5,TV Series,7.4,113,8.6,33421,30.0,"Comedy ,Game-Show",20.0,10.0,2006.0
168,QI,4,4,TV Series,7.4,113,8.6,33421,30.0,"Comedy ,Game-Show",13.0,10.0,2006.0
168,QI,4,3,TV Series,7.3,113,8.6,33421,30.0,"Comedy ,Game-Show",6.0,10.0,2006.0
168,QI,6,8,TV Series,7.4,109,8.6,33421,30.0,"Comedy ,Game-Show",13.0,2.0,2009.0
168,QI,6,7,TV Series,8.0,114,8.6,33421,30.0,"Comedy ,Game-Show",6.0,2.0,2009.0
168,QI,6,6,TV Series,7.5,109,8.6,33421,30.0,"Comedy ,Game-Show",30.0,1.0,2009.0
168,QI,6,5,TV Series,7.4,116,8.6,33421,30.0,"Comedy ,Game-Show",23.0,1.0,2009.0
168,QI,6,4,TV Series,7.6,111,8.6,33421,30.0,"Comedy ,Game-Show",16.0,1.0,2009.0
168,QI,3,9,TV Series,7.5,113,8.6,33421,30.0,"Comedy ,Game-Show",18.0,11.0,2005.0
168,QI,3,8,TV Series,7.6,116,8.6,33421,30.0,"Comedy ,Game-Show",11.0,11.0,2005.0
168,QI,6,1,TV Series,7.2,110,8.6,33421,30.0,"Comedy ,Game-Show",14.0,11.0,2008.0
168,QI,5,13,TV Series,7.6,100,8.6,33421,30.0,"Comedy ,Game-Show",14.0,12.0,2007.0
168,QI,5,12,TV Series,7.7,119,8.6,33421,30.0,"Comedy ,Game-Show",7.0,12.0,2007.0
168,QI,7,18,TV Series,6.9,65,8.6,33421,30.0,"Comedy ,Game-Show",16.0,4.0,2010.0
168,QI,7,17,TV Series,7.1,67,8.6,33421,30.0,"Comedy ,Game-Show",5.0,4.0,2010.0
168,QI,7,16,TV Series,7.5,106,8.6,33421,30.0,"Comedy ,Game-Show",2.0,4.0,2010.0
168,QI,5,8,TV Series,7.8,117,8.6,33421,30.0,"Comedy ,Game-Show",2.0,11.0,2007.0
168,QI,5,7,TV Series,7.5,107,8.6,33421,30.0,"Comedy ,Game-Show",26.0,10.0,2007.0
168,QI,5,6,TV Series,7.6,112,8.6,33421,30.0,"Comedy ,Game-Show",19.0,10.0,2007.0
168,QI,7,12,TV Series,7.5,103,8.6,33421,30.0,"Comedy ,Game-Show",12.0,2.0,2010.0
168,QI,7,11,TV Series,7.4,103,8.6,33421,30.0,"Comedy ,Game-Show",5.0,2.0,2010.0
168,QI,7,10,TV Series,7.5,114,8.6,33421,30.0,"Comedy ,Game-Show",29.0,1.0,2010.0
168,QI,7,9,TV Series,7.6,103,8.6,33421,30.0,"Comedy ,Game-Show",22.0,1.0,2010.0
168,QI,7,8,TV Series,7.7,113,8.6,33421,30.0,"Comedy ,Game-Show",15.0,1.0,2010.0
168,QI,4,13,TV Series,7.6,106,8.6,33421,30.0,"Comedy ,Game-Show",15.0,12.0,2006.0
168,QI,4,12,TV Series,7.7,109,8.6,33421,30.0,"Comedy ,Game-Show",8.0,12.0,2006.0
168,QI,7,5,TV Series,7.8,127,8.6,33421,30.0,"Comedy ,Game-Show",24.0,12.0,2009.0
168,QI,7,4,TV Series,7.6,112,8.6,33421,30.0,"Comedy ,Game-Show",17.0,12.0,2009.0
168,QI,7,3,TV Series,7.6,107,8.6,33421,30.0,"Comedy ,Game-Show",10.0,12.0,2009.0
168,QI,8,16,TV Series,7.3,104,8.6,33421,30.0,"Comedy ,Game-Show",14.0,1.0,2011.0
168,QI,8,15,TV Series,7.1,100,8.6,33421,30.0,"Comedy ,Game-Show",7.0,1.0,2011.0
168,QI,8,14,TV Series,7.9,117,8.6,33421,30.0,"Comedy ,Game-Show",24.0,12.0,2010.0
168,QI,6,11,TV Series,7.9,123,8.6,33421,30.0,"Comedy ,Game-Show",6.0,3.0,2009.0
168,QI,6,10,TV Series,7.4,101,8.6,33421,30.0,"Comedy ,Game-Show",27.0,2.0,2009.0
168,QI,6,9,TV Series,8.1,128,8.6,33421,30.0,"Comedy ,Game-Show",20.0,2.0,2009.0
168,QI,8,10,TV Series,7.5,106,8.6,33421,30.0,"Comedy ,Game-Show",26.0,11.0,2010.0
168,QI,8,9,TV Series,7.3,99,8.6,33421,30.0,"Comedy ,Game-Show",12.0,11.0,2010.0
168,QI,8,8,TV Series,7.2,104,8.6,33421,30.0,"Comedy ,Game-Show",5.0,11.0,2010.0
168,QI,8,7,TV Series,7.0,101,8.6,33421,30.0,"Comedy ,Game-Show",29.0,10.0,2010.0
168,QI,8,6,TV Series,7.2,104,8.6,33421,30.0,"Comedy ,Game-Show",22.0,10.0,2010.0
168,QI,6,3,TV Series,7.6,115,8.6,33421,30.0,"Comedy ,Game-Show",9.0,1.0,2009.0
168,QI,6,2,TV Series,7.6,108,8.6,33421,30.0,"Comedy ,Game-Show",22.0,12.0,2008.0
168,QI,8,3,TV Series,7.3,111,8.6,33421,30.0,"Comedy ,Game-Show",1.0,10.0,2010.0
168,QI,8,2,TV Series,7.1,110,8.6,33421,30.0,"Comedy ,Game-Show",24.0,9.0,2010.0
168,QI,8,1,TV Series,7.4,117,8.6,33421,30.0,"Comedy ,Game-Show",17.0,9.0,2010.0
168,QI,9,14,TV Series,6.6,60,8.6,33421,30.0,"Comedy ,Game-Show",16.0,12.0,2011.0
168,QI,9,13,TV Series,7.7,108,8.6,33421,30.0,"Comedy ,Game-Show",2.0,12.0,2011.0
168,QI,9,12,TV Series,7.2,102,8.6,33421,30.0,"Comedy ,Game-Show",25.0,11.0,2011.0
168,QI,7,15,TV Series,7.4,100,8.6,33421,30.0,"Comedy ,Game-Show",26.0,3.0,2010.0
168,QI,7,14,TV Series,7.5,103,8.6,33421,30.0,"Comedy ,Game-Show",5.0,3.0,2010.0
168,QI,7,13,TV Series,7.5,111,8.6,33421,30.0,"Comedy ,Game-Show",19.0,2.0,2010.0
168,QI,9,8,TV Series,7.3,103,8.6,33421,30.0,"Comedy ,Game-Show",28.0,10.0,2011.0
168,QI,9,7,TV Series,7.9,126,8.6,33421,30.0,"Comedy ,Game-Show",21.0,10.0,2011.0
168,QI,9,6,TV Series,7.0,111,8.6,33421,30.0,"Comedy ,Game-Show",14.0,10.0,2011.0
168,QI,9,5,TV Series,7.4,113,8.6,33421,30.0,"Comedy ,Game-Show",7.0,10.0,2011.0
168,QI,9,4,TV Series,7.2,117,8.6,33421,30.0,"Comedy ,Game-Show",30.0,9.0,2011.0
168,QI,7,7,TV Series,7.2,112,8.6,33421,30.0,"Comedy ,Game-Show",8.0,1.0,2010.0
168,QI,7,6,TV Series,7.7,116,8.6,33421,30.0,"Comedy ,Game-Show",31.0,12.0,2009.0
168,QI,9,1,TV Series,7.4,132,8.6,33421,30.0,"Comedy ,Game-Show",9.0,9.0,2011.0
168,QI,8,18,TV Series,5.5,24,8.6,33421,30.0,"Comedy ,Game-Show",2.0,5.0,2011.0
168,QI,8,17,TV Series,5.4,24,8.6,33421,30.0,"Comedy ,Game-Show",25.0,4.0,2011.0
168,QI,10,12,TV Series,7.3,114,8.6,33421,30.0,"Comedy ,Game-Show",7.0,12.0,2012.0
168,QI,10,11,TV Series,7.2,106,8.6,33421,30.0,"Comedy ,Game-Show",30.0,11.0,2012.0
168,QI,10,10,TV Series,7.2,106,8.6,33421,30.0,"Comedy ,Game-Show",23.0,11.0,2012.0
168,QI,8,13,TV Series,6.9,95,8.6,33421,30.0,"Comedy ,Game-Show",17.0,12.0,2010.0
168,QI,8,12,TV Series,7.0,104,8.6,33421,30.0,"Comedy ,Game-Show",10.0,12.0,2010.0
168,QI,8,11,TV Series,7.1,103,8.6,33421,30.0,"Comedy ,Game-Show",3.0,12.0,2010.0
168,QI,10,6,TV Series,7.3,118,8.6,33421,30.0,"Comedy ,Game-Show",19.0,10.0,2012.0
168,QI,10,5,TV Series,7.1,114,8.6,33421,30.0,"Comedy ,Game-Show",12.0,10.0,2012.0
168,QI,10,4,TV Series,7.3,115,8.6,33421,30.0,"Comedy ,Game-Show",5.0,10.0,2012.0
168,QI,10,3,TV Series,7.0,112,8.6,33421,30.0,"Comedy ,Game-Show",28.0,9.0,2012.0
168,QI,10,2,TV Series,7.3,117,8.6,33421,30.0,"Comedy ,Game-Show",21.0,9.0,2012.0
168,QI,8,5,TV Series,7.2,108,8.6,33421,30.0,"Comedy ,Game-Show",15.0,10.0,2010.0
168,QI,8,4,TV Series,7.1,107,8.6,33421,30.0,"Comedy ,Game-Show",8.0,10.0,2010.0
168,QI,9,17,TV Series,7.3,109,8.6,33421,30.0,"Comedy ,Game-Show",27.0,4.0,2012.0
168,QI,9,16,TV Series,7.6,111,8.6,33421,30.0,"Comedy ,Game-Show",29.0,12.0,2011.0
168,QI,9,15,TV Series,6.6,60,8.6,33421,30.0,"Comedy ,Game-Show",23.0,12.0,2011.0
168,QI,11,10,TV Series,7.1,94,8.6,33421,30.0,"Comedy ,Game-Show",8.0,11.0,2013.0
168,QI,11,9,TV Series,7.2,101,8.6,33421,30.0,"Comedy ,Game-Show",1.0,11.0,2013.0
168,QI,11,8,TV Series,7.3,101,8.6,33421,30.0,"Comedy ,Game-Show",25.0,10.0,2013.0
168,QI,9,11,TV Series,7.2,98,8.6,33421,30.0,"Comedy ,Game-Show",19.0,11.0,2011.0
168,QI,9,10,TV Series,6.9,103,8.6,33421,30.0,"Comedy ,Game-Show",11.0,11.0,2011.0
168,QI,9,9,TV Series,7.2,105,8.6,33421,30.0,"Comedy ,Game-Show",4.0,11.0,2011.0
168,QI,11,4,TV Series,7.4,101,8.6,33421,30.0,"Comedy ,Game-Show",27.0,9.0,2013.0
168,QI,11,3,TV Series,7.1,103,8.6,33421,30.0,"Comedy ,Game-Show",20.0,9.0,2013.0
168,QI,11,2,TV Series,7.4,113,8.6,33421,30.0,"Comedy ,Game-Show",13.0,9.0,2013.0
168,QI,11,1,TV Series,7.2,120,8.6,33421,30.0,"Comedy ,Game-Show",6.0,9.0,2013.0
168,QI,10,18,TV Series,7.0,97,8.6,33421,30.0,"Comedy ,Game-Show",25.0,8.0,2013.0
168,QI,9,3,TV Series,7.4,116,8.6,33421,30.0,"Comedy ,Game-Show",23.0,9.0,2011.0
168,QI,9,2,TV Series,7.6,121,8.6,33421,30.0,"Comedy ,Game-Show",16.0,9.0,2011.0
168,QI,10,15,TV Series,6.4,60,8.6,33421,30.0,"Comedy ,Game-Show",28.0,12.0,2012.0
168,QI,10,14,TV Series,7.4,107,8.6,33421,30.0,"Comedy ,Game-Show",21.0,12.0,2012.0
168,QI,10,13,TV Series,7.1,111,8.6,33421,30.0,"Comedy ,Game-Show",14.0,12.0,2012.0
168,QI,12,8,TV Series,7.1,87,8.6,33421,30.0,"Comedy ,Game-Show",28.0,11.0,2014.0
168,QI,12,7,TV Series,7.3,87,8.6,33421,30.0,"Comedy ,Game-Show",21.0,11.0,2014.0
168,QI,12,6,TV Series,7.3,84,8.6,33421,30.0,"Comedy ,Game-Show",7.0,11.0,2014.0
168,QI,10,9,TV Series,7.1,108,8.6,33421,30.0,"Comedy ,Game-Show",9.0,11.0,2012.0
168,QI,10,8,TV Series,6.9,109,8.6,33421,30.0,"Comedy ,Game-Show",2.0,11.0,2012.0
168,QI,10,7,TV Series,7.0,110,8.6,33421,30.0,"Comedy ,Game-Show",26.0,10.0,2012.0
168,QI,12,2,TV Series,7.1,86,8.6,33421,30.0,"Comedy ,Game-Show",10.0,10.0,2014.0
168,QI,12,1,TV Series,7.3,93,8.6,33421,30.0,"Comedy ,Game-Show",3.0,10.0,2014.0
168,QI,11,18,TV Series,6.1,43,8.6,33421,30.0,"Comedy ,Game-Show",31.0,1.0,2014.0
168,QI,11,17,TV Series,6.2,44,8.6,33421,30.0,"Comedy ,Game-Show",24.0,1.0,2014.0
168,QI,11,16,TV Series,7.1,85,8.6,33421,30.0,"Comedy ,Game-Show",17.0,1.0,2014.0
168,QI,10,1,TV Series,8.1,139,8.6,33421,30.0,"Comedy ,Game-Show",14.0,9.0,2012.0
168,QI,9,18,TV Series,7.2,99,8.6,33421,30.0,"Comedy ,Game-Show",4.0,5.0,2012.0
168,QI,11,13,TV Series,7.2,97,8.6,33421,30.0,"Comedy ,Game-Show",13.0,12.0,2013.0
168,QI,11,12,TV Series,7.3,97,8.6,33421,30.0,"Comedy ,Game-Show",6.0,12.0,2013.0
168,QI,11,11,TV Series,6.9,92,8.6,33421,30.0,"Comedy ,Game-Show",29.0,11.0,2013.0
168,QI,13,6,TV Series,7.4,92,8.6,33421,30.0,"Comedy ,Game-Show",27.0,11.0,2015.0
168,QI,13,5,TV Series,6.8,95,8.6,33421,30.0,"Comedy ,Game-Show",20.0,11.0,2015.0
168,QI,13,4,TV Series,7.5,90,8.6,33421,30.0,"Comedy ,Game-Show",6.0,11.0,2015.0
168,QI,11,7,TV Series,7.4,105,8.6,33421,30.0,"Comedy ,Game-Show",18.0,10.0,2013.0
168,QI,11,6,TV Series,7.4,112,8.6,33421,30.0,"Comedy ,Game-Show",11.0,10.0,2013.0
168,QI,11,5,TV Series,7.5,118,8.6,33421,30.0,"Comedy ,Game-Show",4.0,10.0,2013.0
168,QI,12,18,TV Series,6.3,40,8.6,33421,30.0,"Comedy ,Game-Show",31.0,1.0,2015.0
168,QI,12,17,TV Series,6.4,42,8.6,33421,30.0,"Comedy ,Game-Show",30.0,1.0,2015.0
168,QI,12,16,TV Series,7.3,81,8.6,33421,30.0,"Comedy ,Game-Show",23.0,1.0,2015.0
168,QI,12,15,TV Series,7.3,83,8.6,33421,30.0,"Comedy ,Game-Show",16.0,1.0,2015.0
168,QI,12,14,TV Series,7.3,80,8.6,33421,30.0,"Comedy ,Game-Show",9.0,1.0,2015.0
168,QI,10,17,TV Series,7.0,107,8.6,33421,30.0,"Comedy ,Game-Show",11.0,1.0,2013.0
168,QI,10,16,TV Series,6.3,57,8.6,33421,30.0,"Comedy ,Game-Show",4.0,1.0,2013.0
168,QI,12,11,TV Series,7.2,84,8.6,33421,30.0,"Comedy ,Game-Show",19.0,12.0,2014.0
168,QI,12,10,TV Series,7.2,82,8.6,33421,30.0,"Comedy ,Game-Show",12.0,12.0,2014.0
168,QI,12,9,TV Series,7.1,86,8.6,33421,30.0,"Comedy ,Game-Show",5.0,12.0,2014.0
168,QI,14,4,TV Series,7.1,91,8.6,33421,30.0,"Comedy ,Game-Show",11.0,11.0,2016.0
168,QI,14,3,TV Series,7.3,93,8.6,33421,30.0,"Comedy ,Game-Show",4.0,11.0,2016.0
168,QI,14,2,TV Series,7.4,107,8.6,33421,30.0,"Comedy ,Game-Show",28.0,10.0,2016.0
168,QI,12,5,TV Series,7.4,85,8.6,33421,30.0,"Comedy ,Game-Show",31.0,10.0,2014.0
168,QI,12,4,TV Series,7.2,86,8.6,33421,30.0,"Comedy ,Game-Show",24.0,10.0,2014.0
168,QI,12,3,TV Series,7.3,92,8.6,33421,30.0,"Comedy ,Game-Show",17.0,10.0,2014.0
168,QI,13,16,TV Series,7.0,85,8.6,33421,30.0,"Comedy ,Game-Show",19.0,2.0,2016.0
168,QI,13,15,TV Series,7.1,81,8.6,33421,30.0,"Comedy ,Game-Show",12.0,2.0,2016.0
168,QI,13,14,TV Series,6.9,81,8.6,33421,30.0,"Comedy ,Game-Show",5.0,2.0,2016.0
168,QI,13,13,TV Series,6.9,79,8.6,33421,30.0,"Comedy ,Game-Show",29.0,1.0,2016.0
168,QI,13,12,TV Series,7.1,82,8.6,33421,30.0,"Comedy ,Game-Show",22.0,1.0,2016.0
168,QI,11,15,TV Series,7.1,89,8.6,33421,30.0,"Comedy ,Game-Show",10.0,1.0,2014.0
168,QI,11,14,TV Series,7.3,86,8.6,33421,30.0,"Comedy ,Game-Show",24.0,12.0,2013.0
168,QI,13,9,TV Series,7.5,84,8.6,33421,30.0,"Comedy ,Game-Show",29.0,12.0,2015.0
168,QI,13,8,TV Series,7.0,85,8.6,33421,30.0,"Comedy ,Game-Show",19.0,12.0,2015.0
168,QI,13,7,TV Series,7.4,92,8.6,33421,30.0,"Comedy ,Game-Show",11.0,12.0,2015.0
168,QI,15,2,TV Series,6.9,92,8.6,33421,30.0,"Comedy ,Game-Show",27.0,10.0,2017.0
168,QI,15,1,TV Series,7.5,104,8.6,33421,30.0,"Comedy ,Game-Show",20.0,10.0,2017.0
168,QI,14,18,TV Series,5.5,34,8.6,33421,30.0,"Comedy ,Game-Show",24.0,2.0,2017.0
168,QI,13,3,TV Series,7.1,86,8.6,33421,30.0,"Comedy ,Game-Show",30.0,10.0,2015.0
168,QI,13,2,TV Series,7.4,95,8.6,33421,30.0,"Comedy ,Game-Show",23.0,10.0,2015.0
168,QI,13,1,TV Series,7.6,100,8.6,33421,30.0,"Comedy ,Game-Show",16.0,10.0,2015.0
168,QI,14,14,TV Series,6.7,81,8.6,33421,30.0,"Comedy ,Game-Show",27.0,1.0,2017.0
168,QI,14,13,TV Series,6.6,83,8.6,33421,30.0,"Comedy ,Game-Show",20.0,1.0,2017.0
168,QI,14,12,TV Series,6.8,86,8.6,33421,30.0,"Comedy ,Game-Show",13.0,1.0,2017.0
168,QI,14,11,TV Series,7.0,89,8.6,33421,30.0,"Comedy ,Game-Show",6.0,1.0,2017.0
168,QI,14,10,TV Series,7.0,78,8.6,33421,30.0,"Comedy ,Game-Show",30.0,12.0,2016.0
168,QI,12,13,TV Series,7.4,87,8.6,33421,30.0,"Comedy ,Game-Show",2.0,1.0,2015.0
168,QI,12,12,TV Series,7.7,93,8.6,33421,30.0,"Comedy ,Game-Show",25.0,12.0,2014.0
168,QI,14,7,TV Series,6.9,93,8.6,33421,30.0,"Comedy ,Game-Show",9.0,12.0,2016.0
168,QI,14,6,TV Series,7.2,100,8.6,33421,30.0,"Comedy ,Game-Show",2.0,12.0,2016.0
168,QI,14,5,TV Series,7.2,94,8.6,33421,30.0,"Comedy ,Game-Show",25.0,11.0,2016.0
168,QI,15,18,TV Series,5.0,31,8.6,33421,30.0,"Comedy ,Game-Show",2.0,3.0,2018.0
168,QI,15,17,TV Series,5.3,34,8.6,33421,30.0,"Comedy ,Game-Show",23.0,2.0,2018.0
168,QI,15,16,TV Series,6.7,80,8.6,33421,30.0,"Comedy ,Game-Show",16.0,2.0,2018.0
168,QI,14,1,TV Series,7.2,123,8.6,33421,30.0,"Comedy ,Game-Show",21.0,10.0,2016.0
168,QI,13,18,TV Series,7.0,40,8.6,33421,30.0,"Comedy ,Game-Show",25.0,3.0,2016.0
168,QI,13,17,TV Series,6.6,37,8.6,33421,30.0,"Comedy ,Game-Show",4.0,3.0,2016.0
168,QI,15,12,TV Series,6.7,91,8.6,33421,30.0,"Comedy ,Game-Show",19.0,1.0,2018.0
168,QI,15,11,TV Series,6.7,86,8.6,33421,30.0,"Comedy ,Game-Show",12.0,1.0,2018.0
168,QI,15,10,TV Series,6.8,90,8.6,33421,30.0,"Comedy ,Game-Show",5.0,1.0,2018.0
168,QI,15,9,TV Series,6.7,78,8.6,33421,30.0,"Comedy ,Game-Show",26.0,12.0,2017.0
168,QI,15,8,TV Series,6.8,92,8.6,33421,30.0,"Comedy ,Game-Show",15.0,12.0,2017.0
168,QI,13,11,TV Series,7.2,82,8.6,33421,30.0,"Comedy ,Game-Show",15.0,1.0,2016.0
168,QI,13,10,TV Series,7.3,81,8.6,33421,30.0,"Comedy ,Game-Show",8.0,1.0,2016.0
168,QI,15,5,TV Series,6.8,83,8.6,33421,30.0,"Comedy ,Game-Show",24.0,11.0,2017.0
168,QI,15,4,TV Series,6.8,81,8.6,33421,30.0,"Comedy ,Game-Show",10.0,11.0,2017.0
168,QI,15,3,TV Series,7.0,94,8.6,33421,30.0,"Comedy ,Game-Show",3.0,11.0,2017.0
168,QI,16,16,TV Series,6.8,68,8.6,33421,30.0,"Comedy ,Game-Show",22.0,2.0,2019.0
168,QI,16,15,TV Series,6.6,63,8.6,33421,30.0,"Comedy ,Game-Show",15.0,2.0,2019.0
168,QI,16,14,TV Series,6.8,71,8.6,33421,30.0,"Comedy ,Game-Show",8.0,2.0,2019.0
168,QI,14,17,TV Series,5.1,36,8.6,33421,30.0,"Comedy ,Game-Show",17.0,2.0,2017.0
168,QI,14,16,TV Series,6.7,79,8.6,33421,30.0,"Comedy ,Game-Show",10.0,2.0,2017.0
168,QI,14,15,TV Series,6.7,86,8.6,33421,30.0,"Comedy ,Game-Show",3.0,2.0,2017.0
168,QI,16,10,TV Series,7.0,71,8.6,33421,30.0,"Comedy ,Game-Show",11.0,1.0,2019.0
168,QI,16,9,TV Series,6.5,76,8.6,33421,30.0,"Comedy ,Game-Show",18.0,12.0,2018.0
168,QI,16,8,TV Series,7.0,74,8.6,33421,30.0,"Comedy ,Game-Show",29.0,10.0,2018.0
168,QI,16,7,TV Series,7.0,75,8.6,33421,30.0,"Comedy ,Game-Show",22.0,10.0,2018.0
168,QI,16,6,TV Series,6.5,82,8.6,33421,30.0,"Comedy ,Game-Show",15.0,10.0,2018.0
168,QI,14,9,TV Series,7.1,84,8.6,33421,30.0,"Comedy ,Game-Show",23.0,12.0,2016.0
168,QI,14,8,TV Series,7.0,87,8.6,33421,30.0,"Comedy ,Game-Show",16.0,12.0,2016.0
168,QI,16,3,TV Series,7.1,86,8.6,33421,30.0,"Comedy ,Game-Show",24.0,9.0,2018.0
168,QI,16,2,TV Series,7.0,76,8.6,33421,30.0,"Comedy ,Game-Show",17.0,9.0,2018.0
168,QI,16,1,TV Series,7.0,84,8.6,33421,30.0,"Comedy ,Game-Show",10.0,9.0,2018.0
168,QI,17,14,TV Series,7.1,58,8.6,33421,30.0,"Comedy ,Game-Show",31.0,1.0,2020.0
168,QI,17,13,TV Series,7.0,61,8.6,33421,30.0,"Comedy ,Game-Show",24.0,1.0,2020.0
168,QI,17,12,TV Series,7.0,62,8.6,33421,30.0,"Comedy ,Game-Show",17.0,1.0,2020.0
168,QI,15,15,TV Series,6.7,78,8.6,33421,30.0,"Comedy ,Game-Show",9.0,2.0,2018.0
168,QI,15,14,TV Series,7.0,81,8.6,33421,30.0,"Comedy ,Game-Show",2.0,2.0,2018.0
168,QI,15,13,TV Series,6.7,83,8.6,33421,30.0,"Comedy ,Game-Show",26.0,1.0,2018.0
168,QI,17,8,TV Series,6.9,61,8.6,33421,30.0,"Comedy ,Game-Show",25.0,10.0,2019.0
168,QI,17,7,TV Series,7.4,70,8.6,33421,30.0,"Comedy ,Game-Show",18.0,10.0,2019.0
168,QI,17,6,TV Series,7.0,66,8.6,33421,30.0,"Comedy ,Game-Show",11.0,10.0,2019.0
168,QI,17,5,TV Series,6.7,63,8.6,33421,30.0,"Comedy ,Game-Show",4.0,10.0,2019.0
168,QI,17,4,TV Series,6.9,73,8.6,33421,30.0,"Comedy ,Game-Show",27.0,9.0,2019.0
168,QI,15,7,TV Series,6.8,84,8.6,33421,30.0,"Comedy ,Game-Show",8.0,12.0,2017.0
168,QI,15,6,TV Series,6.7,85,8.6,33421,30.0,"Comedy ,Game-Show",1.0,12.0,2017.0
168,QI,17,1,TV Series,6.9,75,8.6,33421,30.0,"Comedy ,Game-Show",6.0,9.0,2019.0
168,QI,16,18,TV Series,5.9,33,8.6,33421,30.0,"Comedy ,Game-Show",8.0,3.0,2019.0
168,QI,16,17,TV Series,5.8,32,8.6,33421,30.0,"Comedy ,Game-Show",1.0,3.0,2019.0
168,QI,18,12,TV Series,6.9,53,8.6,33421,30.0,"Comedy ,Game-Show",23.0,12.0,2020.0
168,QI,18,11,TV Series,6.6,58,8.6,33421,30.0,"Comedy ,Game-Show",6.0,8.0,2020.0
168,QI,18,10,TV Series,6.9,62,8.6,33421,30.0,"Comedy ,Game-Show",30.0,7.0,2020.0
168,QI,16,13,TV Series,6.5,67,8.6,33421,30.0,"Comedy ,Game-Show",1.0,2.0,2019.0
168,QI,16,12,TV Series,6.5,72,8.6,33421,30.0,"Comedy ,Game-Show",25.0,1.0,2019.0
168,QI,16,11,TV Series,6.9,70,8.6,33421,30.0,"Comedy ,Game-Show",18.0,1.0,2019.0
168,QI,18,6,TV Series,6.9,68,8.6,33421,30.0,"Comedy ,Game-Show",2.0,7.0,2020.0
168,QI,18,5,TV Series,7.0,69,8.6,33421,30.0,"Comedy ,Game-Show",25.0,6.0,2020.0
168,QI,18,4,TV Series,7.2,75,8.6,33421,30.0,"Comedy ,Game-Show",18.0,6.0,2020.0
168,QI,18,3,TV Series,7.1,70,8.6,33421,30.0,"Comedy ,Game-Show",11.0,6.0,2020.0
168,QI,18,2,TV Series,7.0,68,8.6,33421,30.0,"Comedy ,Game-Show",4.0,6.0,2020.0
168,QI,16,5,TV Series,7.0,78,8.6,33421,30.0,"Comedy ,Game-Show",8.0,10.0,2018.0
168,QI,16,4,TV Series,6.9,73,8.6,33421,30.0,"Comedy ,Game-Show",1.0,10.0,2018.0
168,QI,17,17,TV Series,5.8,26,8.6,33421,30.0,"Comedy ,Game-Show",21.0,2.0,2020.0
168,QI,17,16,TV Series,7.0,54,8.6,33421,30.0,"Comedy ,Game-Show",14.0,2.0,2020.0
168,QI,17,15,TV Series,7.0,62,8.6,33421,30.0,"Comedy ,Game-Show",7.0,2.0,2020.0
168,QI,19,10,TV Series,6.9,53,8.6,33421,30.0,"Comedy ,Game-Show",14.0,1.0,2022.0
168,QI,19,9,TV Series,6.5,47,8.6,33421,30.0,"Comedy ,Game-Show",7.0,1.0,2022.0
168,QI,19,8,TV Series,6.5,56,8.6,33421,30.0,"Comedy ,Game-Show",20.0,12.0,2021.0
168,QI,17,11,TV Series,6.9,64,8.6,33421,30.0,"Comedy ,Game-Show",10.0,1.0,2020.0
168,QI,17,10,TV Series,6.9,56,8.6,33421,30.0,"Comedy ,Game-Show",3.0,1.0,2020.0
168,QI,17,9,TV Series,7.0,62,8.6,33421,30.0,"Comedy ,Game-Show",24.0,12.0,2019.0
168,QI,19,4,TV Series,6.3,56,8.6,33421,30.0,"Comedy ,Game-Show",30.0,9.0,2021.0
168,QI,19,3,TV Series,6.9,59,8.6,33421,30.0,"Comedy ,Game-Show",23.0,9.0,2021.0
168,QI,19,2,TV Series,6.6,57,8.6,33421,30.0,"Comedy ,Game-Show",16.0,9.0,2021.0
168,QI,19,1,TV Series,6.9,62,8.6,33421,30.0,"Comedy ,Game-Show",9.0,9.0,2021.0
168,QI,18,18,TV Series,5.3,22,8.6,33421,30.0,"Comedy ,Game-Show",4.0,2.0,2021.0
168,QI,17,3,TV Series,6.9,66,8.6,33421,30.0,"Comedy ,Game-Show",20.0,9.0,2019.0
168,QI,17,2,TV Series,7.3,77,8.6,33421,30.0,"Comedy ,Game-Show",13.0,9.0,2019.0
168,QI,18,15,TV Series,6.7,51,8.6,33421,30.0,"Comedy ,Game-Show",21.0,1.0,2021.0
168,QI,18,14,TV Series,6.5,52,8.6,33421,30.0,"Comedy ,Game-Show",14.0,1.0,2021.0
168,QI,18,13,TV Series,6.7,54,8.6,33421,30.0,"Comedy ,Game-Show",7.0,1.0,2021.0
168,QI,20,9,TV Series,6.9,43,8.6,33421,30.0,"Comedy ,Game-Show",13.0,1.0,2023.0
168,QI,20,8,TV Series,7.1,43,8.6,33421,30.0,"Comedy ,Game-Show",6.0,1.0,2023.0
168,QI,20,7,TV Series,7.1,51,8.6,33421,30.0,"Comedy ,Game-Show",19.0,12.0,2022.0
168,QI,18,9,TV Series,7.0,65,8.6,33421,30.0,"Comedy ,Game-Show",23.0,7.0,2020.0
168,QI,18,8,TV Series,6.9,63,8.6,33421,30.0,"Comedy ,Game-Show",16.0,7.0,2020.0
168,QI,18,7,TV Series,7.7,69,8.6,33421,30.0,"Comedy ,Game-Show",9.0,7.0,2020.0
168,QI,20,3,TV Series,7.3,49,8.6,33421,30.0,"Comedy ,Game-Show",25.0,11.0,2022.0
168,QI,20,2,TV Series,7.0,53,8.6,33421,30.0,"Comedy ,Game-Show",18.0,11.0,2022.0
168,QI,20,1,TV Series,7.4,56,8.6,33421,30.0,"Comedy ,Game-Show",11.0,11.0,2022.0
168,QI,20,0,TV Series,4.6,14,8.6,33421,30.0,"Comedy ,Game-Show",18.0,3.0,2022.0
168,QI,19,16,TV Series,5.3,23,8.6,33421,30.0,"Comedy ,Game-Show",22.0,2.0,2022.0
168,QI,18,1,TV Series,7.5,79,8.6,33421,30.0,"Comedy ,Game-Show",28.0,5.0,2020.0
168,QI,17,18,TV Series,5.6,27,8.6,33421,30.0,"Comedy ,Game-Show",28.0,2.0,2020.0
168,QI,19,13,TV Series,6.6,48,8.6,33421,30.0,"Comedy ,Game-Show",4.0,2.0,2022.0
168,QI,19,12,TV Series,6.8,49,8.6,33421,30.0,"Comedy ,Game-Show",28.0,1.0,2022.0
168,QI,19,11,TV Series,6.8,52,8.6,33421,30.0,"Comedy ,Game-Show",21.0,1.0,2022.0
168,QI,21,9,TV Series,7.7,0,8.6,33421,30.0,"Comedy ,Game-Show",27.0,2.0,2024.0
168,QI,21,8,TV Series,8.0,7,8.6,33421,30.0,"Comedy ,Game-Show",20.0,2.0,2024.0
168,QI,21,7,TV Series,6.3,12,8.6,33421,30.0,"Comedy ,Game-Show",13.0,2.0,2024.0
168,QI,19,7,TV Series,6.8,54,8.6,33421,30.0,"Comedy ,Game-Show",21.0,10.0,2021.0
168,QI,19,6,TV Series,6.6,48,8.6,33421,30.0,"Comedy ,Game-Show",14.0,10.0,2021.0
168,QI,19,5,TV Series,6.8,54,8.6,33421,30.0,"Comedy ,Game-Show",7.0,10.0,2021.0
168,QI,21,3,TV Series,6.7,16,8.6,33421,30.0,"Comedy ,Game-Show",12.0,1.0,2024.0
168,QI,21,2,TV Series,6.1,18,8.6,33421,30.0,"Comedy ,Game-Show",5.0,1.0,2024.0
168,QI,21,1,TV Series,7.1,20,8.6,33421,30.0,"Comedy ,Game-Show",18.0,12.0,2023.0
168,QI,20,16,TV Series,4.8,13,8.6,33421,30.0,"Comedy ,Game-Show",3.0,3.0,2023.0
168,QI,20,15,TV Series,5.5,15,8.6,33421,30.0,"Comedy ,Game-Show",24.0,2.0,2023.0
168,QI,18,17,TV Series,5.6,31,8.6,33421,30.0,"Comedy ,Game-Show",13.0,8.0,2020.0
168,QI,18,16,TV Series,6.6,50,8.6,33421,30.0,"Comedy ,Game-Show",28.0,1.0,2021.0
168,QI,20,12,TV Series,6.7,37,8.6,33421,30.0,"Comedy ,Game-Show",3.0,2.0,2023.0
168,QI,20,11,TV Series,6.5,38,8.6,33421,30.0,"Comedy ,Game-Show",27.0,1.0,2023.0
168,QI,20,10,TV Series,6.7,41,8.6,33421,30.0,"Comedy ,Game-Show",20.0,1.0,2023.0
168,QI,20,6,TV Series,6.7,49,8.6,33421,30.0,"Comedy ,Game-Show",16.0,12.0,2022.0
168,QI,20,5,TV Series,7.1,50,8.6,33421,30.0,"Comedy ,Game-Show",9.0,12.0,2022.0
168,QI,20,4,TV Series,7.0,45,8.6,33421,30.0,"Comedy ,Game-Show",2.0,12.0,2022.0
168,QI,19,15,TV Series,5.3,22,8.6,33421,30.0,"Comedy ,Game-Show",15.0,2.0,2022.0
168,QI,19,14,TV Series,6.7,46,8.6,33421,30.0,"Comedy ,Game-Show",11.0,2.0,2022.0
168,QI,21,6,TV Series,6.4,12,8.6,33421,30.0,"Comedy ,Game-Show",6.0,2.0,2024.0
168,QI,21,5,TV Series,5.1,23,8.6,33421,30.0,"Comedy ,Game-Show",26.0,1.0,2024.0
168,QI,21,4,TV Series,6.4,20,8.6,33421,30.0,"Comedy ,Game-Show",19.0,1.0,2024.0
168,QI,20,14,TV Series,5.0,37,8.6,33421,30.0,"Comedy ,Game-Show",17.0,2.0,2023.0
168,QI,20,13,TV Series,5.9,36,8.6,33421,30.0,"Comedy ,Game-Show",10.0,2.0,2023.0
169,Mr Inbetween,3,1,TV Series,8.6,653,8.6,28624,30.0,"Crime ,Drama",25.0,5.0,2021.0
169,Mr Inbetween,2,7,TV Series,7.7,611,8.6,28624,30.0,"Crime ,Drama",24.0,10.0,2019.0
169,Mr Inbetween,2,6,TV Series,7.9,604,8.6,28624,30.0,"Crime ,Drama",17.0,10.0,2019.0
169,Mr Inbetween,2,5,TV Series,8.3,654,8.6,28624,30.0,"Crime ,Drama",10.0,10.0,2019.0
169,Mr Inbetween,1,4,TV Series,8.3,751,8.6,28624,30.0,"Crime ,Drama",2.0,10.0,2018.0
169,Mr Inbetween,2,11,TV Series,9.0,905,8.6,28624,30.0,"Crime ,Drama",21.0,11.0,2019.0
169,Mr Inbetween,1,5,TV Series,8.2,714,8.6,28624,30.0,"Crime ,Drama",9.0,10.0,2018.0
169,Mr Inbetween,1,6,TV Series,8.9,872,8.6,28624,30.0,"Crime ,Drama",9.0,10.0,2018.0
169,Mr Inbetween,2,10,TV Series,8.5,626,8.6,28624,30.0,"Crime ,Drama",14.0,11.0,2019.0
169,Mr Inbetween,3,4,TV Series,7.9,535,8.6,28624,30.0,"Crime ,Drama",8.0,6.0,2021.0
169,Mr Inbetween,3,3,TV Series,7.7,541,8.6,28624,30.0,"Crime ,Drama",1.0,6.0,2021.0
169,Mr Inbetween,2,9,TV Series,9.5,1138,8.6,28624,30.0,"Crime ,Drama",7.0,11.0,2019.0
169,Mr Inbetween,1,3,TV Series,8.1,763,8.6,28624,30.0,"Crime ,Drama",2.0,10.0,2018.0
169,Mr Inbetween,1,2,TV Series,7.8,763,8.6,28624,30.0,"Crime ,Drama",25.0,9.0,2018.0
169,Mr Inbetween,1,1,TV Series,7.6,925,8.6,28624,30.0,"Crime ,Drama",25.0,9.0,2018.0
169,Mr Inbetween,2,8,TV Series,8.6,701,8.6,28624,30.0,"Crime ,Drama",31.0,10.0,2019.0
169,Mr Inbetween,2,4,TV Series,8.8,805,8.6,28624,30.0,"Crime ,Drama",3.0,10.0,2019.0
169,Mr Inbetween,2,3,TV Series,8.2,652,8.6,28624,30.0,"Crime ,Drama",26.0,9.0,2019.0
169,Mr Inbetween,3,9,TV Series,9.3,1091,8.6,28624,30.0,"Crime ,Drama",13.0,7.0,2021.0
169,Mr Inbetween,3,8,TV Series,8.8,636,8.6,28624,30.0,"Crime ,Drama",6.0,7.0,2021.0
169,Mr Inbetween,3,7,TV Series,7.4,554,8.6,28624,30.0,"Crime ,Drama",29.0,6.0,2021.0
169,Mr Inbetween,3,6,TV Series,8.2,538,8.6,28624,30.0,"Crime ,Drama",22.0,6.0,2021.0
169,Mr Inbetween,3,5,TV Series,8.6,598,8.6,28624,30.0,"Crime ,Drama",15.0,6.0,2021.0
169,Mr Inbetween,2,2,TV Series,8.3,679,8.6,28624,30.0,"Crime ,Drama",19.0,9.0,2019.0
169,Mr Inbetween,2,1,TV Series,8.1,681,8.6,28624,30.0,"Crime ,Drama",12.0,9.0,2019.0
169,Mr Inbetween,3,2,TV Series,8.1,566,8.6,28624,30.0,"Crime ,Drama",25.0,5.0,2021.0
170,Boardwalk Empire,5,3,TV Series,7.8,1706,8.6,201746,55.0,"Crime ,Drama",21.0,9.0,2014.0
170,Boardwalk Empire,5,2,TV Series,8.1,1755,8.6,201746,55.0,"Crime ,Drama",14.0,9.0,2014.0
170,Boardwalk Empire,4,10,TV Series,8.8,1912,8.6,201746,55.0,"Crime ,Drama",10.0,11.0,2013.0
170,Boardwalk Empire,2,10,TV Series,8.6,2046,8.6,201746,55.0,"Crime ,Drama",27.0,11.0,2011.0
170,Boardwalk Empire,2,9,TV Series,8.4,1921,8.6,201746,55.0,"Crime ,Drama",20.0,11.0,2011.0
170,Boardwalk Empire,2,8,TV Series,8.6,1995,8.6,201746,55.0,"Crime ,Drama",13.0,11.0,2011.0
170,Boardwalk Empire,2,4,TV Series,8.1,2009,8.6,201746,55.0,"Crime ,Drama",16.0,10.0,2011.0
170,Boardwalk Empire,2,3,TV Series,8.2,2055,8.6,201746,55.0,"Crime ,Drama",9.0,10.0,2011.0
170,Boardwalk Empire,1,12,TV Series,8.7,2380,8.6,201746,55.0,"Crime ,Drama",5.0,12.0,2010.0
170,Boardwalk Empire,1,9,TV Series,8.5,2266,8.6,201746,55.0,"Crime ,Drama",14.0,11.0,2010.0
170,Boardwalk Empire,1,8,TV Series,8.1,2231,8.6,201746,55.0,"Crime ,Drama",7.0,11.0,2010.0
170,Boardwalk Empire,1,7,TV Series,8.5,2426,8.6,201746,55.0,"Crime ,Drama",31.0,10.0,2010.0
170,Boardwalk Empire,4,2,TV Series,8.1,1825,8.6,201746,55.0,"Crime ,Drama",15.0,9.0,2013.0
170,Boardwalk Empire,4,1,TV Series,8.1,2046,8.6,201746,55.0,"Crime ,Drama",8.0,9.0,2013.0
170,Boardwalk Empire,3,12,TV Series,9.4,2953,8.6,201746,55.0,"Crime ,Drama",2.0,12.0,2012.0
170,Boardwalk Empire,2,1,TV Series,8.2,2278,8.6,201746,55.0,"Crime ,Drama",25.0,9.0,2011.0
170,Boardwalk Empire,1,2,TV Series,7.8,2885,8.6,201746,55.0,"Crime ,Drama",26.0,9.0,2010.0
170,Boardwalk Empire,1,1,TV Series,8.6,4826,8.6,201746,55.0,"Crime ,Drama",19.0,9.0,2010.0
170,Boardwalk Empire,3,8,TV Series,8.6,1966,8.6,201746,55.0,"Crime ,Drama",4.0,11.0,2012.0
170,Boardwalk Empire,3,7,TV Series,8.0,1832,8.6,201746,55.0,"Crime ,Drama",28.0,10.0,2012.0
170,Boardwalk Empire,3,6,TV Series,7.5,1805,8.6,201746,55.0,"Crime ,Drama",21.0,10.0,2012.0
170,Boardwalk Empire,3,5,TV Series,8.2,1875,8.6,201746,55.0,"Crime ,Drama",14.0,10.0,2012.0
170,Boardwalk Empire,3,4,TV Series,8.6,1976,8.6,201746,55.0,"Crime ,Drama",7.0,10.0,2012.0
170,Boardwalk Empire,3,1,TV Series,8.4,2206,8.6,201746,55.0,"Crime ,Drama",16.0,9.0,2012.0
170,Boardwalk Empire,2,12,TV Series,9.2,3115,8.6,201746,55.0,"Crime ,Drama",11.0,12.0,2011.0
170,Boardwalk Empire,1,3,TV Series,8.0,2713,8.6,201746,55.0,"Crime ,Drama",3.0,10.0,2010.0
170,Boardwalk Empire,2,11,TV Series,8.9,2364,8.6,201746,55.0,"Crime ,Drama",4.0,12.0,2011.0
170,Boardwalk Empire,5,6,TV Series,8.9,2198,8.6,201746,55.0,"Crime ,Drama",12.0,10.0,2014.0
170,Boardwalk Empire,2,7,TV Series,8.2,1986,8.6,201746,55.0,"Crime ,Drama",6.0,11.0,2011.0
170,Boardwalk Empire,2,6,TV Series,8.0,1941,8.6,201746,55.0,"Crime ,Drama",30.0,10.0,2011.0
170,Boardwalk Empire,1,6,TV Series,8.2,2409,8.6,201746,55.0,"Crime ,Drama",24.0,10.0,2010.0
170,Boardwalk Empire,1,5,TV Series,8.3,2529,8.6,201746,55.0,"Crime ,Drama",17.0,10.0,2010.0
170,Boardwalk Empire,1,4,TV Series,8.1,2581,8.6,201746,55.0,"Crime ,Drama",10.0,10.0,2010.0
170,Boardwalk Empire,2,5,TV Series,8.7,2170,8.6,201746,55.0,"Crime ,Drama",23.0,10.0,2011.0
170,Boardwalk Empire,4,12,TV Series,9.3,2951,8.6,201746,55.0,"Crime ,Drama",24.0,11.0,2013.0
170,Boardwalk Empire,4,11,TV Series,8.3,1740,8.6,201746,55.0,"Crime ,Drama",17.0,11.0,2013.0
170,Boardwalk Empire,3,2,TV Series,7.9,1905,8.6,201746,55.0,"Crime ,Drama",23.0,9.0,2012.0
170,Boardwalk Empire,4,9,TV Series,8.5,1765,8.6,201746,55.0,"Crime ,Drama",3.0,11.0,2013.0
170,Boardwalk Empire,4,8,TV Series,8.6,1806,8.6,201746,55.0,"Crime ,Drama",27.0,10.0,2013.0
170,Boardwalk Empire,1,11,TV Series,8.2,2167,8.6,201746,55.0,"Crime ,Drama",28.0,11.0,2010.0
170,Boardwalk Empire,3,3,TV Series,8.1,1894,8.6,201746,55.0,"Crime ,Drama",30.0,9.0,2012.0
170,Boardwalk Empire,1,10,TV Series,8.5,2235,8.6,201746,55.0,"Crime ,Drama",21.0,11.0,2010.0
170,Boardwalk Empire,5,1,TV Series,8.2,2029,8.6,201746,55.0,"Crime ,Drama",7.0,9.0,2014.0
170,Boardwalk Empire,4,3,TV Series,7.8,1756,8.6,201746,55.0,"Crime ,Drama",22.0,9.0,2013.0
170,Boardwalk Empire,4,4,TV Series,8.4,1795,8.6,201746,55.0,"Crime ,Drama",29.0,9.0,2013.0
170,Boardwalk Empire,4,5,TV Series,8.8,2060,8.6,201746,55.0,"Crime ,Drama",6.0,10.0,2013.0
170,Boardwalk Empire,4,6,TV Series,7.7,1712,8.6,201746,55.0,"Crime ,Drama",13.0,10.0,2013.0
170,Boardwalk Empire,4,7,TV Series,7.8,1686,8.6,201746,55.0,"Crime ,Drama",20.0,10.0,2013.0
170,Boardwalk Empire,5,7,TV Series,9.1,2254,8.6,201746,55.0,"Crime ,Drama",19.0,10.0,2014.0
170,Boardwalk Empire,5,8,TV Series,9.2,3292,8.6,201746,55.0,"Crime ,Drama",21.0,10.0,2014.0
170,Boardwalk Empire,3,9,TV Series,8.5,1865,8.6,201746,55.0,"Crime ,Drama",11.0,11.0,2012.0
170,Boardwalk Empire,3,10,TV Series,9.0,2227,8.6,201746,55.0,"Crime ,Drama",18.0,11.0,2012.0
170,Boardwalk Empire,3,11,TV Series,9.5,3102,8.6,201746,55.0,"Crime ,Drama",25.0,11.0,2012.0
170,Boardwalk Empire,5,5,TV Series,8.3,1728,8.6,201746,55.0,"Crime ,Drama",5.0,10.0,2014.0
170,Boardwalk Empire,5,4,TV Series,8.5,1797,8.6,201746,55.0,"Crime ,Drama",28.0,9.0,2014.0
170,Boardwalk Empire,2,2,TV Series,8.4,2118,8.6,201746,55.0,"Crime ,Drama",2.0,10.0,2011.0
171,Justified,1,8,TV Series,8.3,1949,8.6,117321,3400.0,"Action ,Crime ,Drama",4.0,5.0,2010.0
171,Justified,1,7,TV Series,8.0,1927,8.6,117321,3400.0,"Action ,Crime ,Drama",27.0,4.0,2010.0
171,Justified,1,13,TV Series,9.1,2293,8.6,117321,3400.0,"Action ,Crime ,Drama",8.0,6.0,2010.0
171,Justified,2,1,TV Series,8.4,1875,8.6,117321,3400.0,"Action ,Crime ,Drama",9.0,2.0,2011.0
171,Justified,4,13,TV Series,9.0,1607,8.6,117321,3400.0,"Action ,Crime ,Drama",2.0,4.0,2013.0
171,Justified,5,1,TV Series,8.3,1562,8.6,117321,3400.0,"Action ,Crime ,Drama",7.0,1.0,2014.0
171,Justified,5,2,TV Series,8.1,1320,8.6,117321,3400.0,"Action ,Crime ,Drama",14.0,1.0,2014.0
171,Justified,5,3,TV Series,7.8,1229,8.6,117321,3400.0,"Action ,Crime ,Drama",21.0,1.0,2014.0
171,Justified,5,4,TV Series,7.9,1230,8.6,117321,3400.0,"Action ,Crime ,Drama",28.0,1.0,2014.0
171,Justified,2,12,TV Series,8.9,1673,8.6,117321,3400.0,"Action ,Crime ,Drama",27.0,4.0,2011.0
171,Justified,2,13,TV Series,9.2,2084,8.6,117321,3400.0,"Action ,Crime ,Drama",4.0,5.0,2011.0
171,Justified,3,1,TV Series,8.7,1854,8.6,117321,3400.0,"Action ,Crime ,Drama",17.0,1.0,2012.0
171,Justified,3,2,TV Series,8.0,1521,8.6,117321,3400.0,"Action ,Crime ,Drama",24.0,1.0,2012.0
171,Justified,3,3,TV Series,8.5,1532,8.6,117321,3400.0,"Action ,Crime ,Drama",31.0,1.0,2012.0
171,Justified,5,12,TV Series,8.7,1279,8.6,117321,3400.0,"Action ,Crime ,Drama",1.0,4.0,2014.0
171,Justified,5,13,TV Series,8.8,1347,8.6,117321,3400.0,"Action ,Crime ,Drama",8.0,4.0,2014.0
171,Justified,6,1,TV Series,8.7,1497,8.6,117321,3400.0,"Action ,Crime ,Drama",20.0,1.0,2015.0
171,Justified,6,2,TV Series,8.4,1349,8.6,117321,3400.0,"Action ,Crime ,Drama",27.0,1.0,2015.0
171,Justified,3,4,TV Series,8.3,1502,8.6,117321,3400.0,"Action ,Crime ,Drama",7.0,2.0,2012.0
171,Justified,1,1,TV Series,8.3,3234,8.6,117321,3400.0,"Action ,Crime ,Drama",16.0,3.0,2010.0
171,Justified,1,2,TV Series,7.6,2423,8.6,117321,3400.0,"Action ,Crime ,Drama",23.0,3.0,2010.0
171,Justified,1,3,TV Series,7.5,2240,8.6,117321,3400.0,"Action ,Crime ,Drama",30.0,3.0,2010.0
171,Justified,6,3,TV Series,8.3,1276,8.6,117321,3400.0,"Action ,Crime ,Drama",3.0,2.0,2015.0
171,Justified,6,4,TV Series,8.5,1308,8.6,117321,3400.0,"Action ,Crime ,Drama",10.0,2.0,2015.0
171,Justified,6,5,TV Series,8.2,1247,8.6,117321,3400.0,"Action ,Crime ,Drama",17.0,2.0,2015.0
171,Justified,6,6,TV Series,8.5,1285,8.6,117321,3400.0,"Action ,Crime ,Drama",24.0,2.0,2015.0
171,Justified,6,7,TV Series,8.4,1256,8.6,117321,3400.0,"Action ,Crime ,Drama",3.0,3.0,2015.0
171,Justified,4,2,TV Series,8.1,1406,8.6,117321,3400.0,"Action ,Crime ,Drama",15.0,1.0,2013.0
171,Justified,4,3,TV Series,8.2,1403,8.6,117321,3400.0,"Action ,Crime ,Drama",22.0,1.0,2013.0
171,Justified,4,4,TV Series,7.8,1353,8.6,117321,3400.0,"Action ,Crime ,Drama",29.0,1.0,2013.0
171,Justified,4,5,TV Series,8.3,1364,8.6,117321,3400.0,"Action ,Crime ,Drama",5.0,2.0,2013.0
171,Justified,4,6,TV Series,7.8,1348,8.6,117321,3400.0,"Action ,Crime ,Drama",12.0,2.0,2013.0
171,Justified,4,7,TV Series,8.0,1381,8.6,117321,3400.0,"Action ,Crime ,Drama",19.0,2.0,2013.0
171,Justified,2,2,TV Series,7.8,1673,8.6,117321,3400.0,"Action ,Crime ,Drama",16.0,2.0,2011.0
171,Justified,2,3,TV Series,8.2,1675,8.6,117321,3400.0,"Action ,Crime ,Drama",23.0,2.0,2011.0
171,Justified,2,4,TV Series,7.7,1639,8.6,117321,3400.0,"Action ,Crime ,Drama",2.0,3.0,2011.0
171,Justified,2,5,TV Series,8.5,1678,8.6,117321,3400.0,"Action ,Crime ,Drama",9.0,3.0,2011.0
171,Justified,2,6,TV Series,8.0,1618,8.6,117321,3400.0,"Action ,Crime ,Drama",16.0,3.0,2011.0
171,Justified,5,5,TV Series,8.8,1394,8.6,117321,3400.0,"Action ,Crime ,Drama",4.0,2.0,2014.0
171,Justified,5,6,TV Series,8.3,1230,8.6,117321,3400.0,"Action ,Crime ,Drama",11.0,2.0,2014.0
171,Justified,5,7,TV Series,8.1,1206,8.6,117321,3400.0,"Action ,Crime ,Drama",25.0,2.0,2014.0
171,Justified,5,8,TV Series,7.7,1211,8.6,117321,3400.0,"Action ,Crime ,Drama",4.0,3.0,2014.0
171,Justified,5,9,TV Series,8.4,1237,8.6,117321,3400.0,"Action ,Crime ,Drama",11.0,3.0,2014.0
171,Justified,5,10,TV Series,8.3,1215,8.6,117321,3400.0,"Action ,Crime ,Drama",18.0,3.0,2014.0
171,Justified,3,5,TV Series,8.6,1560,8.6,117321,3400.0,"Action ,Crime ,Drama",14.0,2.0,2012.0
171,Justified,4,9,TV Series,8.6,1355,8.6,117321,3400.0,"Action ,Crime ,Drama",5.0,3.0,2013.0
171,Justified,4,10,TV Series,8.5,1346,8.6,117321,3400.0,"Action ,Crime ,Drama",12.0,3.0,2013.0
171,Justified,4,11,TV Series,9.2,1740,8.6,117321,3400.0,"Action ,Crime ,Drama",19.0,3.0,2013.0
171,Justified,4,12,TV Series,8.5,1344,8.6,117321,3400.0,"Action ,Crime ,Drama",26.0,3.0,2013.0
171,Justified,5,11,TV Series,8.7,1276,8.6,117321,3400.0,"Action ,Crime ,Drama",25.0,3.0,2014.0
171,Justified,3,6,TV Series,7.9,1411,8.6,117321,3400.0,"Action ,Crime ,Drama",21.0,2.0,2012.0
171,Justified,3,7,TV Series,7.8,1392,8.6,117321,3400.0,"Action ,Crime ,Drama",28.0,2.0,2012.0
171,Justified,3,8,TV Series,8.6,1468,8.6,117321,3400.0,"Action ,Crime ,Drama",6.0,3.0,2012.0
171,Justified,3,9,TV Series,8.4,1398,8.6,117321,3400.0,"Action ,Crime ,Drama",13.0,3.0,2012.0
171,Justified,6,8,TV Series,8.6,1284,8.6,117321,3400.0,"Action ,Crime ,Drama",10.0,3.0,2015.0
171,Justified,6,9,TV Series,8.8,1367,8.6,117321,3400.0,"Action ,Crime ,Drama",17.0,3.0,2015.0
171,Justified,6,10,TV Series,9.0,1429,8.6,117321,3400.0,"Action ,Crime ,Drama",24.0,3.0,2015.0
171,Justified,6,11,TV Series,9.3,1597,8.6,117321,3400.0,"Action ,Crime ,Drama",31.0,3.0,2015.0
171,Justified,6,12,TV Series,9.2,1473,8.6,117321,3400.0,"Action ,Crime ,Drama",7.0,4.0,2015.0
171,Justified,6,13,TV Series,9.6,2946,8.6,117321,3400.0,"Action ,Crime ,Drama",14.0,4.0,2015.0
171,Justified,4,8,TV Series,8.8,1474,8.6,117321,3400.0,"Action ,Crime ,Drama",26.0,2.0,2013.0
171,Justified,1,6,TV Series,7.8,2003,8.6,117321,3400.0,"Action ,Crime ,Drama",20.0,4.0,2010.0
171,Justified,1,5,TV Series,7.7,2044,8.6,117321,3400.0,"Action ,Crime ,Drama",13.0,4.0,2010.0
171,Justified,2,7,TV Series,8.3,1675,8.6,117321,3400.0,"Action ,Crime ,Drama",23.0,3.0,2011.0
171,Justified,2,8,TV Series,8.4,1611,8.6,117321,3400.0,"Action ,Crime ,Drama",30.0,3.0,2011.0
171,Justified,2,9,TV Series,8.9,1834,8.6,117321,3400.0,"Action ,Crime ,Drama",6.0,4.0,2011.0
171,Justified,2,10,TV Series,8.1,1530,8.6,117321,3400.0,"Action ,Crime ,Drama",13.0,4.0,2011.0
171,Justified,2,11,TV Series,8.5,1560,8.6,117321,3400.0,"Action ,Crime ,Drama",20.0,4.0,2011.0
171,Justified,3,10,TV Series,8.4,1437,8.6,117321,3400.0,"Action ,Crime ,Drama",20.0,3.0,2012.0
171,Justified,3,11,TV Series,8.2,1381,8.6,117321,3400.0,"Action ,Crime ,Drama",27.0,3.0,2012.0
171,Justified,3,12,TV Series,8.7,1439,8.6,117321,3400.0,"Action ,Crime ,Drama",3.0,4.0,2012.0
171,Justified,3,13,TV Series,9.1,1730,8.6,117321,3400.0,"Action ,Crime ,Drama",10.0,4.0,2012.0
171,Justified,4,1,TV Series,8.3,1599,8.6,117321,3400.0,"Action ,Crime ,Drama",8.0,1.0,2013.0
171,Justified,1,9,TV Series,8.4,1931,8.6,117321,3400.0,"Action ,Crime ,Drama",11.0,5.0,2010.0
171,Justified,1,10,TV Series,7.8,1803,8.6,117321,3400.0,"Action ,Crime ,Drama",18.0,5.0,2010.0
171,Justified,1,11,TV Series,7.9,1760,8.6,117321,3400.0,"Action ,Crime ,Drama",25.0,5.0,2010.0
171,Justified,1,12,TV Series,8.4,1802,8.6,117321,3400.0,"Action ,Crime ,Drama",1.0,6.0,2010.0
171,Justified,1,4,TV Series,7.9,2213,8.6,117321,3400.0,"Action ,Crime ,Drama",6.0,4.0,2010.0
172,The Bugs Bunny Show,7,9,TV Series,7.4,0,8.6,35512,30.0,"Animation ,Comedy",35.0,15.0,1960.0
172,The Bugs Bunny Show,7,8,TV Series,7.4,0,8.6,35512,30.0,"Animation ,Comedy",35.0,15.0,1960.0
172,The Bugs Bunny Show,7,7,TV Series,7.4,0,8.6,35512,30.0,"Animation ,Comedy",35.0,15.0,1960.0
172,The Bugs Bunny Show,7,6,TV Series,7.4,0,8.6,35512,30.0,"Animation ,Comedy",35.0,15.0,1960.0
172,The Bugs Bunny Show,7,5,TV Series,7.4,0,8.6,35512,30.0,"Animation ,Comedy",35.0,15.0,1960.0
172,The Bugs Bunny Show,7,23,TV Series,7.4,0,8.6,35512,30.0,"Animation ,Comedy",35.0,15.0,1960.0
172,The Bugs Bunny Show,7,22,TV Series,7.4,0,8.6,35512,30.0,"Animation ,Comedy",35.0,15.0,1960.0
172,The Bugs Bunny Show,7,25,TV Series,7.4,0,8.6,35512,30.0,"Animation ,Comedy",35.0,15.0,1960.0
172,The Bugs Bunny Show,1,26,TV Series,8.2,48,8.6,35512,30.0,"Animation ,Comedy",4.0,4.0,1961.0
172,The Bugs Bunny Show,7,24,TV Series,7.4,0,8.6,35512,30.0,"Animation ,Comedy",35.0,15.0,1960.0
172,The Bugs Bunny Show,1,15,TV Series,7.7,47,8.6,35512,30.0,"Animation ,Comedy",17.0,1.0,1961.0
172,The Bugs Bunny Show,1,16,TV Series,8.2,80,8.6,35512,30.0,"Animation ,Comedy",24.0,1.0,1961.0
172,The Bugs Bunny Show,1,22,TV Series,8.0,46,8.6,35512,30.0,"Animation ,Comedy",7.0,3.0,1961.0
172,The Bugs Bunny Show,1,23,TV Series,8.1,49,8.6,35512,30.0,"Animation ,Comedy",14.0,3.0,1961.0
172,The Bugs Bunny Show,1,24,TV Series,8.3,77,8.6,35512,30.0,"Animation ,Comedy",21.0,3.0,1961.0
172,The Bugs Bunny Show,1,25,TV Series,7.5,44,8.6,35512,30.0,"Animation ,Comedy",28.0,3.0,1961.0
172,The Bugs Bunny Show,1,12,TV Series,7.7,46,8.6,35512,30.0,"Animation ,Comedy",27.0,12.0,1960.0
172,The Bugs Bunny Show,1,11,TV Series,7.8,47,8.6,35512,30.0,"Animation ,Comedy",20.0,12.0,1960.0
172,The Bugs Bunny Show,2,16,TV Series,8.2,68,8.6,35512,30.0,"Animation ,Comedy",20.0,2.0,1962.0
172,The Bugs Bunny Show,2,15,TV Series,7.6,39,8.6,35512,30.0,"Animation ,Comedy",13.0,2.0,1962.0
172,The Bugs Bunny Show,2,14,TV Series,7.5,42,8.6,35512,30.0,"Animation ,Comedy",23.0,1.0,1962.0
172,The Bugs Bunny Show,2,13,TV Series,8.0,73,8.6,35512,30.0,"Animation ,Comedy",16.0,1.0,1962.0
172,The Bugs Bunny Show,1,14,TV Series,7.8,45,8.6,35512,30.0,"Animation ,Comedy",10.0,1.0,1961.0
172,The Bugs Bunny Show,1,13,TV Series,7.7,47,8.6,35512,30.0,"Animation ,Comedy",3.0,1.0,1961.0
172,The Bugs Bunny Show,2,12,TV Series,7.3,39,8.6,35512,30.0,"Animation ,Comedy",26.0,12.0,1961.0
172,The Bugs Bunny Show,1,10,TV Series,7.9,47,8.6,35512,30.0,"Animation ,Comedy",13.0,12.0,1960.0
172,The Bugs Bunny Show,2,6,TV Series,7.0,39,8.6,35512,30.0,"Animation ,Comedy",14.0,11.0,1961.0
172,The Bugs Bunny Show,1,1,TV Series,8.0,95,8.6,35512,30.0,"Animation ,Comedy",11.0,10.0,1960.0
172,The Bugs Bunny Show,1,6,TV Series,7.8,49,8.6,35512,30.0,"Animation ,Comedy",15.0,11.0,1960.0
172,The Bugs Bunny Show,1,7,TV Series,8.0,52,8.6,35512,30.0,"Animation ,Comedy",22.0,11.0,1960.0
172,The Bugs Bunny Show,1,8,TV Series,7.8,50,8.6,35512,30.0,"Animation ,Comedy",29.0,11.0,1960.0
172,The Bugs Bunny Show,1,9,TV Series,7.8,47,8.6,35512,30.0,"Animation ,Comedy",6.0,12.0,1960.0
172,The Bugs Bunny Show,1,17,TV Series,7.8,49,8.6,35512,30.0,"Animation ,Comedy",31.0,1.0,1961.0
172,The Bugs Bunny Show,2,22,TV Series,7.3,41,8.6,35512,30.0,"Animation ,Comedy",10.0,7.0,1962.0
172,The Bugs Bunny Show,2,21,TV Series,8.1,73,8.6,35512,30.0,"Animation ,Comedy",3.0,7.0,1962.0
172,The Bugs Bunny Show,2,20,TV Series,8.2,79,8.6,35512,30.0,"Animation ,Comedy",26.0,6.0,1962.0
172,The Bugs Bunny Show,2,19,TV Series,8.2,69,8.6,35512,30.0,"Animation ,Comedy",19.0,6.0,1962.0
172,The Bugs Bunny Show,2,18,TV Series,7.4,38,8.6,35512,30.0,"Animation ,Comedy",20.0,3.0,1962.0
172,The Bugs Bunny Show,2,5,TV Series,7.1,41,8.6,35512,30.0,"Animation ,Comedy",7.0,11.0,1961.0
172,The Bugs Bunny Show,2,4,TV Series,7.3,39,8.6,35512,30.0,"Animation ,Comedy",31.0,10.0,1961.0
172,The Bugs Bunny Show,2,3,TV Series,7.3,39,8.6,35512,30.0,"Animation ,Comedy",24.0,10.0,1961.0
172,The Bugs Bunny Show,2,2,TV Series,7.1,43,8.6,35512,30.0,"Animation ,Comedy",17.0,10.0,1961.0
172,The Bugs Bunny Show,2,1,TV Series,7.9,70,8.6,35512,30.0,"Animation ,Comedy",10.0,10.0,1961.0
172,The Bugs Bunny Show,3,6,TV Series,6.7,19,8.6,35512,30.0,"Animation ,Comedy",16.0,10.0,1971.0
172,The Bugs Bunny Show,3,5,TV Series,6.6,19,8.6,35512,30.0,"Animation ,Comedy",9.0,10.0,1971.0
172,The Bugs Bunny Show,3,4,TV Series,6.4,18,8.6,35512,30.0,"Animation ,Comedy",2.0,10.0,1971.0
172,The Bugs Bunny Show,3,3,TV Series,7.0,20,8.6,35512,30.0,"Animation ,Comedy",25.0,9.0,1971.0
172,The Bugs Bunny Show,3,2,TV Series,7.0,21,8.6,35512,30.0,"Animation ,Comedy",18.0,9.0,1971.0
172,The Bugs Bunny Show,3,21,TV Series,6.9,19,8.6,35512,30.0,"Animation ,Comedy",29.0,1.0,1972.0
172,The Bugs Bunny Show,3,20,TV Series,6.7,19,8.6,35512,30.0,"Animation ,Comedy",22.0,1.0,1972.0
172,The Bugs Bunny Show,3,19,TV Series,7.1,19,8.6,35512,30.0,"Animation ,Comedy",15.0,1.0,1972.0
172,The Bugs Bunny Show,3,18,TV Series,6.6,18,8.6,35512,30.0,"Animation ,Comedy",8.0,1.0,1972.0
172,The Bugs Bunny Show,1,5,TV Series,8.0,77,8.6,35512,30.0,"Animation ,Comedy",8.0,11.0,1960.0
172,The Bugs Bunny Show,1,4,TV Series,7.9,52,8.6,35512,30.0,"Animation ,Comedy",1.0,11.0,1960.0
172,The Bugs Bunny Show,2,17,TV Series,7.8,40,8.6,35512,30.0,"Animation ,Comedy",13.0,3.0,1962.0
172,The Bugs Bunny Show,3,22,TV Series,7.4,20,8.6,35512,30.0,"Animation ,Comedy",5.0,2.0,1972.0
172,The Bugs Bunny Show,1,3,TV Series,8.0,58,8.6,35512,30.0,"Animation ,Comedy",25.0,10.0,1960.0
172,The Bugs Bunny Show,1,2,TV Series,7.7,82,8.6,35512,30.0,"Animation ,Comedy",18.0,10.0,1960.0
172,The Bugs Bunny Show,3,8,TV Series,6.6,18,8.6,35512,30.0,"Animation ,Comedy",30.0,10.0,1971.0
172,The Bugs Bunny Show,3,9,TV Series,6.9,19,8.6,35512,30.0,"Animation ,Comedy",6.0,11.0,1971.0
172,The Bugs Bunny Show,3,10,TV Series,7.1,18,8.6,35512,30.0,"Animation ,Comedy",13.0,11.0,1971.0
172,The Bugs Bunny Show,3,11,TV Series,6.9,18,8.6,35512,30.0,"Animation ,Comedy",20.0,11.0,1971.0
172,The Bugs Bunny Show,3,12,TV Series,6.9,19,8.6,35512,30.0,"Animation ,Comedy",27.0,11.0,1971.0
172,The Bugs Bunny Show,2,7,TV Series,8.1,72,8.6,35512,30.0,"Animation ,Comedy",21.0,11.0,1961.0
172,The Bugs Bunny Show,3,13,TV Series,7.0,18,8.6,35512,30.0,"Animation ,Comedy",4.0,12.0,1971.0
172,The Bugs Bunny Show,4,18,TV Series,7.7,0,8.6,35512,30.0,"Animation ,Comedy",35.0,15.0,1972.0
172,The Bugs Bunny Show,4,17,TV Series,7.7,0,8.6,35512,30.0,"Animation ,Comedy",35.0,15.0,1972.0
172,The Bugs Bunny Show,4,16,TV Series,7.7,0,8.6,35512,30.0,"Animation ,Comedy",35.0,15.0,1972.0
172,The Bugs Bunny Show,4,15,TV Series,7.7,0,8.6,35512,30.0,"Animation ,Comedy",35.0,15.0,1972.0
172,The Bugs Bunny Show,4,14,TV Series,7.7,0,8.6,35512,30.0,"Animation ,Comedy",35.0,15.0,1972.0
172,The Bugs Bunny Show,3,7,TV Series,6.9,19,8.6,35512,30.0,"Animation ,Comedy",23.0,10.0,1971.0
172,The Bugs Bunny Show,4,12,TV Series,7.7,0,8.6,35512,30.0,"Animation ,Comedy",35.0,15.0,1972.0
172,The Bugs Bunny Show,4,11,TV Series,7.7,0,8.6,35512,30.0,"Animation ,Comedy",35.0,15.0,1972.0
172,The Bugs Bunny Show,4,10,TV Series,7.7,0,8.6,35512,30.0,"Animation ,Comedy",35.0,15.0,1972.0
172,The Bugs Bunny Show,4,9,TV Series,7.7,0,8.6,35512,30.0,"Animation ,Comedy",35.0,15.0,1972.0
172,The Bugs Bunny Show,4,8,TV Series,7.7,0,8.6,35512,30.0,"Animation ,Comedy",35.0,15.0,1972.0
172,The Bugs Bunny Show,1,21,TV Series,7.7,45,8.6,35512,30.0,"Animation ,Comedy",28.0,2.0,1961.0
172,The Bugs Bunny Show,1,20,TV Series,8.4,86,8.6,35512,30.0,"Animation ,Comedy",21.0,2.0,1961.0
172,The Bugs Bunny Show,1,19,TV Series,8.0,47,8.6,35512,30.0,"Animation ,Comedy",14.0,2.0,1961.0
172,The Bugs Bunny Show,1,18,TV Series,8.0,70,8.6,35512,30.0,"Animation ,Comedy",7.0,2.0,1961.0
172,The Bugs Bunny Show,2,23,TV Series,7.5,39,8.6,35512,30.0,"Animation ,Comedy",17.0,7.0,1962.0
172,The Bugs Bunny Show,4,2,TV Series,7.7,0,8.6,35512,30.0,"Animation ,Comedy",35.0,15.0,1972.0
172,The Bugs Bunny Show,4,1,TV Series,7.7,0,8.6,35512,30.0,"Animation ,Comedy",35.0,15.0,1972.0
172,The Bugs Bunny Show,3,26,TV Series,7.1,19,8.6,35512,30.0,"Animation ,Comedy",4.0,3.0,1972.0
172,The Bugs Bunny Show,3,25,TV Series,7.0,20,8.6,35512,30.0,"Animation ,Comedy",26.0,2.0,1972.0
172,The Bugs Bunny Show,3,24,TV Series,6.8,20,8.6,35512,30.0,"Animation ,Comedy",19.0,2.0,1972.0
172,The Bugs Bunny Show,3,23,TV Series,7.8,47,8.6,35512,30.0,"Animation ,Comedy",12.0,2.0,1971.0
172,The Bugs Bunny Show,5,2,TV Series,7.4,0,8.6,35512,30.0,"Animation ,Comedy",35.0,15.0,1960.0
172,The Bugs Bunny Show,5,1,TV Series,7.4,0,8.6,35512,30.0,"Animation ,Comedy",35.0,15.0,1960.0
172,The Bugs Bunny Show,4,26,TV Series,7.7,0,8.6,35512,30.0,"Animation ,Comedy",35.0,15.0,1972.0
172,The Bugs Bunny Show,4,25,TV Series,7.7,0,8.6,35512,30.0,"Animation ,Comedy",35.0,15.0,1972.0
172,The Bugs Bunny Show,4,24,TV Series,7.7,0,8.6,35512,30.0,"Animation ,Comedy",35.0,15.0,1972.0
172,The Bugs Bunny Show,2,11,TV Series,7.5,39,8.6,35512,30.0,"Animation ,Comedy",19.0,12.0,1961.0
172,The Bugs Bunny Show,2,10,TV Series,7.2,39,8.6,35512,30.0,"Animation ,Comedy",12.0,12.0,1961.0
172,The Bugs Bunny Show,2,9,TV Series,7.3,38,8.6,35512,30.0,"Animation ,Comedy",5.0,12.0,1961.0
172,The Bugs Bunny Show,2,8,TV Series,7.3,39,8.6,35512,30.0,"Animation ,Comedy",28.0,11.0,1961.0
172,The Bugs Bunny Show,4,3,TV Series,7.7,0,8.6,35512,30.0,"Animation ,Comedy",35.0,15.0,1972.0
172,The Bugs Bunny Show,5,8,TV Series,7.4,0,8.6,35512,30.0,"Animation ,Comedy",35.0,15.0,1960.0
172,The Bugs Bunny Show,5,7,TV Series,7.4,0,8.6,35512,30.0,"Animation ,Comedy",35.0,15.0,1960.0
172,The Bugs Bunny Show,5,6,TV Series,7.4,0,8.6,35512,30.0,"Animation ,Comedy",35.0,15.0,1960.0
172,The Bugs Bunny Show,5,5,TV Series,7.4,0,8.6,35512,30.0,"Animation ,Comedy",35.0,15.0,1960.0
172,The Bugs Bunny Show,5,4,TV Series,7.4,0,8.6,35512,30.0,"Animation ,Comedy",35.0,15.0,1960.0
172,The Bugs Bunny Show,4,13,TV Series,7.7,0,8.6,35512,30.0,"Animation ,Comedy",35.0,15.0,1972.0
172,The Bugs Bunny Show,5,18,TV Series,7.4,0,8.6,35512,30.0,"Animation ,Comedy",35.0,15.0,1960.0
172,The Bugs Bunny Show,5,17,TV Series,7.4,0,8.6,35512,30.0,"Animation ,Comedy",35.0,15.0,1960.0
172,The Bugs Bunny Show,5,16,TV Series,7.4,0,8.6,35512,30.0,"Animation ,Comedy",35.0,15.0,1960.0
172,The Bugs Bunny Show,5,15,TV Series,7.4,0,8.6,35512,30.0,"Animation ,Comedy",35.0,15.0,1960.0
172,The Bugs Bunny Show,5,14,TV Series,7.4,0,8.6,35512,30.0,"Animation ,Comedy",35.0,15.0,1960.0
172,The Bugs Bunny Show,3,1,TV Series,6.9,21,8.6,35512,30.0,"Animation ,Comedy",11.0,9.0,1971.0
172,The Bugs Bunny Show,2,26,TV Series,8.1,65,8.6,35512,30.0,"Animation ,Comedy",7.0,8.0,1962.0
172,The Bugs Bunny Show,2,25,TV Series,8.2,73,8.6,35512,30.0,"Animation ,Comedy",31.0,7.0,1962.0
172,The Bugs Bunny Show,2,24,TV Series,8.0,64,8.6,35512,30.0,"Animation ,Comedy",24.0,7.0,1962.0
172,The Bugs Bunny Show,6,7,TV Series,7.4,0,8.6,35512,30.0,"Animation ,Comedy",35.0,15.0,1960.0
172,The Bugs Bunny Show,6,6,TV Series,7.4,0,8.6,35512,30.0,"Animation ,Comedy",35.0,15.0,1960.0
172,The Bugs Bunny Show,6,5,TV Series,7.4,0,8.6,35512,30.0,"Animation ,Comedy",35.0,15.0,1960.0
172,The Bugs Bunny Show,6,4,TV Series,7.4,0,8.6,35512,30.0,"Animation ,Comedy",35.0,15.0,1960.0
172,The Bugs Bunny Show,3,17,TV Series,6.9,19,8.6,35512,30.0,"Animation ,Comedy",1.0,1.0,1972.0
172,The Bugs Bunny Show,3,16,TV Series,7.0,18,8.6,35512,30.0,"Animation ,Comedy",25.0,12.0,1971.0
172,The Bugs Bunny Show,5,3,TV Series,7.4,0,8.6,35512,30.0,"Animation ,Comedy",35.0,15.0,1960.0
172,The Bugs Bunny Show,6,8,TV Series,7.4,0,8.6,35512,30.0,"Animation ,Comedy",35.0,15.0,1960.0
172,The Bugs Bunny Show,3,15,TV Series,7.0,18,8.6,35512,30.0,"Animation ,Comedy",18.0,12.0,1971.0
172,The Bugs Bunny Show,3,14,TV Series,7.1,20,8.6,35512,30.0,"Animation ,Comedy",11.0,12.0,1971.0
172,The Bugs Bunny Show,5,20,TV Series,7.4,0,8.6,35512,30.0,"Animation ,Comedy",35.0,15.0,1960.0
172,The Bugs Bunny Show,5,21,TV Series,7.4,0,8.6,35512,30.0,"Animation ,Comedy",35.0,15.0,1960.0
172,The Bugs Bunny Show,5,22,TV Series,7.4,0,8.6,35512,30.0,"Animation ,Comedy",35.0,15.0,1960.0
172,The Bugs Bunny Show,5,23,TV Series,7.4,0,8.6,35512,30.0,"Animation ,Comedy",35.0,15.0,1960.0
172,The Bugs Bunny Show,5,24,TV Series,7.4,0,8.6,35512,30.0,"Animation ,Comedy",35.0,15.0,1960.0
172,The Bugs Bunny Show,4,19,TV Series,7.7,0,8.6,35512,30.0,"Animation ,Comedy",35.0,15.0,1972.0
172,The Bugs Bunny Show,5,25,TV Series,7.4,0,8.6,35512,30.0,"Animation ,Comedy",35.0,15.0,1960.0
172,The Bugs Bunny Show,7,4,TV Series,7.4,0,8.6,35512,30.0,"Animation ,Comedy",35.0,15.0,1960.0
172,The Bugs Bunny Show,7,3,TV Series,7.4,0,8.6,35512,30.0,"Animation ,Comedy",35.0,15.0,1960.0
172,The Bugs Bunny Show,7,2,TV Series,7.4,0,8.6,35512,30.0,"Animation ,Comedy",35.0,15.0,1960.0
172,The Bugs Bunny Show,7,1,TV Series,7.4,0,8.6,35512,30.0,"Animation ,Comedy",35.0,15.0,1960.0
172,The Bugs Bunny Show,6,26,TV Series,7.4,0,8.6,35512,30.0,"Animation ,Comedy",35.0,15.0,1960.0
172,The Bugs Bunny Show,5,19,TV Series,7.4,0,8.6,35512,30.0,"Animation ,Comedy",35.0,15.0,1960.0
172,The Bugs Bunny Show,6,24,TV Series,7.4,0,8.6,35512,30.0,"Animation ,Comedy",35.0,15.0,1960.0
172,The Bugs Bunny Show,6,23,TV Series,7.4,0,8.6,35512,30.0,"Animation ,Comedy",35.0,15.0,1960.0
172,The Bugs Bunny Show,6,22,TV Series,7.4,0,8.6,35512,30.0,"Animation ,Comedy",35.0,15.0,1960.0
172,The Bugs Bunny Show,6,21,TV Series,7.4,0,8.6,35512,30.0,"Animation ,Comedy",35.0,15.0,1960.0
172,The Bugs Bunny Show,6,20,TV Series,7.4,0,8.6,35512,30.0,"Animation ,Comedy",35.0,15.0,1960.0
172,The Bugs Bunny Show,4,7,TV Series,7.7,0,8.6,35512,30.0,"Animation ,Comedy",35.0,15.0,1972.0
172,The Bugs Bunny Show,4,6,TV Series,7.7,0,8.6,35512,30.0,"Animation ,Comedy",35.0,15.0,1972.0
172,The Bugs Bunny Show,4,5,TV Series,7.7,0,8.6,35512,30.0,"Animation ,Comedy",35.0,15.0,1972.0
172,The Bugs Bunny Show,4,4,TV Series,7.7,0,8.6,35512,30.0,"Animation ,Comedy",35.0,15.0,1972.0
172,The Bugs Bunny Show,5,9,TV Series,7.4,0,8.6,35512,30.0,"Animation ,Comedy",35.0,15.0,1960.0
172,The Bugs Bunny Show,6,14,TV Series,7.4,0,8.6,35512,30.0,"Animation ,Comedy",35.0,15.0,1960.0
172,The Bugs Bunny Show,6,13,TV Series,7.4,0,8.6,35512,30.0,"Animation ,Comedy",35.0,15.0,1960.0
172,The Bugs Bunny Show,6,12,TV Series,7.4,0,8.6,35512,30.0,"Animation ,Comedy",35.0,15.0,1960.0
172,The Bugs Bunny Show,6,11,TV Series,7.4,0,8.6,35512,30.0,"Animation ,Comedy",35.0,15.0,1960.0
172,The Bugs Bunny Show,6,10,TV Series,7.4,0,8.6,35512,30.0,"Animation ,Comedy",35.0,15.0,1960.0
172,The Bugs Bunny Show,6,9,TV Series,7.4,0,8.6,35512,30.0,"Animation ,Comedy",35.0,15.0,1960.0
172,The Bugs Bunny Show,7,14,TV Series,7.4,0,8.6,35512,30.0,"Animation ,Comedy",35.0,15.0,1960.0
172,The Bugs Bunny Show,7,13,TV Series,7.4,0,8.6,35512,30.0,"Animation ,Comedy",35.0,15.0,1960.0
172,The Bugs Bunny Show,7,12,TV Series,7.4,0,8.6,35512,30.0,"Animation ,Comedy",35.0,15.0,1960.0
172,The Bugs Bunny Show,7,11,TV Series,7.4,0,8.6,35512,30.0,"Animation ,Comedy",35.0,15.0,1960.0
172,The Bugs Bunny Show,7,10,TV Series,7.4,0,8.6,35512,30.0,"Animation ,Comedy",35.0,15.0,1960.0
172,The Bugs Bunny Show,4,23,TV Series,7.7,0,8.6,35512,30.0,"Animation ,Comedy",35.0,15.0,1972.0
172,The Bugs Bunny Show,4,22,TV Series,7.7,0,8.6,35512,30.0,"Animation ,Comedy",35.0,15.0,1972.0
172,The Bugs Bunny Show,4,21,TV Series,7.7,0,8.6,35512,30.0,"Animation ,Comedy",35.0,15.0,1972.0
172,The Bugs Bunny Show,4,20,TV Series,7.7,0,8.6,35512,30.0,"Animation ,Comedy",35.0,15.0,1972.0
172,The Bugs Bunny Show,7,21,TV Series,7.4,0,8.6,35512,30.0,"Animation ,Comedy",35.0,15.0,1960.0
172,The Bugs Bunny Show,6,19,TV Series,7.4,0,8.6,35512,30.0,"Animation ,Comedy",35.0,15.0,1960.0
172,The Bugs Bunny Show,6,18,TV Series,7.4,0,8.6,35512,30.0,"Animation ,Comedy",35.0,15.0,1960.0
172,The Bugs Bunny Show,6,17,TV Series,7.4,0,8.6,35512,30.0,"Animation ,Comedy",35.0,15.0,1960.0
172,The Bugs Bunny Show,6,16,TV Series,7.4,0,8.6,35512,30.0,"Animation ,Comedy",35.0,15.0,1960.0
172,The Bugs Bunny Show,6,15,TV Series,7.4,0,8.6,35512,30.0,"Animation ,Comedy",35.0,15.0,1960.0
172,The Bugs Bunny Show,6,25,TV Series,7.4,0,8.6,35512,30.0,"Animation ,Comedy",35.0,15.0,1960.0
172,The Bugs Bunny Show,7,30,TV Series,7.4,0,8.6,35512,30.0,"Animation ,Comedy",35.0,15.0,1960.0
172,The Bugs Bunny Show,7,29,TV Series,7.4,0,8.6,35512,30.0,"Animation ,Comedy",35.0,15.0,1960.0
172,The Bugs Bunny Show,7,28,TV Series,7.4,0,8.6,35512,30.0,"Animation ,Comedy",35.0,15.0,1960.0
172,The Bugs Bunny Show,7,27,TV Series,7.4,0,8.6,35512,30.0,"Animation ,Comedy",35.0,15.0,1960.0
172,The Bugs Bunny Show,7,26,TV Series,7.4,0,8.6,35512,30.0,"Animation ,Comedy",35.0,15.0,1960.0
172,The Bugs Bunny Show,5,13,TV Series,7.4,0,8.6,35512,30.0,"Animation ,Comedy",35.0,15.0,1960.0
172,The Bugs Bunny Show,5,12,TV Series,7.4,0,8.6,35512,30.0,"Animation ,Comedy",35.0,15.0,1960.0
172,The Bugs Bunny Show,5,11,TV Series,7.4,0,8.6,35512,30.0,"Animation ,Comedy",35.0,15.0,1960.0
172,The Bugs Bunny Show,5,10,TV Series,7.4,0,8.6,35512,30.0,"Animation ,Comedy",35.0,15.0,1960.0
172,The Bugs Bunny Show,7,18,TV Series,7.4,0,8.6,35512,30.0,"Animation ,Comedy",35.0,15.0,1960.0
172,The Bugs Bunny Show,7,17,TV Series,7.4,0,8.6,35512,30.0,"Animation ,Comedy",35.0,15.0,1960.0
172,The Bugs Bunny Show,7,16,TV Series,7.4,0,8.6,35512,30.0,"Animation ,Comedy",35.0,15.0,1960.0
172,The Bugs Bunny Show,7,15,TV Series,7.4,0,8.6,35512,30.0,"Animation ,Comedy",35.0,15.0,1960.0
172,The Bugs Bunny Show,6,3,TV Series,7.4,0,8.6,35512,30.0,"Animation ,Comedy",35.0,15.0,1960.0
172,The Bugs Bunny Show,6,2,TV Series,7.4,0,8.6,35512,30.0,"Animation ,Comedy",35.0,15.0,1960.0
172,The Bugs Bunny Show,7,20,TV Series,7.4,0,8.6,35512,30.0,"Animation ,Comedy",35.0,15.0,1960.0
172,The Bugs Bunny Show,7,19,TV Series,7.4,0,8.6,35512,30.0,"Animation ,Comedy",35.0,15.0,1960.0
172,The Bugs Bunny Show,6,1,TV Series,7.4,0,8.6,35512,30.0,"Animation ,Comedy",35.0,15.0,1960.0
172,The Bugs Bunny Show,5,26,TV Series,7.4,0,8.6,35512,30.0,"Animation ,Comedy",35.0,15.0,1960.0
173,The Haunting of Hill House,1,3,TV Mini Series,8.6,9157,8.6,284422,572.0,"Drama ,Horror ,Mystery",12.0,10.0,2018.0
173,The Haunting of Hill House,1,2,TV Mini Series,7.8,9073,8.6,284422,572.0,"Drama ,Horror ,Mystery",12.0,10.0,2018.0
173,The Haunting of Hill House,1,6,TV Mini Series,9.3,12998,8.6,284422,572.0,"Drama ,Horror ,Mystery",12.0,10.0,2018.0
173,The Haunting of Hill House,1,5,TV Mini Series,9.5,14580,8.6,284422,572.0,"Drama ,Horror ,Mystery",12.0,10.0,2018.0
173,The Haunting of Hill House,1,4,TV Mini Series,8.5,8940,8.6,284422,572.0,"Drama ,Horror ,Mystery",12.0,10.0,2018.0
173,The Haunting of Hill House,1,1,TV Mini Series,8.1,10083,8.6,284422,572.0,"Drama ,Horror ,Mystery",12.0,10.0,2018.0
173,The Haunting of Hill House,1,10,TV Mini Series,8.5,9113,8.6,284422,572.0,"Drama ,Horror ,Mystery",12.0,10.0,2018.0
173,The Haunting of Hill House,1,9,TV Mini Series,8.8,8259,8.6,284422,572.0,"Drama ,Horror ,Mystery",12.0,10.0,2018.0
173,The Haunting of Hill House,1,8,TV Mini Series,8.8,8262,8.6,284422,572.0,"Drama ,Horror ,Mystery",12.0,10.0,2018.0
173,The Haunting of Hill House,1,7,TV Mini Series,8.2,7890,8.6,284422,572.0,"Drama ,Horror ,Mystery",12.0,10.0,2018.0
174,El Chavo del Ocho,2,20,TV Series,7.7,21,8.7,12455,30.0,"Comedy ,Family",3.0,6.0,1974.0
174,El Chavo del Ocho,Unknown,Unknown,TV Series,7.2,7,8.7,12455,30.0,"Comedy ,Family",24.0,7.0,1978.0
174,El Chavo del Ocho,Unknown,Unknown,TV Series,7.7,7,8.7,12455,30.0,"Comedy ,Family",2.0,10.0,1978.0
174,El Chavo del Ocho,Unknown,Unknown,TV Series,7.8,6,8.7,12455,30.0,"Comedy ,Family",9.0,10.0,1978.0
174,El Chavo del Ocho,8,54,TV Series,7.6,9,8.7,12455,30.0,"Comedy ,Family",15.0,10.0,1977.0
174,El Chavo del Ocho,8,55,TV Series,7.6,9,8.7,12455,30.0,"Comedy ,Family",14.0,5.0,1973.0
174,El Chavo del Ocho,8,56,TV Series,7.6,9,8.7,12455,30.0,"Comedy ,Family",15.0,12.0,1975.0
174,El Chavo del Ocho,8,57,TV Series,7.6,8,8.7,12455,30.0,"Comedy ,Family",23.0,5.0,1977.0
174,El Chavo del Ocho,8,58,TV Series,8.5,21,8.7,12455,30.0,"Comedy ,Family",35.0,15.0,1972.0
174,El Chavo del Ocho,Unknown,Unknown,TV Series,7.2,7,8.7,12455,30.0,"Comedy ,Family",16.0,10.0,1978.0
174,El Chavo del Ocho,Unknown,Unknown,TV Series,7.5,7,8.7,12455,30.0,"Comedy ,Family",23.0,10.0,1978.0
174,El Chavo del Ocho,Unknown,Unknown,TV Series,7.2,6,8.7,12455,30.0,"Comedy ,Family",11.0,12.0,1978.0
174,El Chavo del Ocho,Unknown,Unknown,TV Series,9.1,9,8.7,12455,30.0,"Comedy ,Family",19.0,2.0,1979.0
174,El Chavo del Ocho,Unknown,Unknown,TV Series,7.3,0,8.7,12455,30.0,"Comedy ,Family",2.0,4.0,1979.0
174,El Chavo del Ocho,Unknown,Unknown,TV Series,7.0,9,8.7,12455,30.0,"Comedy ,Family",11.0,6.0,1979.0
174,El Chavo del Ocho,Unknown,Unknown,TV Series,6.8,6,8.7,12455,30.0,"Comedy ,Family",23.0,7.0,1979.0
174,El Chavo del Ocho,Unknown,Unknown,TV Series,7.2,6,8.7,12455,30.0,"Comedy ,Family",6.0,8.0,1979.0
174,El Chavo del Ocho,Unknown,Unknown,TV Series,6.4,6,8.7,12455,30.0,"Comedy ,Family",13.0,8.0,1979.0
174,El Chavo del Ocho,Unknown,Unknown,TV Series,6.4,6,8.7,12455,30.0,"Comedy ,Family",20.0,8.0,1979.0
174,El Chavo del Ocho,Unknown,Unknown,TV Series,7.2,6,8.7,12455,30.0,"Comedy ,Family",27.0,8.0,1979.0
174,El Chavo del Ocho,Unknown,Unknown,TV Series,7.2,6,8.7,12455,30.0,"Comedy ,Family",17.0,9.0,1979.0
174,El Chavo del Ocho,Unknown,Unknown,TV Series,7.8,0,8.7,12455,30.0,"Comedy ,Family",5.0,7.0,1976.0
174,El Chavo del Ocho,Unknown,Unknown,TV Series,7.3,8,8.7,12455,30.0,"Comedy ,Family",26.0,7.0,1976.0
174,El Chavo del Ocho,Unknown,Unknown,TV Series,6.7,8,8.7,12455,30.0,"Comedy ,Family",9.0,5.0,1977.0
174,El Chavo del Ocho,Unknown,Unknown,TV Series,9.1,27,8.7,12455,30.0,"Comedy ,Family",30.0,5.0,1977.0
174,El Chavo del Ocho,Unknown,Unknown,TV Series,8.7,17,8.7,12455,30.0,"Comedy ,Family",6.0,6.0,1977.0
174,El Chavo del Ocho,Unknown,Unknown,TV Series,7.5,7,8.7,12455,30.0,"Comedy ,Family",17.0,12.0,1979.0
174,El Chavo del Ocho,Unknown,Unknown,TV Series,6.6,6,8.7,12455,30.0,"Comedy ,Family",24.0,9.0,1979.0
174,El Chavo del Ocho,Unknown,Unknown,TV Series,7.0,8,8.7,12455,30.0,"Comedy ,Family",1.0,10.0,1979.0
174,El Chavo del Ocho,Unknown,Unknown,TV Series,6.8,7,8.7,12455,30.0,"Comedy ,Family",5.0,11.0,1979.0
174,El Chavo del Ocho,Unknown,Unknown,TV Series,7.2,7,8.7,12455,30.0,"Comedy ,Family",12.0,11.0,1979.0
174,El Chavo del Ocho,Unknown,Unknown,TV Series,8.0,6,8.7,12455,30.0,"Comedy ,Family",19.0,11.0,1979.0
174,El Chavo del Ocho,1,18,TV Series,7.6,11,8.7,12455,30.0,"Comedy ,Family",16.0,7.0,1973.0
174,El Chavo del Ocho,2,1,TV Series,7.2,22,8.7,12455,30.0,"Comedy ,Family",7.0,1.0,1974.0
174,El Chavo del Ocho,2,2,TV Series,8.1,21,8.7,12455,30.0,"Comedy ,Family",14.0,1.0,1974.0
174,El Chavo del Ocho,2,3,TV Series,7.6,20,8.7,12455,30.0,"Comedy ,Family",21.0,1.0,1974.0
174,El Chavo del Ocho,2,4,TV Series,8.3,23,8.7,12455,30.0,"Comedy ,Family",28.0,1.0,1974.0
174,El Chavo del Ocho,1,7,TV Series,6.9,11,8.7,12455,30.0,"Comedy ,Family",30.0,4.0,1973.0
174,El Chavo del Ocho,1,8,TV Series,6.9,11,8.7,12455,30.0,"Comedy ,Family",7.0,5.0,1973.0
174,El Chavo del Ocho,1,9,TV Series,7.8,14,8.7,12455,30.0,"Comedy ,Family",14.0,5.0,1973.0
174,El Chavo del Ocho,1,10,TV Series,7.6,13,8.7,12455,30.0,"Comedy ,Family",21.0,5.0,1973.0
174,El Chavo del Ocho,1,11,TV Series,7.1,13,8.7,12455,30.0,"Comedy ,Family",28.0,5.0,1973.0
174,El Chavo del Ocho,1,12,TV Series,7.7,12,8.7,12455,30.0,"Comedy ,Family",4.0,6.0,1973.0
174,El Chavo del Ocho,2,16,TV Series,7.1,16,8.7,12455,30.0,"Comedy ,Family",29.0,4.0,1974.0
174,El Chavo del Ocho,1,19,TV Series,7.7,10,8.7,12455,30.0,"Comedy ,Family",30.0,7.0,1973.0
174,El Chavo del Ocho,1,20,TV Series,7.3,11,8.7,12455,30.0,"Comedy ,Family",13.0,8.0,1973.0
174,El Chavo del Ocho,1,21,TV Series,7.6,11,8.7,12455,30.0,"Comedy ,Family",20.0,8.0,1973.0
174,El Chavo del Ocho,1,22,TV Series,7.2,9,8.7,12455,30.0,"Comedy ,Family",27.0,8.0,1973.0
174,El Chavo del Ocho,2,18,TV Series,6.7,8,8.7,12455,30.0,"Comedy ,Family",20.0,5.0,1974.0
174,El Chavo del Ocho,2,19,TV Series,7.3,17,8.7,12455,30.0,"Comedy ,Family",27.0,5.0,1974.0
174,El Chavo del Ocho,3,2,TV Series,7.8,19,8.7,12455,30.0,"Comedy ,Family",20.0,1.0,1975.0
174,El Chavo del Ocho,1,23,TV Series,7.8,11,8.7,12455,30.0,"Comedy ,Family",3.0,9.0,1973.0
174,El Chavo del Ocho,1,24,TV Series,7.8,9,8.7,12455,30.0,"Comedy ,Family",17.0,9.0,1973.0
174,El Chavo del Ocho,1,25,TV Series,7.4,12,8.7,12455,30.0,"Comedy ,Family",24.0,9.0,1973.0
174,El Chavo del Ocho,1,26,TV Series,6.2,10,8.7,12455,30.0,"Comedy ,Family",8.0,10.0,1973.0
174,El Chavo del Ocho,1,27,TV Series,6.5,9,8.7,12455,30.0,"Comedy ,Family",22.0,10.0,1973.0
174,El Chavo del Ocho,1,28,TV Series,6.8,9,8.7,12455,30.0,"Comedy ,Family",12.0,11.0,1973.0
174,El Chavo del Ocho,1,1,TV Series,8.5,28,8.7,12455,30.0,"Comedy ,Family",27.0,4.0,1972.0
174,El Chavo del Ocho,2,32,TV Series,7.2,7,8.7,12455,30.0,"Comedy ,Family",23.0,9.0,1974.0
174,El Chavo del Ocho,1,2,TV Series,7.7,15,8.7,12455,30.0,"Comedy ,Family",19.0,3.0,1973.0
174,El Chavo del Ocho,1,3,TV Series,8.1,12,8.7,12455,30.0,"Comedy ,Family",26.0,3.0,1973.0
174,El Chavo del Ocho,1,4,TV Series,7.1,11,8.7,12455,30.0,"Comedy ,Family",2.0,4.0,1973.0
174,El Chavo del Ocho,1,5,TV Series,7.5,13,8.7,12455,30.0,"Comedy ,Family",9.0,4.0,1973.0
174,El Chavo del Ocho,1,6,TV Series,7.6,11,8.7,12455,30.0,"Comedy ,Family",23.0,4.0,1973.0
174,El Chavo del Ocho,2,34,TV Series,7.4,6,8.7,12455,30.0,"Comedy ,Family",7.0,10.0,1974.0
174,El Chavo del Ocho,2,35,TV Series,7.2,6,8.7,12455,30.0,"Comedy ,Family",21.0,10.0,1974.0
174,El Chavo del Ocho,2,36,TV Series,7.3,7,8.7,12455,30.0,"Comedy ,Family",28.0,10.0,1974.0
174,El Chavo del Ocho,2,5,TV Series,8.6,24,8.7,12455,30.0,"Comedy ,Family",4.0,2.0,1974.0
174,El Chavo del Ocho,2,6,TV Series,7.6,25,8.7,12455,30.0,"Comedy ,Family",11.0,2.0,1974.0
174,El Chavo del Ocho,2,7,TV Series,7.7,21,8.7,12455,30.0,"Comedy ,Family",18.0,2.0,1974.0
174,El Chavo del Ocho,2,8,TV Series,7.7,23,8.7,12455,30.0,"Comedy ,Family",25.0,2.0,1974.0
174,El Chavo del Ocho,2,9,TV Series,7.6,25,8.7,12455,30.0,"Comedy ,Family",4.0,3.0,1974.0
174,El Chavo del Ocho,2,10,TV Series,7.5,9,8.7,12455,30.0,"Comedy ,Family",18.0,3.0,1974.0
174,El Chavo del Ocho,1,13,TV Series,7.4,12,8.7,12455,30.0,"Comedy ,Family",11.0,6.0,1973.0
174,El Chavo del Ocho,1,14,TV Series,7.4,11,8.7,12455,30.0,"Comedy ,Family",18.0,6.0,1973.0
174,El Chavo del Ocho,1,15,TV Series,7.5,11,8.7,12455,30.0,"Comedy ,Family",25.0,6.0,1973.0
174,El Chavo del Ocho,1,16,TV Series,7.4,15,8.7,12455,30.0,"Comedy ,Family",2.0,7.0,1973.0
174,El Chavo del Ocho,1,17,TV Series,6.8,10,8.7,12455,30.0,"Comedy ,Family",9.0,7.0,1973.0
174,El Chavo del Ocho,3,12,TV Series,7.7,19,8.7,12455,30.0,"Comedy ,Family",35.0,15.0,1975.0
174,El Chavo del Ocho,2,17,TV Series,7.3,14,8.7,12455,30.0,"Comedy ,Family",13.0,5.0,1974.0
174,El Chavo del Ocho,3,14,TV Series,8.1,29,8.7,12455,30.0,"Comedy ,Family",35.0,15.0,1975.0
174,El Chavo del Ocho,3,15,TV Series,8.3,30,8.7,12455,30.0,"Comedy ,Family",5.0,5.0,1975.0
174,El Chavo del Ocho,3,16,TV Series,8.2,23,8.7,12455,30.0,"Comedy ,Family",7.0,12.0,2004.0
174,El Chavo del Ocho,2,21,TV Series,7.5,20,8.7,12455,30.0,"Comedy ,Family",10.0,6.0,1974.0
174,El Chavo del Ocho,2,22,TV Series,7.0,8,8.7,12455,30.0,"Comedy ,Family",1.0,7.0,1974.0
174,El Chavo del Ocho,2,23,TV Series,8.1,17,8.7,12455,30.0,"Comedy ,Family",8.0,7.0,1974.0
174,El Chavo del Ocho,2,24,TV Series,8.4,17,8.7,12455,30.0,"Comedy ,Family",15.0,7.0,1974.0
174,El Chavo del Ocho,2,25,TV Series,6.9,8,8.7,12455,30.0,"Comedy ,Family",22.0,7.0,1974.0
174,El Chavo del Ocho,2,26,TV Series,7.4,8,8.7,12455,30.0,"Comedy ,Family",29.0,7.0,1974.0
174,El Chavo del Ocho,1,29,TV Series,7.0,9,8.7,12455,30.0,"Comedy ,Family",19.0,11.0,1973.0
174,El Chavo del Ocho,1,30,TV Series,7.8,10,8.7,12455,30.0,"Comedy ,Family",3.0,12.0,1973.0
174,El Chavo del Ocho,1,31,TV Series,7.3,9,8.7,12455,30.0,"Comedy ,Family",10.0,12.0,1973.0
174,El Chavo del Ocho,1,32,TV Series,7.4,9,8.7,12455,30.0,"Comedy ,Family",17.0,12.0,1973.0
174,El Chavo del Ocho,1,33,TV Series,7.1,10,8.7,12455,30.0,"Comedy ,Family",23.0,12.0,1974.0
174,El Chavo del Ocho,3,28,TV Series,6.7,18,8.7,12455,30.0,"Comedy ,Family",35.0,15.0,1973.0
174,El Chavo del Ocho,2,33,TV Series,7.2,6,8.7,12455,30.0,"Comedy ,Family",30.0,9.0,1974.0
174,El Chavo del Ocho,3,30,TV Series,7.5,7,8.7,12455,30.0,"Comedy ,Family",35.0,15.0,1975.0
174,El Chavo del Ocho,3,31,TV Series,7.8,20,8.7,12455,30.0,"Comedy ,Family",35.0,15.0,1973.0
174,El Chavo del Ocho,3,32,TV Series,7.9,19,8.7,12455,30.0,"Comedy ,Family",35.0,15.0,1975.0
174,El Chavo del Ocho,3,1,TV Series,7.9,22,8.7,12455,30.0,"Comedy ,Family",13.0,1.0,1975.0
174,El Chavo del Ocho,1,34,TV Series,7.3,9,8.7,12455,30.0,"Comedy ,Family",31.0,12.0,1973.0
174,El Chavo del Ocho,3,3,TV Series,7.3,8,8.7,12455,30.0,"Comedy ,Family",27.0,1.0,1975.0
174,El Chavo del Ocho,3,4,TV Series,7.8,0,8.7,12455,30.0,"Comedy ,Family",3.0,2.0,1975.0
174,El Chavo del Ocho,3,5,TV Series,7.3,26,8.7,12455,30.0,"Comedy ,Family",10.0,2.0,1975.0
174,El Chavo del Ocho,3,6,TV Series,8.2,6,8.7,12455,30.0,"Comedy ,Family",17.0,2.0,1975.0
174,El Chavo del Ocho,2,11,TV Series,7.9,20,8.7,12455,30.0,"Comedy ,Family",25.0,3.0,1974.0
174,El Chavo del Ocho,2,12,TV Series,7.2,12,8.7,12455,30.0,"Comedy ,Family",1.0,4.0,1974.0
174,El Chavo del Ocho,2,13,TV Series,7.7,24,8.7,12455,30.0,"Comedy ,Family",8.0,4.0,1974.0
174,El Chavo del Ocho,2,14,TV Series,8.1,17,8.7,12455,30.0,"Comedy ,Family",15.0,4.0,1974.0
174,El Chavo del Ocho,2,15,TV Series,7.1,8,8.7,12455,30.0,"Comedy ,Family",22.0,4.0,1974.0
174,El Chavo del Ocho,4,9,TV Series,8.7,24,8.7,12455,30.0,"Comedy ,Family",15.0,3.0,1976.0
174,El Chavo del Ocho,3,13,TV Series,7.9,10,8.7,12455,30.0,"Comedy ,Family",19.0,4.0,1976.0
174,El Chavo del Ocho,4,11,TV Series,7.5,20,8.7,12455,30.0,"Comedy ,Family",29.0,3.0,1976.0
174,El Chavo del Ocho,4,12,TV Series,7.3,16,8.7,12455,30.0,"Comedy ,Family",12.0,4.0,1976.0
174,El Chavo del Ocho,4,13,TV Series,7.4,18,8.7,12455,30.0,"Comedy ,Family",19.0,4.0,1976.0
174,El Chavo del Ocho,3,17,TV Series,7.9,16,8.7,12455,30.0,"Comedy ,Family",35.0,15.0,1975.0
174,El Chavo del Ocho,3,18,TV Series,7.4,17,8.7,12455,30.0,"Comedy ,Family",35.0,15.0,1973.0
174,El Chavo del Ocho,3,19,TV Series,7.6,21,8.7,12455,30.0,"Comedy ,Family",7.0,7.0,1975.0
174,El Chavo del Ocho,3,20,TV Series,8.0,20,8.7,12455,30.0,"Comedy ,Family",14.0,7.0,1975.0
174,El Chavo del Ocho,3,21,TV Series,8.0,19,8.7,12455,30.0,"Comedy ,Family",35.0,15.0,1973.0
174,El Chavo del Ocho,3,22,TV Series,7.4,18,8.7,12455,30.0,"Comedy ,Family",35.0,15.0,1975.0
174,El Chavo del Ocho,2,27,TV Series,6.5,7,8.7,12455,30.0,"Comedy ,Family",5.0,8.0,1974.0
174,El Chavo del Ocho,2,28,TV Series,7.3,14,8.7,12455,30.0,"Comedy ,Family",12.0,8.0,1974.0
174,El Chavo del Ocho,2,29,TV Series,7.9,15,8.7,12455,30.0,"Comedy ,Family",19.0,8.0,1974.0
174,El Chavo del Ocho,2,30,TV Series,7.4,8,8.7,12455,30.0,"Comedy ,Family",26.0,8.0,1974.0
174,El Chavo del Ocho,2,31,TV Series,7.1,17,8.7,12455,30.0,"Comedy ,Family",16.0,9.0,1974.0
174,El Chavo del Ocho,4,25,TV Series,7.7,18,8.7,12455,30.0,"Comedy ,Family",30.0,8.0,1976.0
174,El Chavo del Ocho,3,29,TV Series,8.0,22,8.7,12455,30.0,"Comedy ,Family",23.0,7.0,1973.0
174,El Chavo del Ocho,4,27,TV Series,7.6,14,8.7,12455,30.0,"Comedy ,Family",13.0,9.0,1976.0
174,El Chavo del Ocho,4,28,TV Series,7.5,8,8.7,12455,30.0,"Comedy ,Family",20.0,9.0,1976.0
174,El Chavo del Ocho,4,29,TV Series,7.4,14,8.7,12455,30.0,"Comedy ,Family",35.0,15.0,1976.0
174,El Chavo del Ocho,3,33,TV Series,7.4,18,8.7,12455,30.0,"Comedy ,Family",35.0,15.0,1975.0
174,El Chavo del Ocho,3,34,TV Series,7.4,18,8.7,12455,30.0,"Comedy ,Family",35.0,15.0,1973.0
174,El Chavo del Ocho,3,35,TV Series,8.3,11,8.7,12455,30.0,"Comedy ,Family",27.0,12.0,1975.0
174,El Chavo del Ocho,4,1,TV Series,8.1,21,8.7,12455,30.0,"Comedy ,Family",12.0,1.0,1976.0
174,El Chavo del Ocho,4,2,TV Series,7.8,19,8.7,12455,30.0,"Comedy ,Family",19.0,1.0,1976.0
174,El Chavo del Ocho,4,3,TV Series,7.6,19,8.7,12455,30.0,"Comedy ,Family",26.0,1.0,1976.0
174,El Chavo del Ocho,3,7,TV Series,8.2,25,8.7,12455,30.0,"Comedy ,Family",24.0,2.0,1975.0
174,El Chavo del Ocho,3,8,TV Series,8.3,24,8.7,12455,30.0,"Comedy ,Family",17.0,3.0,1975.0
174,El Chavo del Ocho,3,9,TV Series,8.4,23,8.7,12455,30.0,"Comedy ,Family",24.0,3.0,1975.0
174,El Chavo del Ocho,3,10,TV Series,8.3,25,8.7,12455,30.0,"Comedy ,Family",31.0,3.0,1975.0
174,El Chavo del Ocho,3,11,TV Series,7.5,19,8.7,12455,30.0,"Comedy ,Family",35.0,15.0,1973.0
174,El Chavo del Ocho,4,41,TV Series,7.9,21,8.7,12455,30.0,"Comedy ,Family",25.0,4.0,1977.0
174,El Chavo del Ocho,4,10,TV Series,8.0,5,8.7,12455,30.0,"Comedy ,Family",22.0,3.0,1976.0
174,El Chavo del Ocho,5,2,TV Series,6.8,6,8.7,12455,30.0,"Comedy ,Family",35.0,15.0,1976.0
174,El Chavo del Ocho,5,3,TV Series,6.5,9,8.7,12455,30.0,"Comedy ,Family",21.0,2.0,1977.0
174,El Chavo del Ocho,5,4,TV Series,6.9,9,8.7,12455,30.0,"Comedy ,Family",28.0,2.0,1977.0
174,El Chavo del Ocho,4,14,TV Series,7.7,18,8.7,12455,30.0,"Comedy ,Family",7.0,6.0,1976.0
174,El Chavo del Ocho,4,15,TV Series,7.2,19,8.7,12455,30.0,"Comedy ,Family",14.0,6.0,1976.0
174,El Chavo del Ocho,4,16,TV Series,7.8,23,8.7,12455,30.0,"Comedy ,Family",28.0,6.0,1976.0
174,El Chavo del Ocho,4,17,TV Series,8.6,24,8.7,12455,30.0,"Comedy ,Family",5.0,7.0,1976.0
174,El Chavo del Ocho,4,18,TV Series,8.1,9,8.7,12455,30.0,"Comedy ,Family",12.0,7.0,1976.0
174,El Chavo del Ocho,4,19,TV Series,7.2,18,8.7,12455,30.0,"Comedy ,Family",19.0,7.0,1976.0
174,El Chavo del Ocho,3,23,TV Series,7.5,17,8.7,12455,30.0,"Comedy ,Family",35.0,15.0,1975.0
174,El Chavo del Ocho,3,24,TV Series,7.3,14,8.7,12455,30.0,"Comedy ,Family",35.0,15.0,1973.0
174,El Chavo del Ocho,3,25,TV Series,7.4,16,8.7,12455,30.0,"Comedy ,Family",35.0,15.0,1975.0
174,El Chavo del Ocho,3,26,TV Series,7.5,16,8.7,12455,30.0,"Comedy ,Family",25.0,6.0,1973.0
174,El Chavo del Ocho,3,27,TV Series,7.8,21,8.7,12455,30.0,"Comedy ,Family",35.0,15.0,1975.0
174,El Chavo del Ocho,5,16,TV Series,6.8,6,8.7,12455,30.0,"Comedy ,Family",35.0,15.0,1977.0
174,El Chavo del Ocho,4,26,TV Series,8.1,17,8.7,12455,30.0,"Comedy ,Family",16.0,9.0,1976.0
174,El Chavo del Ocho,5,18,TV Series,7.6,9,8.7,12455,30.0,"Comedy ,Family",6.0,12.0,1978.0
174,El Chavo del Ocho,5,19,TV Series,7.5,9,8.7,12455,30.0,"Comedy ,Family",13.0,12.0,1978.0
174,El Chavo del Ocho,5,20,TV Series,7.5,9,8.7,12455,30.0,"Comedy ,Family",21.0,12.0,1978.0
174,El Chavo del Ocho,4,30,TV Series,6.8,7,8.7,12455,30.0,"Comedy ,Family",35.0,15.0,1976.0
174,El Chavo del Ocho,4,31,TV Series,8.2,18,8.7,12455,30.0,"Comedy ,Family",15.0,3.0,2012.0
174,El Chavo del Ocho,4,32,TV Series,7.2,14,8.7,12455,30.0,"Comedy ,Family",35.0,15.0,1976.0
174,El Chavo del Ocho,4,33,TV Series,7.4,15,8.7,12455,30.0,"Comedy ,Family",35.0,15.0,1976.0
174,El Chavo del Ocho,4,34,TV Series,7.3,14,8.7,12455,30.0,"Comedy ,Family",35.0,15.0,1976.0
174,El Chavo del Ocho,4,35,TV Series,7.8,15,8.7,12455,30.0,"Comedy ,Family",35.0,15.0,1976.0
174,El Chavo del Ocho,4,4,TV Series,7.8,6,8.7,12455,30.0,"Comedy ,Family",2.0,2.0,1976.0
174,El Chavo del Ocho,4,5,TV Series,7.8,18,8.7,12455,30.0,"Comedy ,Family",9.0,2.0,1976.0
174,El Chavo del Ocho,4,6,TV Series,7.8,0,8.7,12455,30.0,"Comedy ,Family",16.0,2.0,1976.0
174,El Chavo del Ocho,4,7,TV Series,7.8,0,8.7,12455,30.0,"Comedy ,Family",23.0,2.0,1976.0
174,El Chavo del Ocho,4,8,TV Series,7.6,13,8.7,12455,30.0,"Comedy ,Family",8.0,3.0,1976.0
174,El Chavo del Ocho,5,32,TV Series,6.6,6,8.7,12455,30.0,"Comedy ,Family",35.0,15.0,1977.0
174,El Chavo del Ocho,5,1,TV Series,6.8,7,8.7,12455,30.0,"Comedy ,Family",35.0,15.0,1976.0
174,El Chavo del Ocho,5,34,TV Series,7.8,10,8.7,12455,30.0,"Comedy ,Family",14.0,11.0,1977.0
174,El Chavo del Ocho,5,35,TV Series,6.8,6,8.7,12455,30.0,"Comedy ,Family",35.0,15.0,1978.0
174,El Chavo del Ocho,5,36,TV Series,7.5,7,8.7,12455,30.0,"Comedy ,Family",35.0,15.0,1978.0
174,El Chavo del Ocho,5,5,TV Series,7.3,11,8.7,12455,30.0,"Comedy ,Family",7.0,3.0,1977.0
174,El Chavo del Ocho,5,6,TV Series,7.9,17,8.7,12455,30.0,"Comedy ,Family",35.0,15.0,1977.0
174,El Chavo del Ocho,5,7,TV Series,7.0,9,8.7,12455,30.0,"Comedy ,Family",35.0,15.0,1977.0
174,El Chavo del Ocho,5,8,TV Series,7.2,9,8.7,12455,30.0,"Comedy ,Family",15.0,1.0,1981.0
174,El Chavo del Ocho,5,9,TV Series,6.6,6,8.7,12455,30.0,"Comedy ,Family",35.0,15.0,1976.0
174,El Chavo del Ocho,5,10,TV Series,6.7,7,8.7,12455,30.0,"Comedy ,Family",35.0,15.0,1977.0
174,El Chavo del Ocho,4,20,TV Series,7.9,15,8.7,12455,30.0,"Comedy ,Family",26.0,7.0,1976.0
174,El Chavo del Ocho,4,21,TV Series,7.6,16,8.7,12455,30.0,"Comedy ,Family",2.0,8.0,1976.0
174,El Chavo del Ocho,4,22,TV Series,6.9,17,8.7,12455,30.0,"Comedy ,Family",9.0,8.0,1976.0
174,El Chavo del Ocho,4,23,TV Series,7.9,18,8.7,12455,30.0,"Comedy ,Family",16.0,8.0,1976.0
174,El Chavo del Ocho,4,24,TV Series,7.9,21,8.7,12455,30.0,"Comedy ,Family",23.0,8.0,1976.0
174,El Chavo del Ocho,6,6,TV Series,7.0,7,8.7,12455,30.0,"Comedy ,Family",35.0,15.0,1978.0
174,El Chavo del Ocho,5,17,TV Series,6.8,6,8.7,12455,30.0,"Comedy ,Family",35.0,15.0,1977.0
174,El Chavo del Ocho,6,8,TV Series,6.8,6,8.7,12455,30.0,"Comedy ,Family",24.0,4.0,1978.0
174,El Chavo del Ocho,6,9,TV Series,7.5,7,8.7,12455,30.0,"Comedy ,Family",1.0,5.0,1978.0
174,El Chavo del Ocho,6,10,TV Series,7.3,7,8.7,12455,30.0,"Comedy ,Family",8.0,5.0,1978.0
174,El Chavo del Ocho,5,21,TV Series,6.6,6,8.7,12455,30.0,"Comedy ,Family",35.0,15.0,1977.0
174,El Chavo del Ocho,5,22,TV Series,6.8,6,8.7,12455,30.0,"Comedy ,Family",35.0,15.0,1977.0
174,El Chavo del Ocho,5,23,TV Series,7.5,7,8.7,12455,30.0,"Comedy ,Family",35.0,15.0,1977.0
174,El Chavo del Ocho,5,24,TV Series,6.6,6,8.7,12455,30.0,"Comedy ,Family",35.0,15.0,1977.0
174,El Chavo del Ocho,5,25,TV Series,6.6,6,8.7,12455,30.0,"Comedy ,Family",35.0,15.0,1977.0
174,El Chavo del Ocho,5,26,TV Series,7.4,13,8.7,12455,30.0,"Comedy ,Family",35.0,15.0,1977.0
174,El Chavo del Ocho,4,36,TV Series,9.5,112,8.7,12455,30.0,"Comedy ,Family",35.0,15.0,1976.0
174,El Chavo del Ocho,4,37,TV Series,7.5,16,8.7,12455,30.0,"Comedy ,Family",35.0,15.0,1976.0
174,El Chavo del Ocho,4,38,TV Series,7.5,8,8.7,12455,30.0,"Comedy ,Family",35.0,15.0,1976.0
174,El Chavo del Ocho,4,39,TV Series,7.6,14,8.7,12455,30.0,"Comedy ,Family",35.0,15.0,1976.0
174,El Chavo del Ocho,4,40,TV Series,8.2,17,8.7,12455,30.0,"Comedy ,Family",35.0,15.0,1976.0
174,El Chavo del Ocho,6,22,TV Series,6.6,6,8.7,12455,30.0,"Comedy ,Family",35.0,15.0,1978.0
174,El Chavo del Ocho,5,33,TV Series,7.2,9,8.7,12455,30.0,"Comedy ,Family",7.0,11.0,1977.0
174,El Chavo del Ocho,6,24,TV Series,6.6,6,8.7,12455,30.0,"Comedy ,Family",35.0,15.0,1978.0
174,El Chavo del Ocho,6,25,TV Series,6.6,6,8.7,12455,30.0,"Comedy ,Family",35.0,15.0,1978.0
174,El Chavo del Ocho,6,26,TV Series,6.6,6,8.7,12455,30.0,"Comedy ,Family",35.0,15.0,1978.0
174,El Chavo del Ocho,5,37,TV Series,7.2,9,8.7,12455,30.0,"Comedy ,Family",24.0,10.0,1977.0
174,El Chavo del Ocho,5,38,TV Series,7.2,7,8.7,12455,30.0,"Comedy ,Family",35.0,15.0,1978.0
174,El Chavo del Ocho,5,39,TV Series,6.8,6,8.7,12455,30.0,"Comedy ,Family",35.0,15.0,1978.0
174,El Chavo del Ocho,5,40,TV Series,6.6,6,8.7,12455,30.0,"Comedy ,Family",35.0,15.0,1978.0
174,El Chavo del Ocho,5,41,TV Series,6.6,6,8.7,12455,30.0,"Comedy ,Family",35.0,15.0,1978.0
174,El Chavo del Ocho,5,42,TV Series,8.2,24,8.7,12455,30.0,"Comedy ,Family",35.0,15.0,1976.0
174,El Chavo del Ocho,5,11,TV Series,6.6,6,8.7,12455,30.0,"Comedy ,Family",35.0,15.0,1977.0
174,El Chavo del Ocho,5,12,TV Series,6.6,6,8.7,12455,30.0,"Comedy ,Family",35.0,15.0,1977.0
174,El Chavo del Ocho,5,13,TV Series,7.6,8,8.7,12455,30.0,"Comedy ,Family",35.0,15.0,1977.0
174,El Chavo del Ocho,5,14,TV Series,9.3,82,8.7,12455,30.0,"Comedy ,Family",35.0,15.0,1978.0
174,El Chavo del Ocho,5,15,TV Series,7.3,7,8.7,12455,30.0,"Comedy ,Family",35.0,15.0,1977.0
174,El Chavo del Ocho,6,38,TV Series,6.8,6,8.7,12455,30.0,"Comedy ,Family",35.0,15.0,1979.0
174,El Chavo del Ocho,6,7,TV Series,6.8,7,8.7,12455,30.0,"Comedy ,Family",17.0,4.0,1978.0
174,El Chavo del Ocho,7,1,TV Series,8.1,25,8.7,12455,30.0,"Comedy ,Family",29.0,1.0,1979.0
174,El Chavo del Ocho,7,2,TV Series,7.1,17,8.7,12455,30.0,"Comedy ,Family",26.0,2.0,1979.0
174,El Chavo del Ocho,7,3,TV Series,7.6,9,8.7,12455,30.0,"Comedy ,Family",28.0,6.0,1977.0
174,El Chavo del Ocho,6,11,TV Series,7.4,16,8.7,12455,30.0,"Comedy ,Family",15.0,5.0,1978.0
174,El Chavo del Ocho,6,12,TV Series,8.3,23,8.7,12455,30.0,"Comedy ,Family",22.0,5.0,1978.0
174,El Chavo del Ocho,6,13,TV Series,7.5,23,8.7,12455,30.0,"Comedy ,Family",35.0,15.0,1973.0
174,El Chavo del Ocho,6,14,TV Series,8.1,22,8.7,12455,30.0,"Comedy ,Family",35.0,15.0,1973.0
174,El Chavo del Ocho,6,15,TV Series,7.5,19,8.7,12455,30.0,"Comedy ,Family",35.0,15.0,1973.0
174,El Chavo del Ocho,6,16,TV Series,6.6,8,8.7,12455,30.0,"Comedy ,Family",35.0,15.0,1978.0
174,El Chavo del Ocho,5,27,TV Series,7.5,13,8.7,12455,30.0,"Comedy ,Family",35.0,15.0,1977.0
174,El Chavo del Ocho,5,28,TV Series,6.6,8,8.7,12455,30.0,"Comedy ,Family",35.0,1.0,1977.0
174,El Chavo del Ocho,5,29,TV Series,6.8,6,8.7,12455,30.0,"Comedy ,Family",35.0,15.0,1977.0
174,El Chavo del Ocho,5,30,TV Series,6.8,6,8.7,12455,30.0,"Comedy ,Family",35.0,15.0,1977.0
174,El Chavo del Ocho,5,31,TV Series,6.8,6,8.7,12455,30.0,"Comedy ,Family",35.0,15.0,1977.0
174,El Chavo del Ocho,7,16,TV Series,7.1,10,8.7,12455,30.0,"Comedy ,Family",15.0,2.0,1976.0
174,El Chavo del Ocho,6,23,TV Series,6.8,6,8.7,12455,30.0,"Comedy ,Family",35.0,15.0,1978.0
174,El Chavo del Ocho,7,18,TV Series,7.4,9,8.7,12455,30.0,"Comedy ,Family",35.0,15.0,1977.0
174,El Chavo del Ocho,7,19,TV Series,7.4,9,8.7,12455,30.0,"Comedy ,Family",35.0,15.0,1977.0
174,El Chavo del Ocho,7,20,TV Series,7.6,10,8.7,12455,30.0,"Comedy ,Family",8.0,3.0,2012.0
174,El Chavo del Ocho,6,27,TV Series,6.4,8,8.7,12455,30.0,"Comedy ,Family",25.0,9.0,1978.0
174,El Chavo del Ocho,6,28,TV Series,6.8,6,8.7,12455,30.0,"Comedy ,Family",35.0,15.0,1978.0
174,El Chavo del Ocho,6,29,TV Series,7.0,6,8.7,12455,30.0,"Comedy ,Family",35.0,15.0,1978.0
174,El Chavo del Ocho,6,30,TV Series,6.8,6,8.7,12455,30.0,"Comedy ,Family",35.0,15.0,1978.0
174,El Chavo del Ocho,6,31,TV Series,6.8,6,8.7,12455,30.0,"Comedy ,Family",35.0,15.0,1978.0
174,El Chavo del Ocho,6,32,TV Series,6.8,6,8.7,12455,30.0,"Comedy ,Family",35.0,15.0,1978.0
174,El Chavo del Ocho,6,1,TV Series,8.0,9,8.7,12455,30.0,"Comedy ,Family",6.0,3.0,1978.0
174,El Chavo del Ocho,6,2,TV Series,8.1,11,8.7,12455,30.0,"Comedy ,Family",13.0,3.0,1978.0
174,El Chavo del Ocho,6,3,TV Series,9.0,60,8.7,12455,30.0,"Comedy ,Family",12.0,3.0,1982.0
174,El Chavo del Ocho,6,4,TV Series,6.8,6,8.7,12455,30.0,"Comedy ,Family",35.0,15.0,1978.0
174,El Chavo del Ocho,6,5,TV Series,6.5,7,8.7,12455,30.0,"Comedy ,Family",3.0,4.0,1978.0
174,El Chavo del Ocho,7,32,TV Series,6.8,7,8.7,12455,30.0,"Comedy ,Family",35.0,15.0,1979.0
174,El Chavo del Ocho,6,39,TV Series,7.0,7,8.7,12455,30.0,"Comedy ,Family",35.0,15.0,1979.0
174,El Chavo del Ocho,7,34,TV Series,7.0,7,8.7,12455,30.0,"Comedy ,Family",35.0,15.0,1979.0
174,El Chavo del Ocho,7,35,TV Series,7.0,7,8.7,12455,30.0,"Comedy ,Family",35.0,15.0,1979.0
174,El Chavo del Ocho,7,36,TV Series,6.8,10,8.7,12455,30.0,"Comedy ,Family",35.0,15.0,1979.0
174,El Chavo del Ocho,7,4,TV Series,7.7,13,8.7,12455,30.0,"Comedy ,Family",35.0,15.0,1976.0
174,El Chavo del Ocho,7,5,TV Series,7.6,11,8.7,12455,30.0,"Comedy ,Family",35.0,15.0,1977.0
174,El Chavo del Ocho,7,6,TV Series,7.7,10,8.7,12455,30.0,"Comedy ,Family",35.0,15.0,1977.0
174,El Chavo del Ocho,7,7,TV Series,7.5,9,8.7,12455,30.0,"Comedy ,Family",16.0,3.0,1977.0
174,El Chavo del Ocho,7,8,TV Series,8.1,17,8.7,12455,30.0,"Comedy ,Family",35.0,15.0,1972.0
174,El Chavo del Ocho,7,9,TV Series,8.1,18,8.7,12455,30.0,"Comedy ,Family",35.0,15.0,1972.0
174,El Chavo del Ocho,6,17,TV Series,7.8,18,8.7,12455,30.0,"Comedy ,Family",35.0,15.0,1973.0
174,El Chavo del Ocho,6,18,TV Series,6.8,6,8.7,12455,30.0,"Comedy ,Family",35.0,15.0,1978.0
174,El Chavo del Ocho,6,19,TV Series,6.8,6,8.7,12455,30.0,"Comedy ,Family",35.0,15.0,1978.0
174,El Chavo del Ocho,6,20,TV Series,6.8,6,8.7,12455,30.0,"Comedy ,Family",35.0,15.0,1978.0
174,El Chavo del Ocho,6,21,TV Series,6.8,6,8.7,12455,30.0,"Comedy ,Family",35.0,15.0,1978.0
174,El Chavo del Ocho,7,48,TV Series,7.6,22,8.7,12455,30.0,"Comedy ,Family",35.0,15.0,1979.0
174,El Chavo del Ocho,7,17,TV Series,7.4,10,8.7,12455,30.0,"Comedy ,Family",4.0,10.0,1976.0
174,El Chavo del Ocho,8,1,TV Series,8.0,55,8.7,12455,30.0,"Comedy ,Family",21.0,6.0,1972.0
174,El Chavo del Ocho,8,2,TV Series,8.3,41,8.7,12455,30.0,"Comedy ,Family",16.0,4.0,1972.0
174,El Chavo del Ocho,8,3,TV Series,7.4,33,8.7,12455,30.0,"Comedy ,Family",35.0,15.0,1972.0
174,El Chavo del Ocho,7,21,TV Series,7.3,10,8.7,12455,30.0,"Comedy ,Family",28.0,11.0,1977.0
174,El Chavo del Ocho,7,22,TV Series,7.6,9,8.7,12455,30.0,"Comedy ,Family",15.0,9.0,1975.0
174,El Chavo del Ocho,7,23,TV Series,7.3,10,8.7,12455,30.0,"Comedy ,Family",7.0,2.0,1977.0
174,El Chavo del Ocho,7,24,TV Series,7.1,10,8.7,12455,30.0,"Comedy ,Family",27.0,8.0,1977.0
174,El Chavo del Ocho,7,25,TV Series,9.7,67,8.7,12455,30.0,"Comedy ,Family",14.0,3.0,2012.0
174,El Chavo del Ocho,7,26,TV Series,7.7,10,8.7,12455,30.0,"Comedy ,Family",28.0,8.0,1980.0
174,El Chavo del Ocho,6,33,TV Series,6.7,8,8.7,12455,30.0,"Comedy ,Family",30.0,10.0,1978.0
174,El Chavo del Ocho,6,34,TV Series,7.8,15,8.7,12455,30.0,"Comedy ,Family",35.0,15.0,1978.0
174,El Chavo del Ocho,6,35,TV Series,6.6,6,8.7,12455,30.0,"Comedy ,Family",35.0,15.0,1978.0
174,El Chavo del Ocho,6,36,TV Series,6.8,6,8.7,12455,30.0,"Comedy ,Family",35.0,15.0,1979.0
174,El Chavo del Ocho,6,37,TV Series,6.8,6,8.7,12455,30.0,"Comedy ,Family",35.0,15.0,1979.0
174,El Chavo del Ocho,8,22,TV Series,7.7,17,8.7,12455,30.0,"Comedy ,Family",1.0,7.0,1974.0
174,El Chavo del Ocho,7,33,TV Series,7.0,7,8.7,12455,30.0,"Comedy ,Family",35.0,15.0,1979.0
174,El Chavo del Ocho,8,24,TV Series,7.6,9,8.7,12455,30.0,"Comedy ,Family",29.0,9.0,1976.0
174,El Chavo del Ocho,8,25,TV Series,7.4,8,8.7,12455,30.0,"Comedy ,Family",15.0,4.0,1973.0
174,El Chavo del Ocho,8,26,TV Series,7.6,8,8.7,12455,30.0,"Comedy ,Family",26.0,10.0,1976.0
174,El Chavo del Ocho,7,37,TV Series,7.0,7,8.7,12455,30.0,"Comedy ,Family",35.0,15.0,1979.0
174,El Chavo del Ocho,7,38,TV Series,6.6,9,8.7,12455,30.0,"Comedy ,Family",35.0,15.0,1979.0
174,El Chavo del Ocho,7,39,TV Series,7.0,7,8.7,12455,30.0,"Comedy ,Family",35.0,15.0,1979.0
174,El Chavo del Ocho,7,40,TV Series,7.2,7,8.7,12455,30.0,"Comedy ,Family",35.0,15.0,1979.0
174,El Chavo del Ocho,7,41,TV Series,7.0,7,8.7,12455,30.0,"Comedy ,Family",35.0,15.0,1979.0
174,El Chavo del Ocho,7,42,TV Series,7.0,7,8.7,12455,30.0,"Comedy ,Family",35.0,15.0,1979.0
174,El Chavo del Ocho,7,10,TV Series,7.5,15,8.7,12455,30.0,"Comedy ,Family",35.0,15.0,1972.0
174,El Chavo del Ocho,7,11,TV Series,7.7,10,8.7,12455,30.0,"Comedy ,Family",6.0,3.0,1972.0
174,El Chavo del Ocho,7,12,TV Series,7.5,9,8.7,12455,30.0,"Comedy ,Family",7.0,3.0,1972.0
174,El Chavo del Ocho,7,13,TV Series,7.8,10,8.7,12455,30.0,"Comedy ,Family",7.0,3.0,1972.0
174,El Chavo del Ocho,7,15,TV Series,6.8,10,8.7,12455,30.0,"Comedy ,Family",8.0,12.0,1974.0
174,El Chavo del Ocho,8,60,TV Series,8.0,10,8.7,12455,30.0,"Comedy ,Family",19.0,10.0,1976.0
174,El Chavo del Ocho,7,49,TV Series,7.8,11,8.7,12455,30.0,"Comedy ,Family",35.0,15.0,1976.0
174,El Chavo del Ocho,Unknown,Unknown,TV Series,7.3,7,8.7,12455,30.0,"Comedy ,Family",23.0,4.0,1973.0
174,El Chavo del Ocho,Unknown,Unknown,TV Series,7.0,9,8.7,12455,30.0,"Comedy ,Family",13.0,1.0,1975.0
174,El Chavo del Ocho,Unknown,Unknown,TV Series,6.6,7,8.7,12455,30.0,"Comedy ,Family",20.0,1.0,1975.0
174,El Chavo del Ocho,8,4,TV Series,7.8,29,8.7,12455,30.0,"Comedy ,Family",35.0,15.0,1972.0
174,El Chavo del Ocho,8,5,TV Series,7.3,26,8.7,12455,30.0,"Comedy ,Family",35.0,15.0,1972.0
174,El Chavo del Ocho,8,6,TV Series,7.6,26,8.7,12455,30.0,"Comedy ,Family",35.0,15.0,1973.0
174,El Chavo del Ocho,8,7,TV Series,7.7,27,8.7,12455,30.0,"Comedy ,Family",35.0,15.0,1972.0
174,El Chavo del Ocho,8,8,TV Series,9.1,33,8.7,12455,30.0,"Comedy ,Family",5.0,3.0,1972.0
174,El Chavo del Ocho,8,9,TV Series,8.2,26,8.7,12455,30.0,"Comedy ,Family",26.0,3.0,1979.0
174,El Chavo del Ocho,7,27,TV Series,8.1,29,8.7,12455,30.0,"Comedy ,Family",25.0,6.0,1979.0
174,El Chavo del Ocho,7,28,TV Series,7.1,8,8.7,12455,30.0,"Comedy ,Family",35.0,15.0,1979.0
174,El Chavo del Ocho,7,29,TV Series,7.8,9,8.7,12455,30.0,"Comedy ,Family",35.0,15.0,1979.0
174,El Chavo del Ocho,7,30,TV Series,7.0,7,8.7,12455,30.0,"Comedy ,Family",35.0,15.0,1979.0
174,El Chavo del Ocho,7,31,TV Series,7.2,7,8.7,12455,30.0,"Comedy ,Family",35.0,15.0,1979.0
174,El Chavo del Ocho,Unknown,Unknown,TV Series,7.6,9,8.7,12455,30.0,"Comedy ,Family",27.0,6.0,1977.0
174,El Chavo del Ocho,8,23,TV Series,7.6,10,8.7,12455,30.0,"Comedy ,Family",2.0,10.0,1972.0
174,El Chavo del Ocho,Unknown,Unknown,TV Series,7.6,9,8.7,12455,30.0,"Comedy ,Family",11.0,7.0,1977.0
174,El Chavo del Ocho,Unknown,Unknown,TV Series,8.4,9,8.7,12455,30.0,"Comedy ,Family",6.0,3.0,1978.0
174,El Chavo del Ocho,Unknown,Unknown,TV Series,8.8,11,8.7,12455,30.0,"Comedy ,Family",13.0,3.0,1978.0
174,El Chavo del Ocho,8,27,TV Series,7.6,8,8.7,12455,30.0,"Comedy ,Family",11.0,9.0,1972.0
174,El Chavo del Ocho,8,28,TV Series,7.9,11,8.7,12455,30.0,"Comedy ,Family",11.0,4.0,1977.0
174,El Chavo del Ocho,8,29,TV Series,7.7,11,8.7,12455,30.0,"Comedy ,Family",27.0,10.0,1982.0
174,El Chavo del Ocho,8,30,TV Series,7.3,8,8.7,12455,30.0,"Comedy ,Family",25.0,10.0,1983.0
174,El Chavo del Ocho,8,52,TV Series,7.6,9,8.7,12455,30.0,"Comedy ,Family",19.0,10.0,1976.0
174,El Chavo del Ocho,8,53,TV Series,7.4,10,8.7,12455,30.0,"Comedy ,Family",11.0,10.0,1975.0
174,El Chavo del Ocho,7,43,TV Series,7.0,7,8.7,12455,30.0,"Comedy ,Family",35.0,15.0,1979.0
174,El Chavo del Ocho,7,44,TV Series,6.8,7,8.7,12455,30.0,"Comedy ,Family",35.0,15.0,1979.0
174,El Chavo del Ocho,7,45,TV Series,6.6,6,8.7,12455,30.0,"Comedy ,Family",35.0,15.0,1979.0
174,El Chavo del Ocho,7,46,TV Series,6.6,6,8.7,12455,30.0,"Comedy ,Family",35.0,15.0,1979.0
174,El Chavo del Ocho,7,47,TV Series,6.6,6,8.7,12455,30.0,"Comedy ,Family",35.0,15.0,1979.0
174,El Chavo del Ocho,Unknown,Unknown,TV Series,6.2,6,8.7,12455,30.0,"Comedy ,Family",4.0,6.0,1979.0
174,El Chavo del Ocho,Unknown,Unknown,TV Series,9.1,9,8.7,12455,30.0,"Comedy ,Family",16.0,4.0,1973.0
174,El Chavo del Ocho,Unknown,Unknown,TV Series,6.8,7,8.7,12455,30.0,"Comedy ,Family",18.0,6.0,1979.0
174,El Chavo del Ocho,Unknown,Unknown,TV Series,7.2,6,8.7,12455,30.0,"Comedy ,Family",9.0,7.0,1979.0
174,El Chavo del Ocho,Unknown,Unknown,TV Series,6.8,6,8.7,12455,30.0,"Comedy ,Family",16.0,7.0,1979.0
174,El Chavo del Ocho,Unknown,Unknown,TV Series,7.8,0,8.7,12455,30.0,"Comedy ,Family",27.0,1.0,1975.0
174,El Chavo del Ocho,Unknown,Unknown,TV Series,6.6,6,8.7,12455,30.0,"Comedy ,Family",31.0,3.0,1975.0
174,El Chavo del Ocho,Unknown,Unknown,TV Series,7.4,10,8.7,12455,30.0,"Comedy ,Family",21.0,4.0,1975.0
174,El Chavo del Ocho,Unknown,Unknown,TV Series,7.8,0,8.7,12455,30.0,"Comedy ,Family",25.0,8.0,1975.0
174,El Chavo del Ocho,Unknown,Unknown,TV Series,7.0,7,8.7,12455,30.0,"Comedy ,Family",8.0,9.0,1975.0
174,El Chavo del Ocho,Unknown,Unknown,TV Series,7.8,0,8.7,12455,30.0,"Comedy ,Family",28.0,6.0,1976.0
174,El Chavo del Ocho,8,10,TV Series,8.0,11,8.7,12455,30.0,"Comedy ,Family",30.0,12.0,1981.0
174,El Chavo del Ocho,8,11,TV Series,8.4,23,8.7,12455,30.0,"Comedy ,Family",14.0,10.0,1974.0
174,El Chavo del Ocho,8,12,TV Series,8.4,27,8.7,12455,30.0,"Comedy ,Family",2.0,7.0,1979.0
174,El Chavo del Ocho,8,20,TV Series,8.6,27,8.7,12455,30.0,"Comedy ,Family",10.0,2.0,1975.0
174,El Chavo del Ocho,8,21,TV Series,7.2,14,8.7,12455,30.0,"Comedy ,Family",6.0,8.0,1979.0
174,El Chavo del Ocho,Unknown,Unknown,TV Series,6.6,6,8.7,12455,30.0,"Comedy ,Family",10.0,12.0,1979.0
174,El Chavo del Ocho,Unknown,Unknown,TV Series,7.1,8,8.7,12455,30.0,"Comedy ,Family",4.0,7.0,1977.0
174,El Chavo del Ocho,Unknown,Unknown,TV Series,7.3,7,8.7,12455,30.0,"Comedy ,Family",24.0,12.0,1979.0
174,El Chavo del Ocho,Unknown,Unknown,TV Series,8.9,12,8.7,12455,30.0,"Comedy ,Family",20.0,3.0,1978.0
174,El Chavo del Ocho,Unknown,Unknown,TV Series,7.5,7,8.7,12455,30.0,"Comedy ,Family",26.0,6.0,1978.0
174,El Chavo del Ocho,Unknown,Unknown,TV Series,7.5,7,8.7,12455,30.0,"Comedy ,Family",10.0,7.0,1978.0
175,The Bureau,4,3,TV Series,8.2,203,8.7,13881,52.0,"Drama ,Thriller",29.0,10.0,2018.0
175,The Bureau,4,4,TV Series,8.0,201,8.7,13881,52.0,"Drama ,Thriller",29.0,10.0,2018.0
175,The Bureau,1,3,TV Series,7.7,287,8.7,13881,52.0,"Drama ,Thriller",4.0,5.0,2015.0
175,The Bureau,1,4,TV Series,7.9,284,8.7,13881,52.0,"Drama ,Thriller",4.0,5.0,2015.0
175,The Bureau,1,5,TV Series,7.9,280,8.7,13881,52.0,"Drama ,Thriller",11.0,5.0,2015.0
175,The Bureau,1,6,TV Series,8.1,262,8.7,13881,52.0,"Drama ,Thriller",11.0,5.0,2015.0
175,The Bureau,1,7,TV Series,8.0,256,8.7,13881,52.0,"Drama ,Thriller",18.0,5.0,2015.0
175,The Bureau,1,8,TV Series,8.1,259,8.7,13881,52.0,"Drama ,Thriller",18.0,5.0,2015.0
175,The Bureau,5,6,TV Series,7.9,193,8.7,13881,52.0,"Drama ,Thriller",20.0,4.0,2020.0
175,The Bureau,4,6,TV Series,8.0,193,8.7,13881,52.0,"Drama ,Thriller",5.0,11.0,2018.0
175,The Bureau,4,7,TV Series,8.0,188,8.7,13881,52.0,"Drama ,Thriller",12.0,11.0,2018.0
175,The Bureau,5,7,TV Series,8.2,203,8.7,13881,52.0,"Drama ,Thriller",27.0,4.0,2020.0
175,The Bureau,5,8,TV Series,8.8,258,8.7,13881,52.0,"Drama ,Thriller",27.0,4.0,2020.0
175,The Bureau,5,9,TV Series,7.6,255,8.7,13881,52.0,"Drama ,Thriller",4.0,5.0,2020.0
175,The Bureau,5,10,TV Series,7.4,301,8.7,13881,52.0,"Drama ,Thriller",4.0,5.0,2020.0
175,The Bureau,2,9,TV Series,8.5,212,8.7,13881,52.0,"Drama ,Thriller",6.0,6.0,2016.0
175,The Bureau,2,10,TV Series,8.9,239,8.7,13881,52.0,"Drama ,Thriller",6.0,6.0,2016.0
175,The Bureau,3,1,TV Series,7.9,227,8.7,13881,52.0,"Drama ,Thriller",22.0,5.0,2017.0
175,The Bureau,3,2,TV Series,7.9,206,8.7,13881,52.0,"Drama ,Thriller",22.0,5.0,2017.0
175,The Bureau,3,3,TV Series,7.9,206,8.7,13881,52.0,"Drama ,Thriller",29.0,5.0,2017.0
175,The Bureau,3,4,TV Series,8.0,201,8.7,13881,52.0,"Drama ,Thriller",29.0,5.0,2017.0
175,The Bureau,5,5,TV Series,7.6,188,8.7,13881,52.0,"Drama ,Thriller",20.0,4.0,2020.0
175,The Bureau,2,4,TV Series,8.0,204,8.7,13881,52.0,"Drama ,Thriller",16.0,5.0,2016.0
175,The Bureau,1,2,TV Series,7.6,313,8.7,13881,52.0,"Drama ,Thriller",27.0,4.0,2015.0
175,The Bureau,2,6,TV Series,8.3,210,8.7,13881,52.0,"Drama ,Thriller",23.0,5.0,2016.0
175,The Bureau,2,7,TV Series,8.0,202,8.7,13881,52.0,"Drama ,Thriller",30.0,5.0,2016.0
175,The Bureau,3,10,TV Series,9.0,295,8.7,13881,52.0,"Drama ,Thriller",19.0,6.0,2017.0
175,The Bureau,2,8,TV Series,8.0,196,8.7,13881,52.0,"Drama ,Thriller",30.0,5.0,2016.0
175,The Bureau,4,5,TV Series,8.1,197,8.7,13881,52.0,"Drama ,Thriller",5.0,11.0,2018.0
175,The Bureau,4,9,TV Series,8.5,196,8.7,13881,52.0,"Drama ,Thriller",19.0,11.0,2018.0
175,The Bureau,4,10,TV Series,8.7,264,8.7,13881,52.0,"Drama ,Thriller",19.0,11.0,2018.0
175,The Bureau,1,9,TV Series,8.0,252,8.7,13881,52.0,"Drama ,Thriller",25.0,5.0,2015.0
175,The Bureau,1,10,TV Series,8.3,269,8.7,13881,52.0,"Drama ,Thriller",25.0,5.0,2015.0
175,The Bureau,2,1,TV Series,7.8,232,8.7,13881,52.0,"Drama ,Thriller",9.0,5.0,2016.0
175,The Bureau,2,2,TV Series,8.0,218,8.7,13881,52.0,"Drama ,Thriller",9.0,5.0,2016.0
175,The Bureau,2,3,TV Series,8.0,218,8.7,13881,52.0,"Drama ,Thriller",16.0,5.0,2016.0
175,The Bureau,3,5,TV Series,8.5,216,8.7,13881,52.0,"Drama ,Thriller",5.0,6.0,2017.0
175,The Bureau,3,6,TV Series,8.1,206,8.7,13881,52.0,"Drama ,Thriller",5.0,6.0,2017.0
175,The Bureau,3,7,TV Series,8.4,205,8.7,13881,52.0,"Drama ,Thriller",12.0,6.0,2017.0
175,The Bureau,3,8,TV Series,8.5,212,8.7,13881,52.0,"Drama ,Thriller",12.0,6.0,2017.0
175,The Bureau,3,9,TV Series,8.5,206,8.7,13881,52.0,"Drama ,Thriller",19.0,6.0,2017.0
175,The Bureau,5,1,TV Series,7.7,219,8.7,13881,52.0,"Drama ,Thriller",6.0,4.0,2020.0
175,The Bureau,5,2,TV Series,7.8,195,8.7,13881,52.0,"Drama ,Thriller",6.0,4.0,2020.0
175,The Bureau,4,8,TV Series,8.1,193,8.7,13881,52.0,"Drama ,Thriller",12.0,11.0,2018.0
175,The Bureau,4,2,TV Series,8.1,206,8.7,13881,52.0,"Drama ,Thriller",22.0,10.0,2018.0
175,The Bureau,5,3,TV Series,7.9,189,8.7,13881,52.0,"Drama ,Thriller",13.0,4.0,2020.0
175,The Bureau,5,4,TV Series,7.8,188,8.7,13881,52.0,"Drama ,Thriller",13.0,4.0,2020.0
175,The Bureau,2,5,TV Series,8.5,215,8.7,13881,52.0,"Drama ,Thriller",23.0,5.0,2016.0
175,The Bureau,1,1,TV Series,7.4,386,8.7,13881,52.0,"Drama ,Thriller",14.0,12.0,2016.0
175,The Bureau,4,1,TV Series,8.1,225,8.7,13881,52.0,"Drama ,Thriller",22.0,10.0,2018.0
176,Homicide: Life on the Street,3,3,TV Series,8.2,170,8.7,14027,60.0,"Crime ,Drama ,Mystery",28.0,10.0,1994.0
176,Homicide: Life on the Street,3,19,TV Series,8.7,176,8.7,14027,60.0,"Crime ,Drama ,Mystery",28.0,4.0,1995.0
176,Homicide: Life on the Street,1,1,TV Series,8.1,341,8.7,14027,60.0,"Crime ,Drama ,Mystery",31.0,1.0,1993.0
176,Homicide: Life on the Street,1,2,TV Series,8.0,263,8.7,14027,60.0,"Crime ,Drama ,Mystery",3.0,2.0,1993.0
176,Homicide: Life on the Street,1,3,TV Series,7.8,231,8.7,14027,60.0,"Crime ,Drama ,Mystery",10.0,2.0,1993.0
176,Homicide: Life on the Street,3,4,TV Series,7.9,155,8.7,14027,60.0,"Crime ,Drama ,Mystery",11.0,11.0,1994.0
176,Homicide: Life on the Street,3,7,TV Series,7.5,164,8.7,14027,60.0,"Crime ,Drama ,Mystery",9.0,12.0,1994.0
176,Homicide: Life on the Street,3,6,TV Series,9.0,230,8.7,14027,60.0,"Crime ,Drama ,Mystery",2.0,12.0,1994.0
176,Homicide: Life on the Street,3,2,TV Series,7.8,156,8.7,14027,60.0,"Crime ,Drama ,Mystery",21.0,10.0,1994.0
176,Homicide: Life on the Street,4,15,TV Series,8.6,145,8.7,14027,60.0,"Crime ,Drama ,Mystery",15.0,3.0,1996.0
176,Homicide: Life on the Street,3,1,TV Series,7.9,162,8.7,14027,60.0,"Crime ,Drama ,Mystery",14.0,10.0,1994.0
176,Homicide: Life on the Street,2,4,TV Series,8.2,198,8.7,14027,60.0,"Crime ,Drama ,Mystery",27.0,1.0,1994.0
176,Homicide: Life on the Street,1,6,TV Series,7.7,215,8.7,14027,60.0,"Crime ,Drama ,Mystery",10.0,3.0,1993.0
176,Homicide: Life on the Street,2,3,TV Series,9.0,241,8.7,14027,60.0,"Crime ,Drama ,Mystery",20.0,1.0,1994.0
176,Homicide: Life on the Street,1,4,TV Series,7.9,222,8.7,14027,60.0,"Crime ,Drama ,Mystery",24.0,2.0,1993.0
176,Homicide: Life on the Street,1,5,TV Series,9.5,492,8.7,14027,60.0,"Crime ,Drama ,Mystery",3.0,3.0,1993.0
176,Homicide: Life on the Street,3,8,TV Series,7.9,150,8.7,14027,60.0,"Crime ,Drama ,Mystery",16.0,12.0,1994.0
176,Homicide: Life on the Street,3,9,TV Series,8.9,198,8.7,14027,60.0,"Crime ,Drama ,Mystery",6.0,1.0,1995.0
176,Homicide: Life on the Street,3,5,TV Series,7.7,140,8.7,14027,60.0,"Crime ,Drama ,Mystery",18.0,11.0,1994.0
176,Homicide: Life on the Street,1,8,TV Series,7.8,222,8.7,14027,60.0,"Crime ,Drama ,Mystery",24.0,3.0,1993.0
176,Homicide: Life on the Street,1,7,TV Series,8.1,201,8.7,14027,60.0,"Crime ,Drama ,Mystery",17.0,3.0,1993.0
176,Homicide: Life on the Street,4,5,TV Series,8.1,141,8.7,14027,60.0,"Crime ,Drama ,Mystery",17.0,11.0,1995.0
176,Homicide: Life on the Street,4,4,TV Series,8.4,151,8.7,14027,60.0,"Crime ,Drama ,Mystery",10.0,11.0,1995.0
176,Homicide: Life on the Street,4,3,TV Series,7.8,136,8.7,14027,60.0,"Crime ,Drama ,Mystery",3.0,11.0,1995.0
176,Homicide: Life on the Street,4,2,TV Series,8.2,143,8.7,14027,60.0,"Crime ,Drama ,Mystery",27.0,10.0,1995.0
176,Homicide: Life on the Street,4,1,TV Series,8.0,143,8.7,14027,60.0,"Crime ,Drama ,Mystery",20.0,10.0,1995.0
176,Homicide: Life on the Street,3,20,TV Series,8.5,176,8.7,14027,60.0,"Crime ,Drama ,Mystery",5.0,5.0,1995.0
176,Homicide: Life on the Street,5,9,TV Series,7.9,123,8.7,14027,60.0,"Crime ,Drama ,Mystery",6.0,12.0,1996.0
176,Homicide: Life on the Street,3,18,TV Series,8.1,139,8.7,14027,60.0,"Crime ,Drama ,Mystery",21.0,4.0,1995.0
176,Homicide: Life on the Street,3,17,TV Series,8.0,141,8.7,14027,60.0,"Crime ,Drama ,Mystery",14.0,4.0,1995.0
176,Homicide: Life on the Street,3,16,TV Series,7.9,144,8.7,14027,60.0,"Crime ,Drama ,Mystery",3.0,3.0,1995.0
176,Homicide: Life on the Street,3,15,TV Series,8.1,160,8.7,14027,60.0,"Crime ,Drama ,Mystery",24.0,2.0,1995.0
176,Homicide: Life on the Street,4,11,TV Series,7.8,132,8.7,14027,60.0,"Crime ,Drama ,Mystery",2.0,2.0,1996.0
176,Homicide: Life on the Street,4,12,TV Series,8.0,164,8.7,14027,60.0,"Crime ,Drama ,Mystery",9.0,2.0,1996.0
176,Homicide: Life on the Street,4,13,TV Series,8.2,137,8.7,14027,60.0,"Crime ,Drama ,Mystery",16.0,2.0,1996.0
176,Homicide: Life on the Street,4,14,TV Series,8.2,136,8.7,14027,60.0,"Crime ,Drama ,Mystery",23.0,2.0,1996.0
176,Homicide: Life on the Street,6,3,TV Series,8.4,114,8.7,14027,60.0,"Crime ,Drama ,Mystery",31.0,10.0,1997.0
176,Homicide: Life on the Street,4,16,TV Series,8.3,139,8.7,14027,60.0,"Crime ,Drama ,Mystery",29.0,3.0,1996.0
176,Homicide: Life on the Street,4,17,TV Series,8.4,167,8.7,14027,60.0,"Crime ,Drama ,Mystery",5.0,4.0,1996.0
176,Homicide: Life on the Street,4,18,TV Series,7.8,131,8.7,14027,60.0,"Crime ,Drama ,Mystery",12.0,4.0,1996.0
176,Homicide: Life on the Street,4,19,TV Series,7.3,120,8.7,14027,60.0,"Crime ,Drama ,Mystery",26.0,4.0,1996.0
176,Homicide: Life on the Street,4,20,TV Series,8.5,140,8.7,14027,60.0,"Crime ,Drama ,Mystery",3.0,5.0,1996.0
176,Homicide: Life on the Street,4,21,TV Series,7.9,133,8.7,14027,60.0,"Crime ,Drama ,Mystery",10.0,5.0,1996.0
176,Homicide: Life on the Street,3,10,TV Series,8.0,154,8.7,14027,60.0,"Crime ,Drama ,Mystery",13.0,1.0,1995.0
176,Homicide: Life on the Street,3,11,TV Series,8.1,147,8.7,14027,60.0,"Crime ,Drama ,Mystery",20.0,1.0,1995.0
176,Homicide: Life on the Street,1,9,TV Series,8.5,249,8.7,14027,60.0,"Crime ,Drama ,Mystery",31.0,3.0,1993.0
176,Homicide: Life on the Street,2,1,TV Series,8.8,292,8.7,14027,60.0,"Crime ,Drama ,Mystery",6.0,1.0,1994.0
176,Homicide: Life on the Street,2,2,TV Series,8.1,190,8.7,14027,60.0,"Crime ,Drama ,Mystery",13.0,1.0,1994.0
176,Homicide: Life on the Street,3,13,TV Series,8.8,164,8.7,14027,60.0,"Crime ,Drama ,Mystery",3.0,2.0,1995.0
176,Homicide: Life on the Street,3,12,TV Series,9.2,182,8.7,14027,60.0,"Crime ,Drama ,Mystery",27.0,1.0,1995.0
176,Homicide: Life on the Street,3,14,TV Series,9.1,185,8.7,14027,60.0,"Crime ,Drama ,Mystery",10.0,2.0,1995.0
176,Homicide: Life on the Street,4,7,TV Series,7.9,148,8.7,14027,60.0,"Crime ,Drama ,Mystery",8.0,12.0,1995.0
176,Homicide: Life on the Street,4,6,TV Series,9.1,193,8.7,14027,60.0,"Crime ,Drama ,Mystery",1.0,12.0,1995.0
176,Homicide: Life on the Street,5,15,TV Series,7.3,128,8.7,14027,60.0,"Crime ,Drama ,Mystery",7.0,2.0,1997.0
176,Homicide: Life on the Street,5,14,TV Series,7.2,115,8.7,14027,60.0,"Crime ,Drama ,Mystery",31.0,1.0,1997.0
176,Homicide: Life on the Street,5,13,TV Series,8.3,140,8.7,14027,60.0,"Crime ,Drama ,Mystery",17.0,1.0,1997.0
176,Homicide: Life on the Street,5,12,TV Series,8.1,129,8.7,14027,60.0,"Crime ,Drama ,Mystery",10.0,1.0,1997.0
176,Homicide: Life on the Street,5,11,TV Series,8.0,148,8.7,14027,60.0,"Crime ,Drama ,Mystery",3.0,1.0,1997.0
176,Homicide: Life on the Street,5,10,TV Series,8.0,127,8.7,14027,60.0,"Crime ,Drama ,Mystery",13.0,12.0,1996.0
176,Homicide: Life on the Street,6,19,TV Series,8.3,92,8.7,14027,60.0,"Crime ,Drama ,Mystery",10.0,4.0,1998.0
176,Homicide: Life on the Street,5,8,TV Series,7.9,135,8.7,14027,60.0,"Crime ,Drama ,Mystery",22.0,11.0,1996.0
176,Homicide: Life on the Street,5,7,TV Series,7.8,137,8.7,14027,60.0,"Crime ,Drama ,Mystery",15.0,11.0,1996.0
176,Homicide: Life on the Street,5,6,TV Series,7.4,119,8.7,14027,60.0,"Crime ,Drama ,Mystery",8.0,11.0,1996.0
176,Homicide: Life on the Street,5,5,TV Series,7.3,119,8.7,14027,60.0,"Crime ,Drama ,Mystery",1.0,11.0,1996.0
176,Homicide: Life on the Street,6,15,TV Series,8.1,101,8.7,14027,60.0,"Crime ,Drama ,Mystery",13.0,3.0,1998.0
176,Homicide: Life on the Street,6,16,TV Series,7.9,104,8.7,14027,60.0,"Crime ,Drama ,Mystery",20.0,3.0,1998.0
176,Homicide: Life on the Street,6,17,TV Series,8.3,103,8.7,14027,60.0,"Crime ,Drama ,Mystery",27.0,3.0,1998.0
176,Homicide: Life on the Street,6,18,TV Series,8.4,107,8.7,14027,60.0,"Crime ,Drama ,Mystery",3.0,4.0,1998.0
176,Homicide: Life on the Street,6,20,TV Series,8.5,97,8.7,14027,60.0,"Crime ,Drama ,Mystery",17.0,4.0,1998.0
176,Homicide: Life on the Street,6,21,TV Series,8.9,133,8.7,14027,60.0,"Crime ,Drama ,Mystery",24.0,4.0,1998.0
176,Homicide: Life on the Street,6,22,TV Series,9.2,147,8.7,14027,60.0,"Crime ,Drama ,Mystery",1.0,5.0,1998.0
176,Homicide: Life on the Street,6,23,TV Series,9.3,142,8.7,14027,60.0,"Crime ,Drama ,Mystery",8.0,5.0,1998.0
176,Homicide: Life on the Street,5,17,TV Series,8.2,140,8.7,14027,60.0,"Crime ,Drama ,Mystery",21.0,2.0,1997.0
176,Homicide: Life on the Street,7,1,TV Series,7.7,103,8.7,14027,60.0,"Crime ,Drama ,Mystery",25.0,9.0,1998.0
176,Homicide: Life on the Street,7,2,TV Series,6.2,116,8.7,14027,60.0,"Crime ,Drama ,Mystery",16.0,10.0,1998.0
176,Homicide: Life on the Street,5,16,TV Series,7.1,111,8.7,14027,60.0,"Crime ,Drama ,Mystery",14.0,2.0,1997.0
176,Homicide: Life on the Street,5,19,TV Series,8.7,124,8.7,14027,60.0,"Crime ,Drama ,Mystery",25.0,4.0,1997.0
176,Homicide: Life on the Street,4,8,TV Series,8.2,137,8.7,14027,60.0,"Crime ,Drama ,Mystery",5.0,1.0,1996.0
176,Homicide: Life on the Street,4,9,TV Series,8.3,138,8.7,14027,60.0,"Crime ,Drama ,Mystery",12.0,1.0,1996.0
176,Homicide: Life on the Street,4,10,TV Series,8.0,145,8.7,14027,60.0,"Crime ,Drama ,Mystery",19.0,1.0,1996.0
176,Homicide: Life on the Street,5,21,TV Series,7.7,114,8.7,14027,60.0,"Crime ,Drama ,Mystery",9.0,5.0,1997.0
176,Homicide: Life on the Street,5,22,TV Series,7.7,114,8.7,14027,60.0,"Crime ,Drama ,Mystery",16.0,5.0,1997.0
176,Homicide: Life on the Street,6,1,TV Series,8.6,115,8.7,14027,60.0,"Crime ,Drama ,Mystery",17.0,10.0,1997.0
176,Homicide: Life on the Street,6,2,TV Series,8.5,107,8.7,14027,60.0,"Crime ,Drama ,Mystery",24.0,10.0,1997.0
176,Homicide: Life on the Street,7,12,TV Series,8.1,92,8.7,14027,60.0,"Crime ,Drama ,Mystery",29.0,1.0,1999.0
176,Homicide: Life on the Street,6,4,TV Series,8.1,100,8.7,14027,60.0,"Crime ,Drama ,Mystery",7.0,11.0,1997.0
176,Homicide: Life on the Street,6,5,TV Series,8.0,150,8.7,14027,60.0,"Crime ,Drama ,Mystery",14.0,11.0,1997.0
176,Homicide: Life on the Street,6,6,TV Series,8.4,118,8.7,14027,60.0,"Crime ,Drama ,Mystery",21.0,11.0,1997.0
176,Homicide: Life on the Street,6,7,TV Series,9.6,514,8.7,14027,60.0,"Crime ,Drama ,Mystery",5.0,12.0,1997.0
176,Homicide: Life on the Street,6,8,TV Series,8.2,119,8.7,14027,60.0,"Crime ,Drama ,Mystery",12.0,12.0,1997.0
176,Homicide: Life on the Street,6,9,TV Series,8.3,101,8.7,14027,60.0,"Crime ,Drama ,Mystery",2.0,1.0,1998.0
176,Homicide: Life on the Street,4,22,TV Series,8.3,125,8.7,14027,60.0,"Crime ,Drama ,Mystery",17.0,5.0,1996.0
176,Homicide: Life on the Street,5,1,TV Series,8.0,125,8.7,14027,60.0,"Crime ,Drama ,Mystery",20.0,9.0,1996.0
176,Homicide: Life on the Street,5,2,TV Series,7.2,120,8.7,14027,60.0,"Crime ,Drama ,Mystery",27.0,9.0,1996.0
176,Homicide: Life on the Street,5,3,TV Series,8.3,145,8.7,14027,60.0,"Crime ,Drama ,Mystery",18.0,10.0,1996.0
176,Homicide: Life on the Street,5,4,TV Series,7.9,127,8.7,14027,60.0,"Crime ,Drama ,Mystery",25.0,10.0,1996.0
176,Homicide: Life on the Street,6,11,TV Series,8.2,101,8.7,14027,60.0,"Crime ,Drama ,Mystery",16.0,1.0,1998.0
176,Homicide: Life on the Street,7,9,TV Series,8.7,110,8.7,14027,60.0,"Crime ,Drama ,Mystery",11.0,12.0,1998.0
176,Homicide: Life on the Street,7,10,TV Series,8.2,95,8.7,14027,60.0,"Crime ,Drama ,Mystery",8.0,1.0,1999.0
176,Homicide: Life on the Street,7,11,TV Series,8.2,100,8.7,14027,60.0,"Crime ,Drama ,Mystery",15.0,1.0,1999.0
176,Homicide: Life on the Street,7,13,TV Series,7.2,100,8.7,14027,60.0,"Crime ,Drama ,Mystery",5.0,2.0,1999.0
176,Homicide: Life on the Street,7,14,TV Series,7.7,94,8.7,14027,60.0,"Crime ,Drama ,Mystery",12.0,2.0,1999.0
176,Homicide: Life on the Street,7,15,TV Series,7.5,110,8.7,14027,60.0,"Crime ,Drama ,Mystery",19.0,2.0,1999.0
176,Homicide: Life on the Street,7,16,TV Series,8.2,92,8.7,14027,60.0,"Crime ,Drama ,Mystery",26.0,3.0,1999.0
176,Homicide: Life on the Street,6,13,TV Series,8.6,100,8.7,14027,60.0,"Crime ,Drama ,Mystery",30.0,1.0,1998.0
176,Homicide: Life on the Street,7,17,TV Series,7.9,92,8.7,14027,60.0,"Crime ,Drama ,Mystery",2.0,4.0,1999.0
176,Homicide: Life on the Street,7,18,TV Series,8.3,92,8.7,14027,60.0,"Crime ,Drama ,Mystery",9.0,4.0,1999.0
176,Homicide: Life on the Street,6,10,TV Series,8.2,95,8.7,14027,60.0,"Crime ,Drama ,Mystery",9.0,1.0,1998.0
176,Homicide: Life on the Street,6,14,TV Series,8.0,99,8.7,14027,60.0,"Crime ,Drama ,Mystery",6.0,3.0,1998.0
176,Homicide: Life on the Street,5,18,TV Series,8.1,124,8.7,14027,60.0,"Crime ,Drama ,Mystery",11.0,4.0,1997.0
176,Homicide: Life on the Street,5,20,TV Series,7.7,118,8.7,14027,60.0,"Crime ,Drama ,Mystery",2.0,5.0,1997.0
176,Homicide: Life on the Street,7,8,TV Series,8.5,105,8.7,14027,60.0,"Crime ,Drama ,Mystery",4.0,12.0,1998.0
176,Homicide: Life on the Street,6,12,TV Series,8.1,101,8.7,14027,60.0,"Crime ,Drama ,Mystery",30.0,1.0,1998.0
176,Homicide: Life on the Street,7,21,TV Series,7.5,88,8.7,14027,60.0,"Crime ,Drama ,Mystery",14.0,5.0,1999.0
176,Homicide: Life on the Street,7,22,TV Series,8.8,121,8.7,14027,60.0,"Crime ,Drama ,Mystery",21.0,5.0,1999.0
176,Homicide: Life on the Street,7,3,TV Series,7.5,97,8.7,14027,60.0,"Crime ,Drama ,Mystery",23.0,10.0,1998.0
176,Homicide: Life on the Street,7,7,TV Series,8.0,89,8.7,14027,60.0,"Crime ,Drama ,Mystery",20.0,11.0,1998.0
176,Homicide: Life on the Street,7,6,TV Series,8.1,93,8.7,14027,60.0,"Crime ,Drama ,Mystery",13.0,11.0,1998.0
176,Homicide: Life on the Street,7,5,TV Series,7.9,93,8.7,14027,60.0,"Crime ,Drama ,Mystery",6.0,11.0,1998.0
176,Homicide: Life on the Street,7,19,TV Series,8.2,90,8.7,14027,60.0,"Crime ,Drama ,Mystery",30.0,4.0,1999.0
176,Homicide: Life on the Street,7,20,TV Series,8.7,126,8.7,14027,60.0,"Crime ,Drama ,Mystery",7.0,5.0,1999.0
176,Homicide: Life on the Street,7,4,TV Series,7.8,108,8.7,14027,60.0,"Crime ,Drama ,Mystery",30.0,10.0,1998.0
177,What We Do in the Shadows,3,2,TV Series,8.4,2092,8.6,100298,30.0,"Comedy ,Fantasy ,Horror",2.0,9.0,2021.0
177,What We Do in the Shadows,1,6,TV Series,8.8,3182,8.6,100298,30.0,"Comedy ,Fantasy ,Horror",1.0,5.0,2019.0
177,What We Do in the Shadows,4,8,TV Series,8.4,1612,8.6,100298,30.0,"Comedy ,Fantasy ,Horror",23.0,8.0,2022.0
177,What We Do in the Shadows,1,7,TV Series,9.3,4541,8.6,100298,30.0,"Comedy ,Fantasy ,Horror",8.0,5.0,2019.0
177,What We Do in the Shadows,1,8,TV Series,8.1,2471,8.6,100298,30.0,"Comedy ,Fantasy ,Horror",15.0,5.0,2019.0
177,What We Do in the Shadows,1,9,TV Series,7.8,2413,8.6,100298,30.0,"Comedy ,Fantasy ,Horror",22.0,5.0,2019.0
177,What We Do in the Shadows,3,10,TV Series,8.7,1838,8.6,100298,30.0,"Comedy ,Fantasy ,Horror",28.0,10.0,2021.0
177,What We Do in the Shadows,4,5,TV Series,8.5,1669,8.6,100298,30.0,"Comedy ,Fantasy ,Horror",2.0,8.0,2022.0
177,What We Do in the Shadows,4,6,TV Series,8.1,1346,8.6,100298,30.0,"Comedy ,Fantasy ,Horror",9.0,8.0,2022.0
177,What We Do in the Shadows,4,7,TV Series,8.0,1361,8.6,100298,30.0,"Comedy ,Fantasy ,Horror",16.0,8.0,2022.0
177,What We Do in the Shadows,4,9,TV Series,7.5,1317,8.6,100298,30.0,"Comedy ,Fantasy ,Horror",30.0,8.0,2022.0
177,What We Do in the Shadows,4,10,TV Series,8.2,1259,8.6,100298,30.0,"Comedy ,Fantasy ,Horror",6.0,9.0,2022.0
177,What We Do in the Shadows,5,1,TV Series,8.0,1222,8.6,100298,30.0,"Comedy ,Fantasy ,Horror",13.0,7.0,2023.0
177,What We Do in the Shadows,5,2,TV Series,8.0,1160,8.6,100298,30.0,"Comedy ,Fantasy ,Horror",13.0,7.0,2023.0
177,What We Do in the Shadows,2,4,TV Series,8.6,2357,8.6,100298,30.0,"Comedy ,Fantasy ,Horror",29.0,4.0,2020.0
177,What We Do in the Shadows,5,3,TV Series,8.6,1432,8.6,100298,30.0,"Comedy ,Fantasy ,Horror",20.0,7.0,2023.0
177,What We Do in the Shadows,5,4,TV Series,8.0,1155,8.6,100298,30.0,"Comedy ,Fantasy ,Horror",27.0,7.0,2023.0
177,What We Do in the Shadows,2,3,TV Series,8.1,2223,8.6,100298,30.0,"Comedy ,Fantasy ,Horror",22.0,4.0,2020.0
177,What We Do in the Shadows,2,6,TV Series,8.8,2947,8.6,100298,30.0,"Comedy ,Fantasy ,Horror",13.0,5.0,2020.0
177,What We Do in the Shadows,1,2,TV Series,7.8,3128,8.6,100298,30.0,"Comedy ,Fantasy ,Horror",3.0,4.0,2019.0
177,What We Do in the Shadows,1,4,TV Series,7.8,2764,8.6,100298,30.0,"Comedy ,Fantasy ,Horror",17.0,4.0,2019.0
177,What We Do in the Shadows,1,3,TV Series,8.1,3003,8.6,100298,30.0,"Comedy ,Fantasy ,Horror",10.0,4.0,2019.0
177,What We Do in the Shadows,2,1,TV Series,8.4,2391,8.6,100298,30.0,"Comedy ,Fantasy ,Horror",15.0,4.0,2020.0
177,What We Do in the Shadows,1,10,TV Series,8.4,2402,8.6,100298,30.0,"Comedy ,Fantasy ,Horror",29.0,5.0,2019.0
177,What We Do in the Shadows,2,2,TV Series,7.9,2283,8.6,100298,30.0,"Comedy ,Fantasy ,Horror",15.0,4.0,2020.0
177,What We Do in the Shadows,1,5,TV Series,8.0,2701,8.6,100298,30.0,"Comedy ,Fantasy ,Horror",24.0,4.0,2019.0
177,What We Do in the Shadows,2,8,TV Series,8.0,1953,8.6,100298,30.0,"Comedy ,Fantasy ,Horror",27.0,5.0,2020.0
177,What We Do in the Shadows,2,9,TV Series,8.1,2026,8.6,100298,30.0,"Comedy ,Fantasy ,Horror",3.0,6.0,2020.0
177,What We Do in the Shadows,2,10,TV Series,8.8,2158,8.6,100298,30.0,"Comedy ,Fantasy ,Horror",10.0,6.0,2020.0
177,What We Do in the Shadows,3,1,TV Series,8.1,1935,8.6,100298,30.0,"Comedy ,Fantasy ,Horror",2.0,9.0,2021.0
177,What We Do in the Shadows,3,8,TV Series,8.3,1830,8.6,100298,30.0,"Comedy ,Fantasy ,Horror",14.0,10.0,2021.0
177,What We Do in the Shadows,3,5,TV Series,7.5,1663,8.6,100298,30.0,"Comedy ,Fantasy ,Horror",23.0,9.0,2021.0
177,What We Do in the Shadows,3,4,TV Series,8.5,1967,8.6,100298,30.0,"Comedy ,Fantasy ,Horror",16.0,9.0,2021.0
177,What We Do in the Shadows,3,3,TV Series,7.6,1829,8.6,100298,30.0,"Comedy ,Fantasy ,Horror",9.0,9.0,2021.0
177,What We Do in the Shadows,3,6,TV Series,8.6,1981,8.6,100298,30.0,"Comedy ,Fantasy ,Horror",30.0,9.0,2021.0
177,What We Do in the Shadows,3,7,TV Series,7.7,1678,8.6,100298,30.0,"Comedy ,Fantasy ,Horror",7.0,10.0,2021.0
177,What We Do in the Shadows,1,1,TV Series,7.9,3648,8.6,100298,30.0,"Comedy ,Fantasy ,Horror",27.0,3.0,2019.0
177,What We Do in the Shadows,4,4,TV Series,8.1,1448,8.6,100298,30.0,"Comedy ,Fantasy ,Horror",26.0,7.0,2022.0
177,What We Do in the Shadows,3,9,TV Series,8.5,1702,8.6,100298,30.0,"Comedy ,Fantasy ,Horror",21.0,10.0,2021.0
177,What We Do in the Shadows,6,1,TV Series,7.7,0,8.6,100298,30.0,"Comedy ,Fantasy ,Horror",35.0,15.0,2024.0
177,What We Do in the Shadows,4,2,TV Series,7.8,1450,8.6,100298,30.0,"Comedy ,Fantasy ,Horror",12.0,7.0,2022.0
177,What We Do in the Shadows,4,3,TV Series,7.6,1391,8.6,100298,30.0,"Comedy ,Fantasy ,Horror",19.0,7.0,2022.0
177,What We Do in the Shadows,4,1,TV Series,7.6,1512,8.6,100298,30.0,"Comedy ,Fantasy ,Horror",12.0,7.0,2022.0
177,What We Do in the Shadows,5,8,TV Series,8.1,941,8.6,100298,30.0,"Comedy ,Fantasy ,Horror",24.0,8.0,2023.0
177,What We Do in the Shadows,5,7,TV Series,7.5,1041,8.6,100298,30.0,"Comedy ,Fantasy ,Horror",17.0,8.0,2023.0
177,What We Do in the Shadows,5,6,TV Series,8.5,1108,8.6,100298,30.0,"Comedy ,Fantasy ,Horror",10.0,8.0,2023.0
177,What We Do in the Shadows,5,9,TV Series,8.1,846,8.6,100298,30.0,"Comedy ,Fantasy ,Horror",31.0,8.0,2023.0
177,What We Do in the Shadows,5,5,TV Series,8.7,1338,8.6,100298,30.0,"Comedy ,Fantasy ,Horror",3.0,8.0,2023.0
177,What We Do in the Shadows,2,7,TV Series,7.9,2017,8.6,100298,30.0,"Comedy ,Fantasy ,Horror",20.0,5.0,2020.0
177,What We Do in the Shadows,5,10,TV Series,8.3,925,8.6,100298,30.0,"Comedy ,Fantasy ,Horror",31.0,8.0,2023.0
177,What We Do in the Shadows,2,5,TV Series,9.0,2852,8.6,100298,30.0,"Comedy ,Fantasy ,Horror",6.0,5.0,2020.0
178,Justice League,2,18,TV Series,8.3,629,8.6,51189,22.0,"Animation ,Action ,Adventure",22.0,11.0,2003.0
178,Justice League,2,17,TV Series,8.3,641,8.6,51189,22.0,"Animation ,Action ,Adventure",22.0,11.0,2003.0
178,Justice League,2,2,TV Series,8.5,705,8.6,51189,22.0,"Animation ,Action ,Adventure",5.0,7.0,2003.0
178,Justice League,2,19,TV Series,8.8,795,8.6,51189,22.0,"Animation ,Action ,Adventure",29.0,11.0,2003.0
178,Justice League,2,20,TV Series,9.1,872,8.6,51189,22.0,"Animation ,Action ,Adventure",29.0,11.0,2003.0
178,Justice League,2,1,TV Series,8.2,721,8.6,51189,22.0,"Animation ,Action ,Adventure",5.0,7.0,2003.0
178,Justice League,2,3,TV Series,8.2,683,8.6,51189,22.0,"Animation ,Action ,Adventure",4.0,10.0,2003.0
178,Justice League,2,26,TV Series,9.3,865,8.6,51189,22.0,"Animation ,Action ,Adventure",29.0,5.0,2004.0
178,Justice League,2,4,TV Series,8.4,689,8.6,51189,22.0,"Animation ,Action ,Adventure",4.0,10.0,2003.0
178,Justice League,2,23,TV Series,8.1,741,8.6,51189,22.0,"Animation ,Action ,Adventure",13.0,12.0,2003.0
178,Justice League,2,24,TV Series,8.7,769,8.6,51189,22.0,"Animation ,Action ,Adventure",29.0,5.0,2004.0
178,Justice League,1,26,TV Series,8.6,770,8.6,51189,22.0,"Animation ,Action ,Adventure",9.0,11.0,2002.0
178,Justice League,2,16,TV Series,8.2,653,8.6,51189,22.0,"Animation ,Action ,Adventure",15.0,11.0,2003.0
178,Justice League,1,4,TV Series,7.3,1005,8.6,51189,22.0,"Animation ,Action ,Adventure",19.0,11.0,2001.0
178,Justice League,1,5,TV Series,7.5,977,8.6,51189,22.0,"Animation ,Action ,Adventure",26.0,11.0,2001.0
178,Justice League,1,6,TV Series,7.6,924,8.6,51189,22.0,"Animation ,Action ,Adventure",3.0,12.0,2001.0
178,Justice League,1,3,TV Series,8.1,1150,8.6,51189,22.0,"Animation ,Action ,Adventure",17.0,11.0,2001.0
178,Justice League,1,19,TV Series,8.6,886,8.6,51189,22.0,"Animation ,Action ,Adventure",13.0,9.0,2002.0
178,Justice League,1,1,TV Series,7.9,1363,8.6,51189,22.0,"Animation ,Action ,Adventure",17.0,11.0,2001.0
178,Justice League,1,8,TV Series,7.5,881,8.6,51189,22.0,"Animation ,Action ,Adventure",21.0,1.0,2002.0
178,Justice League,1,7,TV Series,7.8,906,8.6,51189,22.0,"Animation ,Action ,Adventure",10.0,12.0,2001.0
178,Justice League,1,9,TV Series,7.7,872,8.6,51189,22.0,"Animation ,Action ,Adventure",28.0,1.0,2002.0
178,Justice League,1,2,TV Series,7.9,1165,8.6,51189,22.0,"Animation ,Action ,Adventure",17.0,11.0,2001.0
178,Justice League,2,9,TV Series,7.3,620,8.6,51189,22.0,"Animation ,Action ,Adventure",25.0,10.0,2003.0
178,Justice League,1,15,TV Series,7.5,755,8.6,51189,22.0,"Animation ,Action ,Adventure",14.0,4.0,2002.0
178,Justice League,1,17,TV Series,8.7,922,8.6,51189,22.0,"Animation ,Action ,Adventure",28.0,4.0,2002.0
178,Justice League,1,16,TV Series,8.4,917,8.6,51189,22.0,"Animation ,Action ,Adventure",21.0,4.0,2002.0
178,Justice League,1,22,TV Series,7.4,701,8.6,51189,22.0,"Animation ,Action ,Adventure",4.0,10.0,2002.0
178,Justice League,1,21,TV Series,7.7,723,8.6,51189,22.0,"Animation ,Action ,Adventure",27.0,9.0,2002.0
178,Justice League,1,20,TV Series,7.6,735,8.6,51189,22.0,"Animation ,Action ,Adventure",20.0,9.0,2002.0
178,Justice League,2,25,TV Series,8.9,735,8.6,51189,22.0,"Animation ,Action ,Adventure",29.0,5.0,2004.0
178,Justice League,1,18,TV Series,8.4,896,8.6,51189,22.0,"Animation ,Action ,Adventure",6.0,9.0,2002.0
178,Justice League,1,25,TV Series,8.3,752,8.6,51189,22.0,"Animation ,Action ,Adventure",9.0,11.0,2002.0
178,Justice League,1,23,TV Series,7.4,699,8.6,51189,22.0,"Animation ,Action ,Adventure",11.0,10.0,2002.0
178,Justice League,1,24,TV Series,8.5,781,8.6,51189,22.0,"Animation ,Action ,Adventure",9.0,11.0,2002.0
178,Justice League,2,5,TV Series,8.2,686,8.6,51189,22.0,"Animation ,Action ,Adventure",11.0,10.0,2003.0
178,Justice League,2,6,TV Series,8.6,706,8.6,51189,22.0,"Animation ,Action ,Adventure",11.0,10.0,2003.0
178,Justice League,2,7,TV Series,7.5,638,8.6,51189,22.0,"Animation ,Action ,Adventure",18.0,10.0,2003.0
178,Justice League,2,8,TV Series,7.7,643,8.6,51189,22.0,"Animation ,Action ,Adventure",18.0,10.0,2003.0
178,Justice League,2,10,TV Series,7.5,607,8.6,51189,22.0,"Animation ,Action ,Adventure",25.0,10.0,2003.0
178,Justice League,2,11,TV Series,8.9,841,8.6,51189,22.0,"Animation ,Action ,Adventure",1.0,11.0,2003.0
178,Justice League,2,12,TV Series,9.0,865,8.6,51189,22.0,"Animation ,Action ,Adventure",1.0,11.0,2003.0
178,Justice League,2,13,TV Series,7.4,618,8.6,51189,22.0,"Animation ,Action ,Adventure",8.0,11.0,2003.0
178,Justice League,2,14,TV Series,7.8,613,8.6,51189,22.0,"Animation ,Action ,Adventure",8.0,11.0,2003.0
178,Justice League,2,15,TV Series,7.8,636,8.6,51189,22.0,"Animation ,Action ,Adventure",15.0,11.0,2003.0
178,Justice League,1,10,TV Series,7.4,825,8.6,51189,22.0,"Animation ,Action ,Adventure",24.0,2.0,2002.0
178,Justice League,1,11,TV Series,7.5,803,8.6,51189,22.0,"Animation ,Action ,Adventure",3.0,3.0,2002.0
178,Justice League,1,12,TV Series,7.5,789,8.6,51189,22.0,"Animation ,Action ,Adventure",10.0,3.0,2002.0
178,Justice League,1,13,TV Series,7.6,782,8.6,51189,22.0,"Animation ,Action ,Adventure",17.0,3.0,2002.0
178,Justice League,1,14,TV Series,7.4,771,8.6,51189,22.0,"Animation ,Action ,Adventure",7.0,4.0,2002.0
178,Justice League,2,21,TV Series,8.8,760,8.6,51189,22.0,"Animation ,Action ,Adventure",7.0,12.0,2003.0
178,Justice League,2,22,TV Series,9.0,758,8.6,51189,22.0,"Animation ,Action ,Adventure",7.0,12.0,2003.0
179,The Venture Bros.,3,5,TV Series,8.4,288,8.6,27872,22.0,"Animation ,Action ,Adventure",29.0,6.0,2008.0
179,The Venture Bros.,3,6,TV Series,7.8,284,8.6,27872,22.0,"Animation ,Action ,Adventure",6.0,7.0,2008.0
179,The Venture Bros.,3,7,TV Series,7.9,274,8.6,27872,22.0,"Animation ,Action ,Adventure",13.0,7.0,2008.0
179,The Venture Bros.,3,8,TV Series,8.1,268,8.6,27872,22.0,"Animation ,Action ,Adventure",20.0,7.0,2008.0
179,The Venture Bros.,3,9,TV Series,8.1,260,8.6,27872,22.0,"Animation ,Action ,Adventure",27.0,7.0,2008.0
179,The Venture Bros.,1,5,TV Series,7.8,407,8.6,27872,22.0,"Animation ,Action ,Adventure",4.0,9.0,2004.0
179,The Venture Bros.,1,6,TV Series,8.5,437,8.6,27872,22.0,"Animation ,Action ,Adventure",11.0,9.0,2004.0
179,The Venture Bros.,1,7,TV Series,8.1,387,8.6,27872,22.0,"Animation ,Action ,Adventure",18.0,9.0,2004.0
179,The Venture Bros.,1,8,TV Series,7.6,380,8.6,27872,22.0,"Animation ,Action ,Adventure",25.0,9.0,2004.0
179,The Venture Bros.,1,9,TV Series,8.0,382,8.6,27872,22.0,"Animation ,Action ,Adventure",2.0,10.0,2004.0
179,The Venture Bros.,4,2,TV Series,8.5,274,8.6,27872,22.0,"Animation ,Action ,Adventure",25.0,10.0,2009.0
179,The Venture Bros.,4,3,TV Series,7.9,258,8.6,27872,22.0,"Animation ,Action ,Adventure",1.0,11.0,2009.0
179,The Venture Bros.,1,12,TV Series,8.1,377,8.6,27872,22.0,"Animation ,Action ,Adventure",23.0,10.0,2004.0
179,The Venture Bros.,1,13,TV Series,8.3,376,8.6,27872,22.0,"Animation ,Action ,Adventure",30.0,10.0,2004.0
179,The Venture Bros.,4,6,TV Series,8.2,272,8.6,27872,22.0,"Animation ,Action ,Adventure",22.0,11.0,2009.0
179,The Venture Bros.,2,1,TV Series,8.6,389,8.6,27872,22.0,"Animation ,Action ,Adventure",25.0,6.0,2006.0
179,The Venture Bros.,2,2,TV Series,8.4,355,8.6,27872,22.0,"Animation ,Action ,Adventure",2.0,7.0,2006.0
179,The Venture Bros.,2,3,TV Series,8.2,353,8.6,27872,22.0,"Animation ,Action ,Adventure",9.0,7.0,2006.0
179,The Venture Bros.,2,4,TV Series,8.1,356,8.6,27872,22.0,"Animation ,Action ,Adventure",16.0,7.0,2006.0
179,The Venture Bros.,2,5,TV Series,8.6,381,8.6,27872,22.0,"Animation ,Action ,Adventure",6.0,8.0,2006.0
179,The Venture Bros.,2,6,TV Series,8.7,374,8.6,27872,22.0,"Animation ,Action ,Adventure",13.0,8.0,2006.0
179,The Venture Bros.,2,12,TV Series,8.6,345,8.6,27872,22.0,"Animation ,Action ,Adventure",8.0,10.0,2006.0
179,The Venture Bros.,2,13,TV Series,9.0,391,8.6,27872,22.0,"Animation ,Action ,Adventure",15.0,10.0,2006.0
179,The Venture Bros.,3,3,TV Series,8.5,306,8.6,27872,22.0,"Animation ,Action ,Adventure",15.0,6.0,2008.0
179,The Venture Bros.,1,0,TV Series,7.0,479,8.6,27872,22.0,"Animation ,Action ,Adventure",16.0,2.0,2003.0
179,The Venture Bros.,1,1,TV Series,7.5,519,8.6,27872,22.0,"Animation ,Action ,Adventure",7.0,8.0,2004.0
179,The Venture Bros.,1,2,TV Series,7.3,475,8.6,27872,22.0,"Animation ,Action ,Adventure",14.0,8.0,2004.0
179,The Venture Bros.,1,3,TV Series,7.7,423,8.6,27872,22.0,"Animation ,Action ,Adventure",21.0,8.0,2004.0
179,The Venture Bros.,1,4,TV Series,7.5,411,8.6,27872,22.0,"Animation ,Action ,Adventure",28.0,8.0,2004.0
179,The Venture Bros.,1,10,TV Series,8.2,403,8.6,27872,22.0,"Animation ,Action ,Adventure",9.0,10.0,2004.0
179,The Venture Bros.,1,11,TV Series,8.2,369,8.6,27872,22.0,"Animation ,Action ,Adventure",16.0,10.0,2004.0
179,The Venture Bros.,1,14,TV Series,7.6,300,8.6,27872,22.0,"Animation ,Action ,Adventure",19.0,12.0,2004.0
179,The Venture Bros.,5,6,TV Series,7.8,219,8.6,27872,22.0,"Animation ,Action ,Adventure",7.0,7.0,2013.0
179,The Venture Bros.,5,7,TV Series,8.3,232,8.6,27872,22.0,"Animation ,Action ,Adventure",13.0,7.0,2013.0
179,The Venture Bros.,5,8,TV Series,8.2,219,8.6,27872,22.0,"Animation ,Action ,Adventure",21.0,7.0,2013.0
179,The Venture Bros.,6,0,TV Series,9.4,438,8.6,27872,22.0,"Animation ,Action ,Adventure",19.0,1.0,2015.0
179,The Venture Bros.,6,1,TV Series,8.5,244,8.6,27872,22.0,"Animation ,Action ,Adventure",31.0,1.0,2016.0
179,The Venture Bros.,3,10,TV Series,8.4,273,8.6,27872,22.0,"Animation ,Action ,Adventure",3.0,8.0,2008.0
179,The Venture Bros.,3,11,TV Series,8.1,265,8.6,27872,22.0,"Animation ,Action ,Adventure",10.0,8.0,2008.0
179,The Venture Bros.,3,12,TV Series,8.8,281,8.6,27872,22.0,"Animation ,Action ,Adventure",17.0,8.0,2008.0
179,The Venture Bros.,3,13,TV Series,8.9,288,8.6,27872,22.0,"Animation ,Action ,Adventure",24.0,8.0,2008.0
179,The Venture Bros.,4,1,TV Series,8.4,271,8.6,27872,22.0,"Animation ,Action ,Adventure",18.0,10.0,2009.0
179,The Venture Bros.,6,7,TV Series,8.9,234,8.6,27872,22.0,"Animation ,Action ,Adventure",13.0,3.0,2016.0
179,The Venture Bros.,6,8,TV Series,9.0,241,8.6,27872,22.0,"Animation ,Action ,Adventure",20.0,3.0,2016.0
179,The Venture Bros.,4,4,TV Series,8.1,245,8.6,27872,22.0,"Animation ,Action ,Adventure",8.0,11.0,2009.0
179,The Venture Bros.,4,5,TV Series,8.0,244,8.6,27872,22.0,"Animation ,Action ,Adventure",15.0,11.0,2009.0
179,The Venture Bros.,7,3,TV Series,9.3,266,8.6,27872,22.0,"Animation ,Action ,Adventure",19.0,8.0,2018.0
179,The Venture Bros.,4,7,TV Series,8.1,230,8.6,27872,22.0,"Animation ,Action ,Adventure",6.0,12.0,2009.0
179,The Venture Bros.,4,8,TV Series,8.2,237,8.6,27872,22.0,"Animation ,Action ,Adventure",13.0,12.0,2009.0
179,The Venture Bros.,4,9,TV Series,8.4,241,8.6,27872,22.0,"Animation ,Action ,Adventure",12.0,9.0,2010.0
179,The Venture Bros.,4,10,TV Series,7.7,227,8.6,27872,22.0,"Animation ,Action ,Adventure",19.0,9.0,2010.0
179,The Venture Bros.,4,11,TV Series,8.0,230,8.6,27872,22.0,"Animation ,Action ,Adventure",26.0,9.0,2010.0
179,The Venture Bros.,4,12,TV Series,8.9,277,8.6,27872,22.0,"Animation ,Action ,Adventure",3.0,10.0,2010.0
179,The Venture Bros.,2,7,TV Series,7.8,328,8.6,27872,22.0,"Animation ,Action ,Adventure",20.0,8.0,2006.0
179,The Venture Bros.,2,8,TV Series,8.2,319,8.6,27872,22.0,"Animation ,Action ,Adventure",3.0,9.0,2006.0
179,The Venture Bros.,2,9,TV Series,7.4,320,8.6,27872,22.0,"Animation ,Action ,Adventure",10.0,9.0,2006.0
179,The Venture Bros.,2,10,TV Series,8.1,310,8.6,27872,22.0,"Animation ,Action ,Adventure",24.0,9.0,2006.0
179,The Venture Bros.,2,11,TV Series,8.5,358,8.6,27872,22.0,"Animation ,Action ,Adventure",1.0,10.0,2006.0
179,The Venture Bros.,5,0,TV Series,8.6,267,8.6,27872,22.0,"Animation ,Action ,Adventure",28.0,10.0,2012.0
179,The Venture Bros.,5,1,TV Series,8.6,291,8.6,27872,22.0,"Animation ,Action ,Adventure",2.0,6.0,2013.0
179,The Venture Bros.,3,1,TV Series,8.5,315,8.6,27872,22.0,"Animation ,Action ,Adventure",1.0,6.0,2008.0
179,The Venture Bros.,3,2,TV Series,8.2,290,8.6,27872,22.0,"Animation ,Action ,Adventure",8.0,6.0,2008.0
179,The Venture Bros.,5,4,TV Series,7.8,228,8.6,27872,22.0,"Animation ,Action ,Adventure",23.0,6.0,2013.0
179,The Venture Bros.,3,4,TV Series,8.0,277,8.6,27872,22.0,"Animation ,Action ,Adventure",22.0,6.0,2008.0
179,The Venture Bros.,5,5,TV Series,8.7,259,8.6,27872,22.0,"Animation ,Action ,Adventure",30.0,6.0,2013.0
179,The Venture Bros.,5,3,TV Series,7.9,228,8.6,27872,22.0,"Animation ,Action ,Adventure",16.0,6.0,2013.0
179,The Venture Bros.,5,2,TV Series,8.1,233,8.6,27872,22.0,"Animation ,Action ,Adventure",9.0,6.0,2013.0
179,The Venture Bros.,4,16,TV Series,9.4,383,8.6,27872,22.0,"Animation ,Action ,Adventure",21.0,11.0,2010.0
179,The Venture Bros.,4,17,TV Series,7.5,180,8.6,27872,22.0,"Animation ,Action ,Adventure",28.0,8.0,2011.0
179,The Venture Bros.,4,13,TV Series,8.3,250,8.6,27872,22.0,"Animation ,Action ,Adventure",10.0,10.0,2010.0
179,The Venture Bros.,4,14,TV Series,8.1,224,8.6,27872,22.0,"Animation ,Action ,Adventure",17.0,10.0,2010.0
179,The Venture Bros.,4,15,TV Series,8.0,221,8.6,27872,22.0,"Animation ,Action ,Adventure",24.0,10.0,2010.0
179,The Venture Bros.,7,8,TV Series,8.5,168,8.6,27872,22.0,"Animation ,Action ,Adventure",23.0,9.0,2018.0
179,The Venture Bros.,7,7,TV Series,8.9,218,8.6,27872,22.0,"Animation ,Action ,Adventure",16.0,9.0,2018.0
179,The Venture Bros.,7,6,TV Series,8.3,185,8.6,27872,22.0,"Animation ,Action ,Adventure",9.0,9.0,2018.0
179,The Venture Bros.,7,9,TV Series,8.4,170,8.6,27872,22.0,"Animation ,Action ,Adventure",30.0,9.0,2018.0
179,The Venture Bros.,7,5,TV Series,8.5,187,8.6,27872,22.0,"Animation ,Action ,Adventure",2.0,9.0,2018.0
179,The Venture Bros.,7,1,TV Series,8.9,250,8.6,27872,22.0,"Animation ,Action ,Adventure",5.0,8.0,2018.0
179,The Venture Bros.,7,2,TV Series,8.8,224,8.6,27872,22.0,"Animation ,Action ,Adventure",12.0,8.0,2018.0
179,The Venture Bros.,7,4,TV Series,8.5,200,8.6,27872,22.0,"Animation ,Action ,Adventure",26.0,8.0,2018.0
179,The Venture Bros.,6,6,TV Series,8.7,224,8.6,27872,22.0,"Animation ,Action ,Adventure",6.0,3.0,2016.0
179,The Venture Bros.,6,2,TV Series,7.9,214,8.6,27872,22.0,"Animation ,Action ,Adventure",7.0,2.0,2016.0
179,The Venture Bros.,6,3,TV Series,8.4,212,8.6,27872,22.0,"Animation ,Action ,Adventure",14.0,2.0,2016.0
179,The Venture Bros.,6,5,TV Series,8.7,210,8.6,27872,22.0,"Animation ,Action ,Adventure",28.0,2.0,2016.0
179,The Venture Bros.,6,4,TV Series,8.5,211,8.6,27872,22.0,"Animation ,Action ,Adventure",21.0,2.0,2016.0
179,The Venture Bros.,7,10,TV Series,8.9,182,8.6,27872,22.0,"Animation ,Action ,Adventure",7.0,10.0,2018.0
180,The Queen's Gambit,1,6,TV Mini Series,8.4,9819,8.5,540924,397.0,Drama,23.0,10.0,2020.0
180,The Queen's Gambit,1,5,TV Mini Series,8.2,9746,8.5,540924,397.0,Drama,23.0,10.0,2020.0
180,The Queen's Gambit,1,3,TV Mini Series,8.4,10364,8.5,540924,397.0,Drama,23.0,10.0,2020.0
180,The Queen's Gambit,1,4,TV Mini Series,8.4,10045,8.5,540924,397.0,Drama,23.0,10.0,2020.0
180,The Queen's Gambit,1,1,TV Mini Series,8.4,12211,8.5,540924,397.0,Drama,23.0,10.0,2020.0
180,The Queen's Gambit,1,2,TV Mini Series,8.7,11425,8.5,540924,397.0,Drama,23.0,10.0,2020.0
180,The Queen's Gambit,1,7,TV Mini Series,9.2,13301,8.5,540924,397.0,Drama,23.0,10.0,2020.0
181,Dragon Ball,1,14,TV Series,7.0,479,8.5,64850,25.0,"Animation ,Action ,Adventure",28.0,5.0,1986.0
181,Dragon Ball,1,15,TV Series,7.1,472,8.5,64850,25.0,"Animation ,Action ,Adventure",4.0,6.0,1986.0
181,Dragon Ball,1,2,TV Series,7.5,544,8.5,64850,25.0,"Animation ,Action ,Adventure",5.0,3.0,1986.0
181,Dragon Ball,1,36,TV Series,7.6,412,8.5,64850,25.0,"Animation ,Action ,Adventure",29.0,10.0,1986.0
181,Dragon Ball,1,37,TV Series,7.2,413,8.5,64850,25.0,"Animation ,Action ,Adventure",5.0,11.0,1986.0
181,Dragon Ball,1,38,TV Series,7.2,401,8.5,64850,25.0,"Animation ,Action ,Adventure",12.0,11.0,1986.0
181,Dragon Ball,1,39,TV Series,7.2,401,8.5,64850,25.0,"Animation ,Action ,Adventure",19.0,11.0,1986.0
181,Dragon Ball,1,40,TV Series,7.2,397,8.5,64850,25.0,"Animation ,Action ,Adventure",26.0,11.0,1986.0
181,Dragon Ball,1,9,TV Series,7.1,402,8.5,64850,25.0,"Animation ,Action ,Adventure",23.0,4.0,1986.0
181,Dragon Ball,1,10,TV Series,7.4,394,8.5,64850,25.0,"Animation ,Action ,Adventure",30.0,4.0,1986.0
181,Dragon Ball,1,11,TV Series,7.5,381,8.5,64850,25.0,"Animation ,Action ,Adventure",7.0,5.0,1986.0
181,Dragon Ball,1,12,TV Series,7.9,380,8.5,64850,25.0,"Animation ,Action ,Adventure",14.0,5.0,1986.0
181,Dragon Ball,1,13,TV Series,7.9,382,8.5,64850,25.0,"Animation ,Action ,Adventure",21.0,5.0,1986.0
181,Dragon Ball,1,46,TV Series,7.0,382,8.5,64850,25.0,"Animation ,Action ,Adventure",14.0,1.0,1987.0
181,Dragon Ball,1,47,TV Series,7.1,380,8.5,64850,25.0,"Animation ,Action ,Adventure",21.0,1.0,1987.0
181,Dragon Ball,1,16,TV Series,7.2,465,8.5,64850,25.0,"Animation ,Action ,Adventure",11.0,6.0,1986.0
181,Dragon Ball,1,17,TV Series,7.4,458,8.5,64850,25.0,"Animation ,Action ,Adventure",18.0,6.0,1986.0
181,Dragon Ball,1,50,TV Series,7.8,413,8.5,64850,25.0,"Animation ,Action ,Adventure",11.0,2.0,1987.0
181,Dragon Ball,1,19,TV Series,7.4,453,8.5,64850,25.0,"Animation ,Action ,Adventure",2.0,7.0,1986.0
181,Dragon Ball,1,20,TV Series,7.7,452,8.5,64850,25.0,"Animation ,Action ,Adventure",9.0,7.0,1986.0
181,Dragon Ball,1,21,TV Series,7.2,451,8.5,64850,25.0,"Animation ,Action ,Adventure",16.0,7.0,1986.0
181,Dragon Ball,1,22,TV Series,7.4,446,8.5,64850,25.0,"Animation ,Action ,Adventure",23.0,7.0,1986.0
181,Dragon Ball,1,23,TV Series,7.5,440,8.5,64850,25.0,"Animation ,Action ,Adventure",30.0,7.0,1986.0
181,Dragon Ball,1,24,TV Series,7.6,436,8.5,64850,25.0,"Animation ,Action ,Adventure",6.0,8.0,1986.0
181,Dragon Ball,1,34,TV Series,7.1,418,8.5,64850,25.0,"Animation ,Action ,Adventure",15.0,10.0,1986.0
181,Dragon Ball,1,30,TV Series,7.0,410,8.5,64850,25.0,"Animation ,Action ,Adventure",17.0,9.0,1986.0
181,Dragon Ball,1,31,TV Series,7.1,400,8.5,64850,25.0,"Animation ,Action ,Adventure",24.0,9.0,1986.0
181,Dragon Ball,1,3,TV Series,7.7,516,8.5,64850,25.0,"Animation ,Action ,Adventure",12.0,3.0,1986.0
181,Dragon Ball,1,1,TV Series,7.7,858,8.5,64850,25.0,"Animation ,Action ,Adventure",26.0,2.0,1986.0
181,Dragon Ball,1,18,TV Series,7.3,459,8.5,64850,25.0,"Animation ,Action ,Adventure",25.0,6.0,1986.0
181,Dragon Ball,1,8,TV Series,7.9,428,8.5,64850,25.0,"Animation ,Action ,Adventure",16.0,4.0,1986.0
181,Dragon Ball,1,7,TV Series,7.5,424,8.5,64850,25.0,"Animation ,Action ,Adventure",9.0,4.0,1986.0
181,Dragon Ball,1,6,TV Series,7.3,438,8.5,64850,25.0,"Animation ,Action ,Adventure",2.0,4.0,1986.0
181,Dragon Ball,1,5,TV Series,7.3,450,8.5,64850,25.0,"Animation ,Action ,Adventure",26.0,3.0,1986.0
181,Dragon Ball,1,4,TV Series,7.4,472,8.5,64850,25.0,"Animation ,Action ,Adventure",19.0,3.0,1986.0
181,Dragon Ball,1,35,TV Series,7.1,419,8.5,64850,25.0,"Animation ,Action ,Adventure",22.0,10.0,1986.0
181,Dragon Ball,1,33,TV Series,6.8,396,8.5,64850,25.0,"Animation ,Action ,Adventure",8.0,10.0,1986.0
181,Dragon Ball,1,32,TV Series,7.1,403,8.5,64850,25.0,"Animation ,Action ,Adventure",1.0,10.0,1986.0
181,Dragon Ball,1,28,TV Series,7.9,451,8.5,64850,25.0,"Animation ,Action ,Adventure",3.0,9.0,1986.0
181,Dragon Ball,1,29,TV Series,6.8,415,8.5,64850,25.0,"Animation ,Action ,Adventure",10.0,9.0,1986.0
181,Dragon Ball,1,25,TV Series,7.7,444,8.5,64850,25.0,"Animation ,Action ,Adventure",13.0,8.0,1986.0
181,Dragon Ball,1,26,TV Series,7.7,442,8.5,64850,25.0,"Animation ,Action ,Adventure",20.0,8.0,1986.0
181,Dragon Ball,1,27,TV Series,7.8,443,8.5,64850,25.0,"Animation ,Action ,Adventure",27.0,8.0,1986.0
181,Dragon Ball,1,44,TV Series,7.1,385,8.5,64850,25.0,"Animation ,Action ,Adventure",24.0,12.0,1986.0
181,Dragon Ball,1,43,TV Series,7.2,393,8.5,64850,25.0,"Animation ,Action ,Adventure",17.0,12.0,1986.0
181,Dragon Ball,1,41,TV Series,7.4,397,8.5,64850,25.0,"Animation ,Action ,Adventure",3.0,12.0,1986.0
181,Dragon Ball,1,42,TV Series,7.1,390,8.5,64850,25.0,"Animation ,Action ,Adventure",10.0,12.0,1986.0
181,Dragon Ball,1,49,TV Series,7.5,383,8.5,64850,25.0,"Animation ,Action ,Adventure",4.0,2.0,1987.0
181,Dragon Ball,1,45,TV Series,7.0,373,8.5,64850,25.0,"Animation ,Action ,Adventure",7.0,1.0,1987.0
181,Dragon Ball,1,48,TV Series,7.2,381,8.5,64850,25.0,"Animation ,Action ,Adventure",28.0,1.0,1987.0
182,Battlestar Galactica,1,2,TV Mini Series,8.4,1329,8.5,79734,183.0,"Action ,Adventure ,Drama",9.0,12.0,2003.0
182,Battlestar Galactica,1,1,TV Mini Series,8.4,1507,8.5,79734,183.0,"Action ,Adventure ,Drama",8.0,12.0,2003.0
183,Making a Murderer,1,1,TV Series,8.2,1992,8.5,102152,60.0,"Documentary ,Crime",18.0,12.0,2015.0
183,Making a Murderer,1,3,TV Series,8.6,1655,8.5,102152,60.0,"Documentary ,Crime",18.0,12.0,2015.0
183,Making a Murderer,1,2,TV Series,8.4,1710,8.5,102152,60.0,"Documentary ,Crime",18.0,12.0,2015.0
183,Making a Murderer,1,10,TV Series,8.4,1399,8.5,102152,60.0,"Documentary ,Crime",18.0,12.0,2015.0
183,Making a Murderer,2,4,TV Series,7.9,878,8.5,102152,60.0,"Documentary ,Crime",19.0,10.0,2018.0
183,Making a Murderer,2,1,TV Series,7.8,1071,8.5,102152,60.0,"Documentary ,Crime",19.0,10.0,2018.0
183,Making a Murderer,1,4,TV Series,8.8,1699,8.5,102152,60.0,"Documentary ,Crime",18.0,12.0,2015.0
183,Making a Murderer,2,9,TV Series,8.7,920,8.5,102152,60.0,"Documentary ,Crime",19.0,10.0,2018.0
183,Making a Murderer,2,8,TV Series,8.3,839,8.5,102152,60.0,"Documentary ,Crime",19.0,10.0,2018.0
183,Making a Murderer,2,7,TV Series,8.0,823,8.5,102152,60.0,"Documentary ,Crime",19.0,10.0,2018.0
183,Making a Murderer,1,9,TV Series,8.5,1394,8.5,102152,60.0,"Documentary ,Crime",18.0,12.0,2015.0
183,Making a Murderer,1,5,TV Series,8.7,1559,8.5,102152,60.0,"Documentary ,Crime",18.0,12.0,2015.0
183,Making a Murderer,1,7,TV Series,8.3,1418,8.5,102152,60.0,"Documentary ,Crime",18.0,12.0,2015.0
183,Making a Murderer,1,8,TV Series,8.4,1402,8.5,102152,60.0,"Documentary ,Crime",18.0,12.0,2015.0
183,Making a Murderer,1,6,TV Series,8.3,1449,8.5,102152,60.0,"Documentary ,Crime",18.0,12.0,2015.0
183,Making a Murderer,2,6,TV Series,7.9,827,8.5,102152,60.0,"Documentary ,Crime",19.0,10.0,2018.0
183,Making a Murderer,2,2,TV Series,8.0,944,8.5,102152,60.0,"Documentary ,Crime",19.0,10.0,2018.0
183,Making a Murderer,2,3,TV Series,8.1,916,8.5,102152,60.0,"Documentary ,Crime",19.0,10.0,2018.0
183,Making a Murderer,2,10,TV Series,8.5,953,8.5,102152,60.0,"Documentary ,Crime",19.0,10.0,2018.0
183,Making a Murderer,2,5,TV Series,8.0,834,8.5,102152,60.0,"Documentary ,Crime",19.0,10.0,2018.0
184,The Family Man,1,6,TV Series,9.0,1854,8.7,97614,45.0,"Action ,Comedy ,Drama",20.0,9.0,2019.0
184,The Family Man,1,7,TV Series,8.4,1213,8.7,97614,45.0,"Action ,Comedy ,Drama",20.0,9.0,2019.0
184,The Family Man,1,10,TV Series,7.9,1431,8.7,97614,45.0,"Action ,Comedy ,Drama",20.0,9.0,2019.0
184,The Family Man,2,1,TV Series,8.9,6589,8.7,97614,45.0,"Action ,Comedy ,Drama",4.0,6.0,2021.0
184,The Family Man,1,5,TV Series,8.2,1236,8.7,97614,45.0,"Action ,Comedy ,Drama",20.0,9.0,2019.0
184,The Family Man,1,4,TV Series,8.6,1380,8.7,97614,45.0,"Action ,Comedy ,Drama",20.0,9.0,2019.0
184,The Family Man,3,1,TV Series,7.7,0,8.7,97614,45.0,"Action ,Comedy ,Drama",35.0,15.0,2024.0
184,The Family Man,2,4,TV Series,8.9,4057,8.7,97614,45.0,"Action ,Comedy ,Drama",4.0,6.0,2021.0
184,The Family Man,2,5,TV Series,8.9,3983,8.7,97614,45.0,"Action ,Comedy ,Drama",4.0,6.0,2021.0
184,The Family Man,2,3,TV Series,8.8,4223,8.7,97614,45.0,"Action ,Comedy ,Drama",4.0,6.0,2021.0
184,The Family Man,2,2,TV Series,8.7,4544,8.7,97614,45.0,"Action ,Comedy ,Drama",4.0,6.0,2021.0
184,The Family Man,2,7,TV Series,9.0,3953,8.7,97614,45.0,"Action ,Comedy ,Drama",4.0,6.0,2021.0
184,The Family Man,1,8,TV Series,8.5,1227,8.7,97614,45.0,"Action ,Comedy ,Drama",20.0,9.0,2019.0
184,The Family Man,2,6,TV Series,9.2,4167,8.7,97614,45.0,"Action ,Comedy ,Drama",4.0,6.0,2021.0
184,The Family Man,1,1,TV Series,8.2,2130,8.7,97614,45.0,"Action ,Comedy ,Drama",19.0,9.0,2019.0
184,The Family Man,1,9,TV Series,8.4,1213,8.7,97614,45.0,"Action ,Comedy ,Drama",20.0,9.0,2019.0
184,The Family Man,1,2,TV Series,8.2,1416,8.7,97614,45.0,"Action ,Comedy ,Drama",20.0,9.0,2019.0
184,The Family Man,2,9,TV Series,9.2,4639,8.7,97614,45.0,"Action ,Comedy ,Drama",4.0,6.0,2021.0
184,The Family Man,2,8,TV Series,9.3,4372,8.7,97614,45.0,"Action ,Comedy ,Drama",4.0,6.0,2021.0
184,The Family Man,1,3,TV Series,8.2,1314,8.7,97614,45.0,"Action ,Comedy ,Drama",20.0,9.0,2019.0
185,Flight of the Conchords,1,12,TV Series,8.0,674,8.6,65607,28.0,"Comedy ,Music ,Musical",2.0,9.0,2007.0
185,Flight of the Conchords,1,11,TV Series,8.4,689,8.6,65607,28.0,"Comedy ,Music ,Musical",26.0,8.0,2007.0
185,Flight of the Conchords,2,5,TV Series,8.8,768,8.6,65607,28.0,"Comedy ,Music ,Musical",15.0,2.0,2009.0
185,Flight of the Conchords,2,2,TV Series,8.6,678,8.6,65607,28.0,"Comedy ,Music ,Musical",25.0,1.0,2009.0
185,Flight of the Conchords,2,3,TV Series,8.5,637,8.6,65607,28.0,"Comedy ,Music ,Musical",1.0,2.0,2009.0
185,Flight of the Conchords,2,4,TV Series,7.9,579,8.6,65607,28.0,"Comedy ,Music ,Musical",8.0,2.0,2009.0
185,Flight of the Conchords,2,1,TV Series,7.9,643,8.6,65607,28.0,"Comedy ,Music ,Musical",18.0,1.0,2009.0
185,Flight of the Conchords,1,2,TV Series,8.1,868,8.6,65607,28.0,"Comedy ,Music ,Musical",24.0,6.0,2007.0
185,Flight of the Conchords,1,5,TV Series,8.0,726,8.6,65607,28.0,"Comedy ,Music ,Musical",15.0,7.0,2007.0
185,Flight of the Conchords,1,4,TV Series,8.4,799,8.6,65607,28.0,"Comedy ,Music ,Musical",8.0,7.0,2007.0
185,Flight of the Conchords,1,3,TV Series,8.7,961,8.6,65607,28.0,"Comedy ,Music ,Musical",1.0,7.0,2007.0
185,Flight of the Conchords,1,10,TV Series,8.2,681,8.6,65607,28.0,"Comedy ,Music ,Musical",19.0,8.0,2007.0
185,Flight of the Conchords,1,7,TV Series,8.4,773,8.6,65607,28.0,"Comedy ,Music ,Musical",29.0,7.0,2007.0
185,Flight of the Conchords,1,8,TV Series,8.3,722,8.6,65607,28.0,"Comedy ,Music ,Musical",5.0,8.0,2007.0
185,Flight of the Conchords,1,9,TV Series,8.2,713,8.6,65607,28.0,"Comedy ,Music ,Musical",12.0,8.0,2007.0
185,Flight of the Conchords,1,1,TV Series,8.1,1088,8.6,65607,28.0,"Comedy ,Music ,Musical",17.0,6.0,2007.0
185,Flight of the Conchords,1,6,TV Series,8.0,767,8.6,65607,28.0,"Comedy ,Music ,Musical",22.0,7.0,2007.0
185,Flight of the Conchords,2,10,TV Series,8.1,523,8.6,65607,28.0,"Comedy ,Music ,Musical",22.0,3.0,2009.0
185,Flight of the Conchords,2,9,TV Series,7.8,496,8.6,65607,28.0,"Comedy ,Music ,Musical",15.0,3.0,2009.0
185,Flight of the Conchords,2,8,TV Series,7.8,540,8.6,65607,28.0,"Comedy ,Music ,Musical",8.0,3.0,2009.0
185,Flight of the Conchords,2,7,TV Series,8.2,581,8.6,65607,28.0,"Comedy ,Music ,Musical",1.0,3.0,2009.0
185,Flight of the Conchords,2,6,TV Series,8.3,600,8.6,65607,28.0,"Comedy ,Music ,Musical",22.0,2.0,2009.0
186,Dragon Ball,1,1,TV Series,7.8,477,8.5,64469,24.0,"Animation ,Action ,Adventure",9.0,9.0,1995.0
186,Dragon Ball,1,2,TV Series,7.5,544,8.5,64469,24.0,"Animation ,Action ,Adventure",21.0,8.0,2001.0
186,Dragon Ball,1,3,TV Series,7.7,520,8.5,64469,24.0,"Animation ,Action ,Adventure",22.0,8.0,2001.0
186,Dragon Ball,2,7,TV Series,8.0,397,8.5,64469,24.0,"Animation ,Action ,Adventure",14.0,9.0,2001.0
186,Dragon Ball,2,6,TV Series,7.9,403,8.5,64469,24.0,"Animation ,Action ,Adventure",13.0,9.0,2001.0
186,Dragon Ball,2,5,TV Series,7.6,378,8.5,64469,24.0,"Animation ,Action ,Adventure",12.0,9.0,2001.0
186,Dragon Ball,2,4,TV Series,7.5,384,8.5,64469,24.0,"Animation ,Action ,Adventure",11.0,9.0,2001.0
186,Dragon Ball,3,4,TV Series,7.2,333,8.5,64469,24.0,"Animation ,Action ,Adventure",14.0,2.0,2002.0
186,Dragon Ball,3,3,TV Series,7.2,333,8.5,64469,24.0,"Animation ,Action ,Adventure",13.0,2.0,2002.0
186,Dragon Ball,4,1,TV Series,7.4,330,8.5,64469,24.0,"Animation ,Action ,Adventure",6.0,3.0,2002.0
186,Dragon Ball,5,4,TV Series,7.9,331,8.5,64469,24.0,"Animation ,Action ,Adventure",4.0,11.0,2002.0
186,Dragon Ball,5,3,TV Series,8.2,354,8.5,64469,24.0,"Animation ,Action ,Adventure",30.0,10.0,2002.0
186,Dragon Ball,5,2,TV Series,8.6,435,8.5,64469,24.0,"Animation ,Action ,Adventure",29.0,10.0,2002.0
186,Dragon Ball,5,1,TV Series,7.6,344,8.5,64469,24.0,"Animation ,Action ,Adventure",28.0,10.0,2002.0
186,Dragon Ball,4,12,TV Series,7.4,348,8.5,64469,24.0,"Animation ,Action ,Adventure",24.0,10.0,2002.0
186,Dragon Ball,4,11,TV Series,7.4,344,8.5,64469,24.0,"Animation ,Action ,Adventure",23.0,10.0,2002.0
186,Dragon Ball,7,4,TV Series,7.8,325,8.5,64469,24.0,"Animation ,Action ,Adventure",10.0,12.0,2002.0
186,Dragon Ball,7,3,TV Series,7.6,322,8.5,64469,24.0,"Animation ,Action ,Adventure",7.0,12.0,2002.0
186,Dragon Ball,7,2,TV Series,7.6,328,8.5,64469,24.0,"Animation ,Action ,Adventure",6.0,12.0,2002.0
186,Dragon Ball,7,1,TV Series,7.5,323,8.5,64469,24.0,"Animation ,Action ,Adventure",5.0,12.0,2002.0
186,Dragon Ball,6,16,TV Series,7.5,317,8.5,64469,24.0,"Animation ,Action ,Adventure",4.0,12.0,2002.0
186,Dragon Ball,6,15,TV Series,7.2,319,8.5,64469,24.0,"Animation ,Action ,Adventure",2.0,12.0,2002.0
186,Dragon Ball,6,14,TV Series,7.6,316,8.5,64469,24.0,"Animation ,Action ,Adventure",2.0,12.0,2002.0
186,Dragon Ball,6,13,TV Series,7.3,318,8.5,64469,24.0,"Animation ,Action ,Adventure",29.0,11.0,2002.0
186,Dragon Ball,6,12,TV Series,6.4,330,8.5,64469,24.0,"Animation ,Action ,Adventure",28.0,11.0,2002.0
186,Dragon Ball,6,11,TV Series,7.6,324,8.5,64469,24.0,"Animation ,Action ,Adventure",27.0,11.0,2002.0
186,Dragon Ball,6,10,TV Series,7.0,306,8.5,64469,24.0,"Animation ,Action ,Adventure",26.0,11.0,2002.0
186,Dragon Ball,6,9,TV Series,8.0,347,8.5,64469,24.0,"Animation ,Action ,Adventure",23.0,11.0,2002.0
186,Dragon Ball,6,8,TV Series,7.9,337,8.5,64469,24.0,"Animation ,Action ,Adventure",22.0,11.0,2002.0
186,Dragon Ball,6,7,TV Series,7.6,311,8.5,64469,24.0,"Animation ,Action ,Adventure",21.0,11.0,2002.0
186,Dragon Ball,6,6,TV Series,7.5,313,8.5,64469,24.0,"Animation ,Action ,Adventure",20.0,11.0,2002.0
186,Dragon Ball,6,5,TV Series,7.4,312,8.5,64469,24.0,"Animation ,Action ,Adventure",19.0,11.0,2002.0
186,Dragon Ball,8,2,TV Series,7.9,331,8.5,64469,24.0,"Animation ,Action ,Adventure",2.0,9.0,2003.0
186,Dragon Ball,8,1,TV Series,8.1,342,8.5,64469,24.0,"Animation ,Action ,Adventure",1.0,9.0,2003.0
186,Dragon Ball,7,18,TV Series,8.6,365,8.5,64469,24.0,"Animation ,Action ,Adventure",31.0,12.0,2002.0
186,Dragon Ball,7,17,TV Series,8.0,321,8.5,64469,24.0,"Animation ,Action ,Adventure",30.0,12.0,2002.0
186,Dragon Ball,7,16,TV Series,8.2,334,8.5,64469,24.0,"Animation ,Action ,Adventure",27.0,12.0,2002.0
186,Dragon Ball,7,15,TV Series,7.9,326,8.5,64469,24.0,"Animation ,Action ,Adventure",26.0,12.0,2002.0
186,Dragon Ball,7,14,TV Series,7.8,328,8.5,64469,24.0,"Animation ,Action ,Adventure",25.0,12.0,2002.0
186,Dragon Ball,7,13,TV Series,7.8,322,8.5,64469,24.0,"Animation ,Action ,Adventure",23.0,12.0,2002.0
186,Dragon Ball,7,12,TV Series,8.2,346,8.5,64469,24.0,"Animation ,Action ,Adventure",20.0,12.0,2002.0
186,Dragon Ball,7,11,TV Series,8.3,339,8.5,64469,24.0,"Animation ,Action ,Adventure",19.0,12.0,2002.0
186,Dragon Ball,7,10,TV Series,8.0,334,8.5,64469,24.0,"Animation ,Action ,Adventure",18.0,12.0,2002.0
186,Dragon Ball,7,9,TV Series,7.2,328,8.5,64469,24.0,"Animation ,Action ,Adventure",17.0,12.0,2002.0
186,Dragon Ball,7,8,TV Series,7.5,324,8.5,64469,24.0,"Animation ,Action ,Adventure",16.0,12.0,2002.0
186,Dragon Ball,7,7,TV Series,7.7,322,8.5,64469,24.0,"Animation ,Action ,Adventure",13.0,12.0,2002.0
186,Dragon Ball,7,6,TV Series,7.3,325,8.5,64469,24.0,"Animation ,Action ,Adventure",12.0,12.0,2002.0
186,Dragon Ball,7,5,TV Series,8.0,333,8.5,64469,24.0,"Animation ,Action ,Adventure",11.0,12.0,2002.0
186,Dragon Ball,8,18,TV Series,8.3,374,8.5,64469,24.0,"Animation ,Action ,Adventure",30.0,9.0,2003.0
186,Dragon Ball,8,17,TV Series,7.4,315,8.5,64469,24.0,"Animation ,Action ,Adventure",29.0,9.0,2003.0
186,Dragon Ball,8,16,TV Series,7.3,310,8.5,64469,24.0,"Animation ,Action ,Adventure",25.0,9.0,2003.0
186,Dragon Ball,8,15,TV Series,7.5,320,8.5,64469,24.0,"Animation ,Action ,Adventure",24.0,9.0,2003.0
186,Dragon Ball,8,14,TV Series,7.3,309,8.5,64469,24.0,"Animation ,Action ,Adventure",23.0,9.0,2003.0
186,Dragon Ball,8,13,TV Series,7.3,316,8.5,64469,24.0,"Animation ,Action ,Adventure",22.0,9.0,2003.0
186,Dragon Ball,8,12,TV Series,7.6,318,8.5,64469,24.0,"Animation ,Action ,Adventure",18.0,9.0,2003.0
186,Dragon Ball,8,11,TV Series,7.9,329,8.5,64469,24.0,"Animation ,Action ,Adventure",17.0,9.0,2003.0
186,Dragon Ball,8,10,TV Series,8.2,333,8.5,64469,24.0,"Animation ,Action ,Adventure",16.0,9.0,2003.0
186,Dragon Ball,8,9,TV Series,7.7,319,8.5,64469,24.0,"Animation ,Action ,Adventure",15.0,9.0,2003.0
186,Dragon Ball,8,8,TV Series,8.0,330,8.5,64469,24.0,"Animation ,Action ,Adventure",11.0,9.0,2003.0
186,Dragon Ball,8,7,TV Series,8.0,337,8.5,64469,24.0,"Animation ,Action ,Adventure",10.0,9.0,2003.0
186,Dragon Ball,8,6,TV Series,7.9,335,8.5,64469,24.0,"Animation ,Action ,Adventure",9.0,9.0,2003.0
186,Dragon Ball,8,5,TV Series,7.6,326,8.5,64469,24.0,"Animation ,Action ,Adventure",5.0,9.0,2003.0
186,Dragon Ball,8,4,TV Series,7.7,326,8.5,64469,24.0,"Animation ,Action ,Adventure",4.0,9.0,2003.0
186,Dragon Ball,8,3,TV Series,7.5,328,8.5,64469,24.0,"Animation ,Action ,Adventure",3.0,9.0,2003.0
186,Dragon Ball,9,13,TV Series,7.7,312,8.5,64469,24.0,"Animation ,Action ,Adventure",28.0,10.0,2003.0
186,Dragon Ball,9,12,TV Series,7.7,294,8.5,64469,24.0,"Animation ,Action ,Adventure",27.0,10.0,2003.0
186,Dragon Ball,9,11,TV Series,7.8,303,8.5,64469,24.0,"Animation ,Action ,Adventure",23.0,10.0,2003.0
186,Dragon Ball,9,10,TV Series,6.7,289,8.5,64469,24.0,"Animation ,Action ,Adventure",22.0,10.0,2003.0
186,Dragon Ball,9,9,TV Series,7.0,286,8.5,64469,24.0,"Animation ,Action ,Adventure",21.0,10.0,2003.0
186,Dragon Ball,9,8,TV Series,7.7,317,8.5,64469,24.0,"Animation ,Action ,Adventure",20.0,10.0,2003.0
186,Dragon Ball,9,7,TV Series,7.4,288,8.5,64469,24.0,"Animation ,Action ,Adventure",16.0,10.0,2003.0
186,Dragon Ball,9,6,TV Series,7.0,287,8.5,64469,24.0,"Animation ,Action ,Adventure",15.0,10.0,2003.0
186,Dragon Ball,9,5,TV Series,7.4,291,8.5,64469,24.0,"Animation ,Action ,Adventure",14.0,10.0,2003.0
186,Dragon Ball,9,4,TV Series,7.9,302,8.5,64469,24.0,"Animation ,Action ,Adventure",10.0,10.0,2003.0
186,Dragon Ball,9,3,TV Series,7.7,314,8.5,64469,24.0,"Animation ,Action ,Adventure",9.0,10.0,2003.0
186,Dragon Ball,9,2,TV Series,7.6,311,8.5,64469,24.0,"Animation ,Action ,Adventure",8.0,10.0,2003.0
186,Dragon Ball,9,1,TV Series,7.5,318,8.5,64469,24.0,"Animation ,Action ,Adventure",7.0,10.0,2003.0
186,Dragon Ball,8,21,TV Series,8.3,339,8.5,64469,24.0,"Animation ,Action ,Adventure",6.0,10.0,2003.0
186,Dragon Ball,8,20,TV Series,8.0,317,8.5,64469,24.0,"Animation ,Action ,Adventure",2.0,10.0,2003.0
186,Dragon Ball,8,19,TV Series,8.6,387,8.5,64469,24.0,"Animation ,Action ,Adventure",1.0,10.0,2003.0
186,Dragon Ball,9,29,TV Series,6.9,286,8.5,64469,24.0,"Animation ,Action ,Adventure",25.0,11.0,2003.0
186,Dragon Ball,9,28,TV Series,6.8,286,8.5,64469,24.0,"Animation ,Action ,Adventure",24.0,11.0,2003.0
186,Dragon Ball,9,27,TV Series,6.9,310,8.5,64469,24.0,"Animation ,Action ,Adventure",20.0,11.0,2003.0
186,Dragon Ball,9,26,TV Series,8.0,326,8.5,64469,24.0,"Animation ,Action ,Adventure",19.0,11.0,2003.0
186,Dragon Ball,9,25,TV Series,7.9,310,8.5,64469,24.0,"Animation ,Action ,Adventure",18.0,11.0,2003.0
186,Dragon Ball,9,24,TV Series,7.7,319,8.5,64469,24.0,"Animation ,Action ,Adventure",17.0,11.0,2003.0
186,Dragon Ball,9,23,TV Series,7.5,326,8.5,64469,24.0,"Animation ,Action ,Adventure",13.0,11.0,2003.0
186,Dragon Ball,9,22,TV Series,7.8,313,8.5,64469,24.0,"Animation ,Action ,Adventure",12.0,11.0,2003.0
186,Dragon Ball,9,21,TV Series,7.7,318,8.5,64469,24.0,"Animation ,Action ,Adventure",11.0,11.0,2003.0
186,Dragon Ball,9,20,TV Series,8.0,324,8.5,64469,24.0,"Animation ,Action ,Adventure",10.0,11.0,2003.0
186,Dragon Ball,9,19,TV Series,8.0,311,8.5,64469,24.0,"Animation ,Action ,Adventure",6.0,11.0,2003.0
186,Dragon Ball,9,18,TV Series,7.8,318,8.5,64469,24.0,"Animation ,Action ,Adventure",5.0,11.0,2003.0
186,Dragon Ball,9,17,TV Series,7.7,316,8.5,64469,24.0,"Animation ,Action ,Adventure",4.0,11.0,2003.0
186,Dragon Ball,9,16,TV Series,7.7,313,8.5,64469,24.0,"Animation ,Action ,Adventure",3.0,11.0,2003.0
186,Dragon Ball,9,15,TV Series,7.9,311,8.5,64469,24.0,"Animation ,Action ,Adventure",30.0,10.0,2003.0
186,Dragon Ball,9,14,TV Series,8.2,333,8.5,64469,24.0,"Animation ,Action ,Adventure",29.0,10.0,2003.0
186,Dragon Ball,3,2,TV Series,7.4,345,8.5,64469,24.0,"Animation ,Action ,Adventure",12.0,2.0,2002.0
186,Dragon Ball,3,1,TV Series,7.1,347,8.5,64469,24.0,"Animation ,Action ,Adventure",11.0,2.0,2002.0
186,Dragon Ball,2,15,TV Series,8.2,402,8.5,64469,24.0,"Animation ,Action ,Adventure",26.0,9.0,2001.0
186,Dragon Ball,2,14,TV Series,8.2,396,8.5,64469,24.0,"Animation ,Action ,Adventure",25.0,9.0,2001.0
186,Dragon Ball,2,13,TV Series,8.0,386,8.5,64469,24.0,"Animation ,Action ,Adventure",24.0,9.0,2001.0
186,Dragon Ball,2,12,TV Series,8.2,404,8.5,64469,24.0,"Animation ,Action ,Adventure",21.0,9.0,2001.0
186,Dragon Ball,2,11,TV Series,7.7,385,8.5,64469,24.0,"Animation ,Action ,Adventure",20.0,9.0,2001.0
186,Dragon Ball,4,10,TV Series,7.5,347,8.5,64469,24.0,"Animation ,Action ,Adventure",22.0,10.0,2002.0
186,Dragon Ball,4,9,TV Series,7.5,332,8.5,64469,24.0,"Animation ,Action ,Adventure",21.0,10.0,2002.0
186,Dragon Ball,4,8,TV Series,8.2,378,8.5,64469,24.0,"Animation ,Action ,Adventure",15.0,3.0,2002.0
186,Dragon Ball,4,7,TV Series,7.9,360,8.5,64469,24.0,"Animation ,Action ,Adventure",14.0,3.0,2002.0
186,Dragon Ball,4,6,TV Series,7.7,354,8.5,64469,24.0,"Animation ,Action ,Adventure",13.0,3.0,2002.0
186,Dragon Ball,4,5,TV Series,8.1,450,8.5,64469,24.0,"Animation ,Action ,Adventure",12.0,3.0,2002.0
186,Dragon Ball,4,4,TV Series,7.6,332,8.5,64469,24.0,"Animation ,Action ,Adventure",11.0,3.0,2002.0
186,Dragon Ball,4,3,TV Series,7.5,331,8.5,64469,24.0,"Animation ,Action ,Adventure",8.0,3.0,2002.0
186,Dragon Ball,4,2,TV Series,7.4,331,8.5,64469,24.0,"Animation ,Action ,Adventure",7.0,3.0,2002.0
186,Dragon Ball,9,31,TV Series,7.3,294,8.5,64469,24.0,"Animation ,Action ,Adventure",1.0,12.0,2003.0
186,Dragon Ball,9,30,TV Series,7.1,286,8.5,64469,24.0,"Animation ,Action ,Adventure",26.0,11.0,2003.0
186,Dragon Ball,2,3,TV Series,7.4,377,8.5,64469,24.0,"Animation ,Action ,Adventure",10.0,9.0,2001.0
186,Dragon Ball,2,2,TV Series,7.3,381,8.5,64469,24.0,"Animation ,Action ,Adventure",7.0,9.0,2001.0
186,Dragon Ball,2,1,TV Series,7.5,411,8.5,64469,24.0,"Animation ,Action ,Adventure",6.0,9.0,2001.0
186,Dragon Ball,1,13,TV Series,8.0,449,8.5,64469,24.0,"Animation ,Action ,Adventure",5.0,9.0,2001.0
186,Dragon Ball,1,12,TV Series,7.8,446,8.5,64469,24.0,"Animation ,Action ,Adventure",4.0,9.0,2001.0
186,Dragon Ball,1,11,TV Series,7.3,447,8.5,64469,24.0,"Animation ,Action ,Adventure",1.0,9.0,2001.0
186,Dragon Ball,1,10,TV Series,7.4,427,8.5,64469,24.0,"Animation ,Action ,Adventure",31.0,8.0,2001.0
186,Dragon Ball,3,17,TV Series,7.1,324,8.5,64469,24.0,"Animation ,Action ,Adventure",5.0,3.0,2002.0
186,Dragon Ball,3,16,TV Series,7.2,327,8.5,64469,24.0,"Animation ,Action ,Adventure",4.0,3.0,2002.0
186,Dragon Ball,3,15,TV Series,7.4,329,8.5,64469,24.0,"Animation ,Action ,Adventure",1.0,3.0,2002.0
186,Dragon Ball,3,14,TV Series,7.2,327,8.5,64469,24.0,"Animation ,Action ,Adventure",28.0,2.0,2002.0
186,Dragon Ball,3,13,TV Series,7.7,348,8.5,64469,24.0,"Animation ,Action ,Adventure",27.0,2.0,2002.0
186,Dragon Ball,3,12,TV Series,7.5,340,8.5,64469,24.0,"Animation ,Action ,Adventure",26.0,2.0,2002.0
186,Dragon Ball,6,4,TV Series,7.5,327,8.5,64469,24.0,"Animation ,Action ,Adventure",18.0,11.0,2002.0
186,Dragon Ball,6,3,TV Series,7.5,316,8.5,64469,24.0,"Animation ,Action ,Adventure",15.0,11.0,2002.0
186,Dragon Ball,6,2,TV Series,7.4,318,8.5,64469,24.0,"Animation ,Action ,Adventure",14.0,11.0,2002.0
186,Dragon Ball,6,1,TV Series,7.6,330,8.5,64469,24.0,"Animation ,Action ,Adventure",13.0,11.0,2002.0
186,Dragon Ball,5,10,TV Series,7.8,329,8.5,64469,24.0,"Animation ,Action ,Adventure",12.0,11.0,2002.0
186,Dragon Ball,5,9,TV Series,7.6,319,8.5,64469,24.0,"Animation ,Action ,Adventure",11.0,11.0,2002.0
186,Dragon Ball,5,8,TV Series,7.6,324,8.5,64469,24.0,"Animation ,Action ,Adventure",8.0,11.0,2002.0
186,Dragon Ball,5,7,TV Series,8.0,329,8.5,64469,24.0,"Animation ,Action ,Adventure",7.0,11.0,2002.0
186,Dragon Ball,5,6,TV Series,8.2,356,8.5,64469,24.0,"Animation ,Action ,Adventure",6.0,11.0,2002.0
186,Dragon Ball,5,5,TV Series,8.2,328,8.5,64469,24.0,"Animation ,Action ,Adventure",5.0,11.0,2002.0
186,Dragon Ball,1,9,TV Series,7.2,430,8.5,64469,24.0,"Animation ,Action ,Adventure",30.0,8.0,2001.0
186,Dragon Ball,1,8,TV Series,7.9,461,8.5,64469,24.0,"Animation ,Action ,Adventure",29.0,8.0,2001.0
186,Dragon Ball,3,11,TV Series,7.7,373,8.5,64469,24.0,"Animation ,Action ,Adventure",25.0,2.0,2002.0
186,Dragon Ball,3,10,TV Series,7.6,367,8.5,64469,24.0,"Animation ,Action ,Adventure",22.0,2.0,2002.0
186,Dragon Ball,3,9,TV Series,7.6,370,8.5,64469,24.0,"Animation ,Action ,Adventure",21.0,2.0,2002.0
186,Dragon Ball,3,8,TV Series,7.8,370,8.5,64469,24.0,"Animation ,Action ,Adventure",20.0,2.0,2002.0
186,Dragon Ball,3,7,TV Series,7.6,350,8.5,64469,24.0,"Animation ,Action ,Adventure",19.0,2.0,2002.0
186,Dragon Ball,3,6,TV Series,7.5,345,8.5,64469,24.0,"Animation ,Action ,Adventure",18.0,2.0,2002.0
186,Dragon Ball,3,5,TV Series,7.1,331,8.5,64469,24.0,"Animation ,Action ,Adventure",15.0,2.0,2002.0
186,Dragon Ball,1,4,TV Series,7.3,506,8.5,64469,24.0,"Animation ,Action ,Adventure",23.0,8.0,2001.0
186,Dragon Ball,2,10,TV Series,7.7,386,8.5,64469,24.0,"Animation ,Action ,Adventure",19.0,9.0,2001.0
186,Dragon Ball,2,9,TV Series,7.8,384,8.5,64469,24.0,"Animation ,Action ,Adventure",18.0,9.0,2001.0
186,Dragon Ball,2,8,TV Series,7.4,372,8.5,64469,24.0,"Animation ,Action ,Adventure",15.0,9.0,2001.0
186,Dragon Ball,1,7,TV Series,7.5,457,8.5,64469,24.0,"Animation ,Action ,Adventure",28.0,8.0,2001.0
186,Dragon Ball,1,6,TV Series,7.4,466,8.5,64469,24.0,"Animation ,Action ,Adventure",27.0,8.0,2001.0
186,Dragon Ball,1,5,TV Series,7.3,483,8.5,64469,24.0,"Animation ,Action ,Adventure",24.0,8.0,2001.0
187,Jujutsu Kaisen,2,13,TV Series,9.6,8067,8.6,106564,24.0,"Animation ,Action ,Adventure",19.0,10.0,2023.0
187,Jujutsu Kaisen,2,14,TV Series,8.8,4930,8.6,106564,24.0,"Animation ,Action ,Adventure",26.0,10.0,2023.0
187,Jujutsu Kaisen,2,15,TV Series,9.6,8295,8.6,106564,24.0,"Animation ,Action ,Adventure",2.0,11.0,2023.0
187,Jujutsu Kaisen,2,16,TV Series,9.8,14348,8.6,106564,24.0,"Animation ,Action ,Adventure",9.0,11.0,2023.0
187,Jujutsu Kaisen,2,17,TV Series,9.8,12363,8.6,106564,24.0,"Animation ,Action ,Adventure",16.0,11.0,2023.0
187,Jujutsu Kaisen,2,18,TV Series,9.1,5413,8.6,106564,24.0,"Animation ,Action ,Adventure",23.0,11.0,2023.0
187,Jujutsu Kaisen,2,19,TV Series,9.1,5084,8.6,106564,24.0,"Animation ,Action ,Adventure",30.0,11.0,2023.0
187,Jujutsu Kaisen,2,20,TV Series,9.6,6418,8.6,106564,24.0,"Animation ,Action ,Adventure",7.0,12.0,2023.0
187,Jujutsu Kaisen,2,21,TV Series,9.7,7863,8.6,106564,24.0,"Animation ,Action ,Adventure",14.0,12.0,2023.0
187,Jujutsu Kaisen,2,22,TV Series,9.3,4463,8.6,106564,24.0,"Animation ,Action ,Adventure",22.0,12.0,2023.0
187,Jujutsu Kaisen,1,15,TV Series,8.1,3903,8.6,106564,24.0,"Animation ,Action ,Adventure",23.0,1.0,2021.0
187,Jujutsu Kaisen,1,16,TV Series,8.5,4112,8.6,106564,24.0,"Animation ,Action ,Adventure",30.0,1.0,2021.0
187,Jujutsu Kaisen,1,17,TV Series,8.7,4390,8.6,106564,24.0,"Animation ,Action ,Adventure",5.0,2.0,2021.0
187,Jujutsu Kaisen,1,18,TV Series,8.9,4638,8.6,106564,24.0,"Animation ,Action ,Adventure",12.0,2.0,2021.0
187,Jujutsu Kaisen,1,19,TV Series,9.4,7577,8.6,106564,24.0,"Animation ,Action ,Adventure",19.0,2.0,2021.0
187,Jujutsu Kaisen,1,20,TV Series,9.6,10194,8.6,106564,24.0,"Animation ,Action ,Adventure",26.0,2.0,2021.0
187,Jujutsu Kaisen,2,9,TV Series,9.7,10418,8.6,106564,24.0,"Animation ,Action ,Adventure",21.0,9.0,2023.0
187,Jujutsu Kaisen,2,10,TV Series,8.2,4179,8.6,106564,24.0,"Animation ,Action ,Adventure",28.0,9.0,2023.0
187,Jujutsu Kaisen,2,12,TV Series,9.1,5303,8.6,106564,24.0,"Animation ,Action ,Adventure",12.0,10.0,2023.0
187,Jujutsu Kaisen,2,11,TV Series,8.7,4413,8.6,106564,24.0,"Animation ,Action ,Adventure",5.0,10.0,2023.0
187,Jujutsu Kaisen,2,7,TV Series,8.7,4921,8.6,106564,24.0,"Animation ,Action ,Adventure",7.0,9.0,2023.0
187,Jujutsu Kaisen,2,8,TV Series,7.9,4261,8.6,106564,24.0,"Animation ,Action ,Adventure",15.0,9.0,2023.0
187,Jujutsu Kaisen,3,1,TV Series,7.3,0,8.6,106564,24.0,"Animation ,Action ,Adventure",35.0,15.0,2050.0
187,Jujutsu Kaisen,2,23,TV Series,8.7,3504,8.6,106564,24.0,"Animation ,Action ,Adventure",28.0,12.0,2023.0
187,Jujutsu Kaisen,1,5,TV Series,8.3,4345,8.6,106564,24.0,"Animation ,Action ,Adventure",31.0,10.0,2020.0
187,Jujutsu Kaisen,1,4,TV Series,8.8,5038,8.6,106564,24.0,"Animation ,Action ,Adventure",23.0,10.0,2020.0
187,Jujutsu Kaisen,1,3,TV Series,7.7,4353,8.6,106564,24.0,"Animation ,Action ,Adventure",17.0,10.0,2020.0
187,Jujutsu Kaisen,1,2,TV Series,8.0,4574,8.6,106564,24.0,"Animation ,Action ,Adventure",10.0,10.0,2020.0
187,Jujutsu Kaisen,1,1,TV Series,8.1,5133,8.6,106564,24.0,"Animation ,Action ,Adventure",2.0,10.0,2020.0
187,Jujutsu Kaisen,2,6,TV Series,8.0,4245,8.6,106564,24.0,"Animation ,Action ,Adventure",31.0,8.0,2023.0
187,Jujutsu Kaisen,2,5,TV Series,9.1,5841,8.6,106564,24.0,"Animation ,Action ,Adventure",3.0,8.0,2023.0
187,Jujutsu Kaisen,2,4,TV Series,9.6,9265,8.6,106564,24.0,"Animation ,Action ,Adventure",27.0,7.0,2023.0
187,Jujutsu Kaisen,1,10,TV Series,8.2,3939,8.6,106564,24.0,"Animation ,Action ,Adventure",5.0,12.0,2020.0
187,Jujutsu Kaisen,1,7,TV Series,9.3,6360,8.6,106564,24.0,"Animation ,Action ,Adventure",14.0,11.0,2020.0
187,Jujutsu Kaisen,1,8,TV Series,7.5,4129,8.6,106564,24.0,"Animation ,Action ,Adventure",21.0,11.0,2020.0
187,Jujutsu Kaisen,1,9,TV Series,8.0,3959,8.6,106564,24.0,"Animation ,Action ,Adventure",28.0,11.0,2020.0
187,Jujutsu Kaisen,1,12,TV Series,9.4,6541,8.6,106564,24.0,"Animation ,Action ,Adventure",19.0,12.0,2020.0
187,Jujutsu Kaisen,1,11,TV Series,8.5,3995,8.6,106564,24.0,"Animation ,Action ,Adventure",12.0,12.0,2020.0
187,Jujutsu Kaisen,1,13,TV Series,9.3,5445,8.6,106564,24.0,"Animation ,Action ,Adventure",26.0,12.0,2020.0
187,Jujutsu Kaisen,1,6,TV Series,8.1,4200,8.6,106564,24.0,"Animation ,Action ,Adventure",7.0,11.0,2020.0
187,Jujutsu Kaisen,1,22,TV Series,7.8,3737,8.6,106564,24.0,"Animation ,Action ,Adventure",12.0,3.0,2021.0
187,Jujutsu Kaisen,1,24,TV Series,9.4,6115,8.6,106564,24.0,"Animation ,Action ,Adventure",27.0,3.0,2021.0
187,Jujutsu Kaisen,2,1,TV Series,8.0,5123,8.6,106564,24.0,"Animation ,Action ,Adventure",6.0,7.0,2023.0
187,Jujutsu Kaisen,2,3,TV Series,9.6,9322,8.6,106564,24.0,"Animation ,Action ,Adventure",20.0,7.0,2023.0
187,Jujutsu Kaisen,1,21,TV Series,7.5,3897,8.6,106564,24.0,"Animation ,Action ,Adventure",5.0,3.0,2021.0
187,Jujutsu Kaisen,1,23,TV Series,9.0,4994,8.6,106564,24.0,"Animation ,Action ,Adventure",20.0,3.0,2021.0
187,Jujutsu Kaisen,2,2,TV Series,8.2,4799,8.6,106564,24.0,"Animation ,Action ,Adventure",13.0,7.0,2023.0
187,Jujutsu Kaisen,1,14,TV Series,7.7,3849,8.6,106564,24.0,"Animation ,Action ,Adventure",16.0,1.0,2021.0
188,Coupling,2,8,TV Series,9.2,724,8.6,47458,30.0,"Comedy ,Romance",22.0,10.0,2001.0
188,Coupling,2,7,TV Series,8.5,574,8.6,47458,30.0,"Comedy ,Romance",15.0,10.0,2001.0
188,Coupling,3,6,TV Series,8.7,540,8.6,47458,30.0,"Comedy ,Romance",28.0,10.0,2002.0
188,Coupling,3,7,TV Series,8.9,538,8.6,47458,30.0,"Comedy ,Romance",4.0,11.0,2002.0
188,Coupling,4,3,TV Series,7.4,431,8.6,47458,30.0,"Comedy ,Romance",24.0,5.0,2004.0
188,Coupling,4,4,TV Series,7.5,425,8.6,47458,30.0,"Comedy ,Romance",31.0,5.0,2004.0
188,Coupling,4,1,TV Series,8.0,470,8.6,47458,30.0,"Comedy ,Romance",10.0,5.0,2004.0
188,Coupling,4,2,TV Series,7.9,455,8.6,47458,30.0,"Comedy ,Romance",17.0,5.0,2004.0
188,Coupling,2,6,TV Series,8.3,537,8.6,47458,30.0,"Comedy ,Romance",8.0,10.0,2001.0
188,Coupling,2,5,TV Series,8.2,560,8.6,47458,30.0,"Comedy ,Romance",1.0,10.0,2001.0
188,Coupling,2,4,TV Series,8.1,551,8.6,47458,30.0,"Comedy ,Romance",24.0,9.0,2001.0
188,Coupling,2,3,TV Series,8.6,579,8.6,47458,30.0,"Comedy ,Romance",17.0,9.0,2001.0
188,Coupling,2,2,TV Series,8.4,574,8.6,47458,30.0,"Comedy ,Romance",10.0,9.0,2001.0
188,Coupling,2,1,TV Series,9.0,795,8.6,47458,30.0,"Comedy ,Romance",3.0,9.0,2001.0
188,Coupling,1,5,TV Series,9.0,874,8.6,47458,30.0,"Comedy ,Romance",9.0,6.0,2000.0
188,Coupling,4,6,TV Series,8.0,465,8.6,47458,30.0,"Comedy ,Romance",14.0,6.0,2004.0
188,Coupling,3,2,TV Series,8.4,510,8.6,47458,30.0,"Comedy ,Romance",30.0,9.0,2002.0
188,Coupling,3,3,TV Series,8.8,548,8.6,47458,30.0,"Comedy ,Romance",7.0,10.0,2002.0
188,Coupling,1,4,TV Series,9.1,788,8.6,47458,30.0,"Comedy ,Romance",2.0,6.0,2000.0
188,Coupling,1,3,TV Series,8.7,710,8.6,47458,30.0,"Comedy ,Romance",26.0,5.0,2000.0
188,Coupling,1,1,TV Series,8.2,776,8.6,47458,30.0,"Comedy ,Romance",12.0,5.0,2000.0
188,Coupling,1,2,TV Series,8.5,697,8.6,47458,30.0,"Comedy ,Romance",19.0,5.0,2000.0
188,Coupling,4,5,TV Series,7.6,416,8.6,47458,30.0,"Comedy ,Romance",7.0,6.0,2004.0
188,Coupling,2,9,TV Series,9.1,668,8.6,47458,30.0,"Comedy ,Romance",29.0,10.0,2001.0
188,Coupling,3,4,TV Series,8.7,529,8.6,47458,30.0,"Comedy ,Romance",14.0,10.0,2002.0
188,Coupling,3,5,TV Series,8.3,489,8.6,47458,30.0,"Comedy ,Romance",21.0,10.0,2002.0
188,Coupling,3,1,TV Series,8.5,557,8.6,47458,30.0,"Comedy ,Romance",23.0,9.0,2002.0
188,Coupling,1,6,TV Series,8.6,622,8.6,47458,30.0,"Comedy ,Romance",16.0,6.0,2000.0
189,Black Sun,1,10,TV Series,8.9,238,8.9,12312,60.0,"Crime ,Drama ,Thriller",24.0,12.0,2017.0
189,Black Sun,1,9,TV Series,9.1,234,8.9,12312,60.0,"Crime ,Drama ,Thriller",17.0,12.0,2017.0
189,Black Sun,1,1,TV Series,8.8,379,8.9,12312,60.0,"Crime ,Drama ,Thriller",22.0,10.0,2017.0
189,Black Sun,1,2,TV Series,8.9,279,8.9,12312,60.0,"Crime ,Drama ,Thriller",29.0,10.0,2017.0
189,Black Sun,2,8,TV Series,8.8,110,8.9,12312,60.0,"Crime ,Drama ,Thriller",30.0,12.0,2019.0
189,Black Sun,2,7,TV Series,8.7,111,8.9,12312,60.0,"Crime ,Drama ,Thriller",23.0,12.0,2019.0
189,Black Sun,2,1,TV Series,9.0,253,8.9,12312,60.0,"Crime ,Drama ,Thriller",11.0,11.0,2019.0
189,Black Sun,2,2,TV Series,8.9,163,8.9,12312,60.0,"Crime ,Drama ,Thriller",18.0,11.0,2019.0
189,Black Sun,2,3,TV Series,8.7,140,8.9,12312,60.0,"Crime ,Drama ,Thriller",25.0,11.0,2019.0
189,Black Sun,2,4,TV Series,8.7,134,8.9,12312,60.0,"Crime ,Drama ,Thriller",2.0,12.0,2019.0
189,Black Sun,2,5,TV Series,8.5,124,8.9,12312,60.0,"Crime ,Drama ,Thriller",9.0,12.0,2019.0
189,Black Sun,1,5,TV Series,8.8,250,8.9,12312,60.0,"Crime ,Drama ,Thriller",19.0,11.0,2017.0
189,Black Sun,1,3,TV Series,8.7,261,8.9,12312,60.0,"Crime ,Drama ,Thriller",5.0,11.0,2017.0
189,Black Sun,1,6,TV Series,9.0,256,8.9,12312,60.0,"Crime ,Drama ,Thriller",26.0,11.0,2017.0
189,Black Sun,1,8,TV Series,9.0,234,8.9,12312,60.0,"Crime ,Drama ,Thriller",10.0,12.0,2017.0
189,Black Sun,1,7,TV Series,9.2,238,8.9,12312,60.0,"Crime ,Drama ,Thriller",3.0,12.0,2017.0
189,Black Sun,2,10,TV Series,8.8,121,8.9,12312,60.0,"Crime ,Drama ,Thriller",13.0,1.0,2020.0
189,Black Sun,1,4,TV Series,9.0,250,8.9,12312,60.0,"Crime ,Drama ,Thriller",12.0,11.0,2017.0
189,Black Sun,2,9,TV Series,9.1,117,8.9,12312,60.0,"Crime ,Drama ,Thriller",6.0,1.0,2020.0
189,Black Sun,2,6,TV Series,8.5,114,8.9,12312,60.0,"Crime ,Drama ,Thriller",16.0,12.0,2019.0
190,"Yes, Prime Minister",1,6,TV Series,8.5,293,8.6,12748,30.0,Comedy,13.0,2.0,1986.0
190,"Yes, Prime Minister",1,5,TV Series,8.3,275,8.6,12748,30.0,Comedy,6.0,2.0,1986.0
190,"Yes, Prime Minister",1,7,TV Series,8.3,276,8.6,12748,30.0,Comedy,20.0,2.0,1986.0
190,"Yes, Prime Minister",1,8,TV Series,8.5,272,8.6,12748,30.0,Comedy,27.0,2.0,1986.0
190,"Yes, Prime Minister",2,1,TV Series,8.3,280,8.6,12748,30.0,Comedy,3.0,12.0,1987.0
190,"Yes, Prime Minister",2,2,TV Series,8.0,250,8.6,12748,30.0,Comedy,10.0,12.0,1987.0
190,"Yes, Prime Minister",2,3,TV Series,8.5,294,8.6,12748,30.0,Comedy,17.0,12.0,1987.0
190,"Yes, Prime Minister",2,7,TV Series,8.1,244,8.6,12748,30.0,Comedy,21.0,1.0,1988.0
190,"Yes, Prime Minister",2,8,TV Series,8.8,262,8.6,12748,30.0,Comedy,28.0,1.0,1988.0
190,"Yes, Prime Minister",1,1,TV Series,8.4,322,8.6,12748,30.0,Comedy,9.0,1.0,1986.0
190,"Yes, Prime Minister",1,3,TV Series,8.6,300,8.6,12748,30.0,Comedy,23.0,1.0,1986.0
190,"Yes, Prime Minister",1,4,TV Series,9.2,402,8.6,12748,30.0,Comedy,30.0,1.0,1986.0
190,"Yes, Prime Minister",1,2,TV Series,8.3,303,8.6,12748,30.0,Comedy,16.0,1.0,1986.0
190,"Yes, Prime Minister",2,6,TV Series,8.1,245,8.6,12748,30.0,Comedy,14.0,1.0,1988.0
190,"Yes, Prime Minister",2,5,TV Series,8.1,251,8.6,12748,30.0,Comedy,7.0,1.0,1988.0
190,"Yes, Prime Minister",2,4,TV Series,8.0,264,8.6,12748,30.0,Comedy,31.0,12.0,1987.0
191,Rocket Boys,2,6,TV Series,9.0,79,8.9,17796,45.0,"Drama ,History",16.0,3.0,2023.0
191,Rocket Boys,2,5,TV Series,9.0,88,8.9,17796,45.0,"Drama ,History",16.0,3.0,2023.0
191,Rocket Boys,1,7,TV Series,8.5,226,8.9,17796,45.0,"Drama ,History",4.0,2.0,2022.0
191,Rocket Boys,1,8,TV Series,8.8,295,8.9,17796,45.0,"Drama ,History",4.0,2.0,2022.0
191,Rocket Boys,2,1,TV Series,8.7,230,8.9,17796,45.0,"Drama ,History",16.0,3.0,2023.0
191,Rocket Boys,2,2,TV Series,8.7,122,8.9,17796,45.0,"Drama ,History",16.0,3.0,2023.0
191,Rocket Boys,2,3,TV Series,9.0,93,8.9,17796,45.0,"Drama ,History",16.0,3.0,2023.0
191,Rocket Boys,2,4,TV Series,9.1,144,8.9,17796,45.0,"Drama ,History",16.0,3.0,2023.0
191,Rocket Boys,1,6,TV Series,8.0,223,8.9,17796,45.0,"Drama ,History",4.0,2.0,2022.0
191,Rocket Boys,1,4,TV Series,8.2,235,8.9,17796,45.0,"Drama ,History",4.0,2.0,2022.0
191,Rocket Boys,2,8,TV Series,9.2,128,8.9,17796,45.0,"Drama ,History",16.0,3.0,2023.0
191,Rocket Boys,1,1,TV Series,9.0,611,8.9,17796,45.0,"Drama ,History",4.0,2.0,2022.0
191,Rocket Boys,Unknown,Unknown,TV Series,8.1,0,8.9,17796,45.0,"Drama ,History",16.0,3.0,2023.0
191,Rocket Boys,1,3,TV Series,7.7,244,8.9,17796,45.0,"Drama ,History",4.0,2.0,2022.0
191,Rocket Boys,1,2,TV Series,8.0,279,8.9,17796,45.0,"Drama ,History",4.0,2.0,2022.0
191,Rocket Boys,1,5,TV Series,8.1,229,8.9,17796,45.0,"Drama ,History",4.0,2.0,2022.0
191,Rocket Boys,2,7,TV Series,9.2,92,8.9,17796,45.0,"Drama ,History",16.0,3.0,2023.0
192,Impractical Jokers,1,9,TV Series,8.3,314,8.6,45217,30.0,"Comedy ,Reality-TV",2.0,2.0,2012.0
192,Impractical Jokers,2,21,TV Series,8.5,223,8.6,45217,30.0,"Comedy ,Reality-TV",5.0,9.0,2013.0
192,Impractical Jokers,2,20,TV Series,8.5,205,8.6,45217,30.0,"Comedy ,Reality-TV",29.0,8.0,2013.0
192,Impractical Jokers,1,4,TV Series,8.1,387,8.6,45217,30.0,"Comedy ,Reality-TV",29.0,12.0,2011.0
192,Impractical Jokers,1,3,TV Series,8.4,375,8.6,45217,30.0,"Comedy ,Reality-TV",22.0,12.0,2011.0
192,Impractical Jokers,1,2,TV Series,8.2,429,8.6,45217,30.0,"Comedy ,Reality-TV",15.0,12.0,2011.0
192,Impractical Jokers,1,1,TV Series,8.2,506,8.6,45217,30.0,"Comedy ,Reality-TV",15.0,12.0,2011.0
192,Impractical Jokers,2,12,TV Series,8.3,209,8.6,45217,30.0,"Comedy ,Reality-TV",24.0,1.0,2013.0
192,Impractical Jokers,2,11,TV Series,8.2,221,8.6,45217,30.0,"Comedy ,Reality-TV",17.0,1.0,2013.0
192,Impractical Jokers,2,10,TV Series,8.4,237,8.6,45217,30.0,"Comedy ,Reality-TV",10.0,1.0,2013.0
192,Impractical Jokers,2,9,TV Series,8.2,222,8.6,45217,30.0,"Comedy ,Reality-TV",3.0,1.0,2013.0
192,Impractical Jokers,2,8,TV Series,8.2,227,8.6,45217,30.0,"Comedy ,Reality-TV",27.0,12.0,2012.0
192,Impractical Jokers,2,7,TV Series,8.4,243,8.6,45217,30.0,"Comedy ,Reality-TV",20.0,12.0,2012.0
192,Impractical Jokers,2,6,TV Series,8.8,281,8.6,45217,30.0,"Comedy ,Reality-TV",13.0,12.0,2012.0
192,Impractical Jokers,2,5,TV Series,8.3,248,8.6,45217,30.0,"Comedy ,Reality-TV",13.0,12.0,2012.0
192,Impractical Jokers,2,27,TV Series,8.8,221,8.6,45217,30.0,"Comedy ,Reality-TV",5.0,12.0,2013.0
192,Impractical Jokers,3,10,TV Series,8.1,192,8.6,45217,30.0,"Comedy ,Reality-TV",1.0,4.0,2014.0
192,Impractical Jokers,3,25,TV Series,8.1,174,8.6,45217,30.0,"Comedy ,Reality-TV",14.0,8.0,2014.0
192,Impractical Jokers,3,24,TV Series,8.5,181,8.6,45217,30.0,"Comedy ,Reality-TV",7.0,8.0,2014.0
192,Impractical Jokers,2,19,TV Series,8.4,201,8.6,45217,30.0,"Comedy ,Reality-TV",22.0,8.0,2013.0
192,Impractical Jokers,2,18,TV Series,8.9,262,8.6,45217,30.0,"Comedy ,Reality-TV",15.0,8.0,2013.0
192,Impractical Jokers,2,17,TV Series,8.0,220,8.6,45217,30.0,"Comedy ,Reality-TV",8.0,8.0,2013.0
192,Impractical Jokers,2,16,TV Series,8.7,240,8.6,45217,30.0,"Comedy ,Reality-TV",1.0,8.0,2013.0
192,Impractical Jokers,2,15,TV Series,8.3,215,8.6,45217,30.0,"Comedy ,Reality-TV",21.0,2.0,2013.0
192,Impractical Jokers,2,14,TV Series,8.4,211,8.6,45217,30.0,"Comedy ,Reality-TV",14.0,2.0,2013.0
192,Impractical Jokers,2,13,TV Series,8.2,213,8.6,45217,30.0,"Comedy ,Reality-TV",7.0,2.0,2013.0
192,Impractical Jokers,3,16,TV Series,8.4,185,8.6,45217,30.0,"Comedy ,Reality-TV",12.0,6.0,2014.0
192,Impractical Jokers,3,15,TV Series,8.4,199,8.6,45217,30.0,"Comedy ,Reality-TV",29.0,5.0,2014.0
192,Impractical Jokers,3,14,TV Series,8.8,227,8.6,45217,30.0,"Comedy ,Reality-TV",22.0,5.0,2014.0
192,Impractical Jokers,3,13,TV Series,8.6,212,8.6,45217,30.0,"Comedy ,Reality-TV",15.0,5.0,2014.0
192,Impractical Jokers,3,12,TV Series,7.8,175,8.6,45217,30.0,"Comedy ,Reality-TV",17.0,4.0,2014.0
192,Impractical Jokers,1,10,TV Series,7.2,270,8.6,45217,30.0,"Comedy ,Reality-TV",16.0,2.0,2012.0
192,Impractical Jokers,4,10,TV Series,8.4,172,8.6,45217,30.0,"Comedy ,Reality-TV",9.0,4.0,2015.0
192,Impractical Jokers,4,9,TV Series,8.5,167,8.6,45217,30.0,"Comedy ,Reality-TV",2.0,4.0,2015.0
192,Impractical Jokers,4,8,TV Series,8.1,175,8.6,45217,30.0,"Comedy ,Reality-TV",26.0,3.0,2015.0
192,Impractical Jokers,3,7,TV Series,8.5,196,8.6,45217,30.0,"Comedy ,Reality-TV",13.0,2.0,2014.0
192,Impractical Jokers,3,6,TV Series,8.7,204,8.6,45217,30.0,"Comedy ,Reality-TV",6.0,2.0,2014.0
192,Impractical Jokers,3,5,TV Series,8.1,190,8.6,45217,30.0,"Comedy ,Reality-TV",30.0,1.0,2014.0
192,Impractical Jokers,3,4,TV Series,8.8,219,8.6,45217,30.0,"Comedy ,Reality-TV",23.0,1.0,2014.0
192,Impractical Jokers,3,3,TV Series,8.6,219,8.6,45217,30.0,"Comedy ,Reality-TV",16.0,1.0,2014.0
192,Impractical Jokers,3,2,TV Series,8.6,215,8.6,45217,30.0,"Comedy ,Reality-TV",9.0,1.0,2014.0
192,Impractical Jokers,3,1,TV Series,9.0,277,8.6,45217,30.0,"Comedy ,Reality-TV",2.0,1.0,2014.0
192,Impractical Jokers,3,32,TV Series,9.1,247,8.6,45217,30.0,"Comedy ,Reality-TV",30.0,10.0,2014.0
192,Impractical Jokers,3,31,TV Series,8.4,186,8.6,45217,30.0,"Comedy ,Reality-TV",28.0,10.0,2014.0
192,Impractical Jokers,3,30,TV Series,9.0,244,8.6,45217,30.0,"Comedy ,Reality-TV",23.0,10.0,2014.0
192,Impractical Jokers,3,29,TV Series,8.2,166,8.6,45217,30.0,"Comedy ,Reality-TV",16.0,10.0,2014.0
192,Impractical Jokers,3,28,TV Series,8.4,190,8.6,45217,30.0,"Comedy ,Reality-TV",9.0,10.0,2014.0
192,Impractical Jokers,3,27,TV Series,9.4,327,8.6,45217,30.0,"Comedy ,Reality-TV",2.0,10.0,2014.0
192,Impractical Jokers,4,26,TV Series,8.2,161,8.6,45217,30.0,"Comedy ,Reality-TV",24.0,9.0,2015.0
192,Impractical Jokers,4,25,TV Series,8.2,157,8.6,45217,30.0,"Comedy ,Reality-TV",10.0,9.0,2015.0
192,Impractical Jokers,4,24,TV Series,7.8,168,8.6,45217,30.0,"Comedy ,Reality-TV",3.0,9.0,2015.0
192,Impractical Jokers,3,23,TV Series,8.6,203,8.6,45217,30.0,"Comedy ,Reality-TV",31.0,7.0,2014.0
192,Impractical Jokers,3,22,TV Series,8.5,181,8.6,45217,30.0,"Comedy ,Reality-TV",24.0,7.0,2014.0
192,Impractical Jokers,3,21,TV Series,8.1,168,8.6,45217,30.0,"Comedy ,Reality-TV",17.0,7.0,2014.0
192,Impractical Jokers,3,20,TV Series,8.2,182,8.6,45217,30.0,"Comedy ,Reality-TV",10.0,7.0,2014.0
192,Impractical Jokers,3,19,TV Series,8.3,185,8.6,45217,30.0,"Comedy ,Reality-TV",24.0,6.0,2014.0
192,Impractical Jokers,3,18,TV Series,7.6,169,8.6,45217,30.0,"Comedy ,Reality-TV",19.0,6.0,2014.0
192,Impractical Jokers,3,17,TV Series,7.1,142,8.6,45217,30.0,"Comedy ,Reality-TV",15.0,6.0,2014.0
192,Impractical Jokers,4,16,TV Series,8.0,176,8.6,45217,30.0,"Comedy ,Reality-TV",30.0,7.0,2015.0
192,Impractical Jokers,4,15,TV Series,7.8,160,8.6,45217,30.0,"Comedy ,Reality-TV",23.0,7.0,2015.0
192,Impractical Jokers,4,14,TV Series,8.1,176,8.6,45217,30.0,"Comedy ,Reality-TV",16.0,7.0,2015.0
192,Impractical Jokers,4,13,TV Series,8.4,180,8.6,45217,30.0,"Comedy ,Reality-TV",7.0,5.0,2015.0
192,Impractical Jokers,4,12,TV Series,8.0,171,8.6,45217,30.0,"Comedy ,Reality-TV",23.0,4.0,2015.0
192,Impractical Jokers,4,11,TV Series,8.1,171,8.6,45217,30.0,"Comedy ,Reality-TV",16.0,4.0,2015.0
192,Impractical Jokers,5,12,TV Series,8.3,167,8.6,45217,30.0,"Comedy ,Reality-TV",5.0,5.0,2016.0
192,Impractical Jokers,5,11,TV Series,9.3,276,8.6,45217,30.0,"Comedy ,Reality-TV",28.0,4.0,2016.0
192,Impractical Jokers,5,10,TV Series,8.7,178,8.6,45217,30.0,"Comedy ,Reality-TV",21.0,4.0,2016.0
192,Impractical Jokers,4,7,TV Series,8.4,183,8.6,45217,30.0,"Comedy ,Reality-TV",12.0,3.0,2015.0
192,Impractical Jokers,4,6,TV Series,8.7,208,8.6,45217,30.0,"Comedy ,Reality-TV",5.0,3.0,2015.0
192,Impractical Jokers,4,5,TV Series,8.7,190,8.6,45217,30.0,"Comedy ,Reality-TV",26.0,2.0,2015.0
192,Impractical Jokers,4,4,TV Series,8.4,186,8.6,45217,30.0,"Comedy ,Reality-TV",19.0,2.0,2015.0
192,Impractical Jokers,4,3,TV Series,8.6,196,8.6,45217,30.0,"Comedy ,Reality-TV",12.0,2.0,2015.0
192,Impractical Jokers,4,2,TV Series,8.7,204,8.6,45217,30.0,"Comedy ,Reality-TV",5.0,2.0,2015.0
192,Impractical Jokers,4,1,TV Series,8.7,214,8.6,45217,30.0,"Comedy ,Reality-TV",29.0,1.0,2015.0
192,Impractical Jokers,5,2,TV Series,8.3,179,8.6,45217,30.0,"Comedy ,Reality-TV",18.0,2.0,2016.0
192,Impractical Jokers,5,1,TV Series,8.7,206,8.6,45217,30.0,"Comedy ,Reality-TV",11.0,2.0,2016.0
192,Impractical Jokers,5,0,TV Series,7.3,79,8.6,45217,30.0,"Comedy ,Reality-TV",11.0,2.0,2016.0
192,Impractical Jokers,4,29,TV Series,8.1,165,8.6,45217,30.0,"Comedy ,Reality-TV",22.0,10.0,2015.0
192,Impractical Jokers,4,28,TV Series,8.5,182,8.6,45217,30.0,"Comedy ,Reality-TV",15.0,10.0,2015.0
192,Impractical Jokers,4,27,TV Series,8.3,148,8.6,45217,30.0,"Comedy ,Reality-TV",8.0,10.0,2015.0
192,Impractical Jokers,6,2,TV Series,7.8,157,8.6,45217,30.0,"Comedy ,Reality-TV",16.0,2.0,2017.0
192,Impractical Jokers,6,1,TV Series,8.6,194,8.6,45217,30.0,"Comedy ,Reality-TV",9.0,2.0,2017.0
192,Impractical Jokers,5,26,TV Series,6.3,182,8.6,45217,30.0,"Comedy ,Reality-TV",3.0,11.0,2016.0
192,Impractical Jokers,4,23,TV Series,7.8,113,8.6,45217,30.0,"Comedy ,Reality-TV",2.0,9.0,2015.0
192,Impractical Jokers,4,22,TV Series,7.6,124,8.6,45217,30.0,"Comedy ,Reality-TV",1.0,9.0,2015.0
192,Impractical Jokers,4,21,TV Series,7.5,138,8.6,45217,30.0,"Comedy ,Reality-TV",31.0,8.0,2015.0
192,Impractical Jokers,4,20,TV Series,8.1,163,8.6,45217,30.0,"Comedy ,Reality-TV",27.0,8.0,2015.0
192,Impractical Jokers,4,19,TV Series,8.0,178,8.6,45217,30.0,"Comedy ,Reality-TV",20.0,8.0,2015.0
192,Impractical Jokers,4,18,TV Series,8.4,180,8.6,45217,30.0,"Comedy ,Reality-TV",13.0,8.0,2015.0
192,Impractical Jokers,4,17,TV Series,8.3,172,8.6,45217,30.0,"Comedy ,Reality-TV",6.0,8.0,2015.0
192,Impractical Jokers,5,18,TV Series,8.3,158,8.6,45217,30.0,"Comedy ,Reality-TV",18.0,8.0,2016.0
192,Impractical Jokers,5,17,TV Series,8.3,158,8.6,45217,30.0,"Comedy ,Reality-TV",11.0,8.0,2016.0
192,Impractical Jokers,5,16,TV Series,8.2,150,8.6,45217,30.0,"Comedy ,Reality-TV",4.0,8.0,2016.0
192,Impractical Jokers,5,15,TV Series,8.2,156,8.6,45217,30.0,"Comedy ,Reality-TV",28.0,7.0,2016.0
192,Impractical Jokers,5,14,TV Series,8.3,149,8.6,45217,30.0,"Comedy ,Reality-TV",21.0,7.0,2016.0
192,Impractical Jokers,5,13,TV Series,8.6,172,8.6,45217,30.0,"Comedy ,Reality-TV",12.0,5.0,2016.0
192,Impractical Jokers,6,18,TV Series,8.9,201,8.6,45217,30.0,"Comedy ,Reality-TV",10.0,8.0,2017.0
192,Impractical Jokers,6,17,TV Series,8.5,150,8.6,45217,30.0,"Comedy ,Reality-TV",3.0,8.0,2017.0
192,Impractical Jokers,6,16,TV Series,7.8,146,8.6,45217,30.0,"Comedy ,Reality-TV",27.0,7.0,2017.0
192,Impractical Jokers,5,9,TV Series,8.6,183,8.6,45217,30.0,"Comedy ,Reality-TV",14.0,4.0,2016.0
192,Impractical Jokers,5,8,TV Series,8.7,185,8.6,45217,30.0,"Comedy ,Reality-TV",7.0,4.0,2016.0
192,Impractical Jokers,5,7,TV Series,8.2,174,8.6,45217,30.0,"Comedy ,Reality-TV",31.0,3.0,2016.0
192,Impractical Jokers,5,6,TV Series,8.1,164,8.6,45217,30.0,"Comedy ,Reality-TV",24.0,3.0,2016.0
192,Impractical Jokers,5,5,TV Series,8.3,170,8.6,45217,30.0,"Comedy ,Reality-TV",10.0,3.0,2016.0
192,Impractical Jokers,5,4,TV Series,8.5,174,8.6,45217,30.0,"Comedy ,Reality-TV",3.0,3.0,2016.0
192,Impractical Jokers,5,3,TV Series,8.1,168,8.6,45217,30.0,"Comedy ,Reality-TV",25.0,2.0,2016.0
192,Impractical Jokers,6,8,TV Series,8.0,150,8.6,45217,30.0,"Comedy ,Reality-TV",6.0,4.0,2017.0
192,Impractical Jokers,6,7,TV Series,8.8,180,8.6,45217,30.0,"Comedy ,Reality-TV",30.0,3.0,2017.0
192,Impractical Jokers,6,6,TV Series,8.1,153,8.6,45217,30.0,"Comedy ,Reality-TV",23.0,3.0,2017.0
192,Impractical Jokers,6,5,TV Series,8.2,158,8.6,45217,30.0,"Comedy ,Reality-TV",9.0,3.0,2017.0
192,Impractical Jokers,6,4,TV Series,8.4,168,8.6,45217,30.0,"Comedy ,Reality-TV",2.0,3.0,2017.0
192,Impractical Jokers,6,3,TV Series,8.1,156,8.6,45217,30.0,"Comedy ,Reality-TV",23.0,2.0,2017.0
192,Impractical Jokers,7,7,TV Series,7.7,147,8.6,45217,30.0,"Comedy ,Reality-TV",12.0,4.0,2018.0
192,Impractical Jokers,7,6,TV Series,8.2,153,8.6,45217,30.0,"Comedy ,Reality-TV",29.0,3.0,2018.0
192,Impractical Jokers,7,5,TV Series,8.3,157,8.6,45217,30.0,"Comedy ,Reality-TV",22.0,3.0,2018.0
192,Impractical Jokers,5,25,TV Series,8.1,138,8.6,45217,30.0,"Comedy ,Reality-TV",27.0,10.0,2016.0
192,Impractical Jokers,5,24,TV Series,8.3,139,8.6,45217,30.0,"Comedy ,Reality-TV",20.0,10.0,2016.0
192,Impractical Jokers,5,23,TV Series,8.2,141,8.6,45217,30.0,"Comedy ,Reality-TV",13.0,10.0,2016.0
192,Impractical Jokers,5,22,TV Series,8.2,139,8.6,45217,30.0,"Comedy ,Reality-TV",6.0,10.0,2016.0
192,Impractical Jokers,5,21,TV Series,8.2,136,8.6,45217,30.0,"Comedy ,Reality-TV",22.0,9.0,2016.0
192,Impractical Jokers,5,20,TV Series,8.5,144,8.6,45217,30.0,"Comedy ,Reality-TV",15.0,9.0,2016.0
192,Impractical Jokers,5,19,TV Series,8.3,144,8.6,45217,30.0,"Comedy ,Reality-TV",25.0,8.0,2016.0
192,Impractical Jokers,6,24,TV Series,8.4,139,8.6,45217,30.0,"Comedy ,Reality-TV",5.0,10.0,2017.0
192,Impractical Jokers,6,23,TV Series,8.3,136,8.6,45217,30.0,"Comedy ,Reality-TV",28.0,9.0,2017.0
192,Impractical Jokers,6,22,TV Series,8.3,140,8.6,45217,30.0,"Comedy ,Reality-TV",14.0,9.0,2017.0
192,Impractical Jokers,6,21,TV Series,8.4,143,8.6,45217,30.0,"Comedy ,Reality-TV",31.0,8.0,2017.0
192,Impractical Jokers,6,20,TV Series,8.1,139,8.6,45217,30.0,"Comedy ,Reality-TV",24.0,8.0,2017.0
192,Impractical Jokers,6,19,TV Series,8.1,141,8.6,45217,30.0,"Comedy ,Reality-TV",17.0,8.0,2017.0
192,Impractical Jokers,7,23,TV Series,8.0,119,8.6,45217,30.0,"Comedy ,Reality-TV",8.0,11.0,2018.0
192,Impractical Jokers,7,22,TV Series,7.8,106,8.6,45217,30.0,"Comedy ,Reality-TV",1.0,11.0,2018.0
192,Impractical Jokers,7,21,TV Series,8.1,120,8.6,45217,30.0,"Comedy ,Reality-TV",25.0,10.0,2018.0
192,Impractical Jokers,6,15,TV Series,8.2,160,8.6,45217,30.0,"Comedy ,Reality-TV",20.0,7.0,2017.0
192,Impractical Jokers,6,14,TV Series,8.4,147,8.6,45217,30.0,"Comedy ,Reality-TV",13.0,7.0,2017.0
192,Impractical Jokers,6,13,TV Series,8.4,148,8.6,45217,30.0,"Comedy ,Reality-TV",11.0,5.0,2017.0
192,Impractical Jokers,6,12,TV Series,8.0,144,8.6,45217,30.0,"Comedy ,Reality-TV",4.0,5.0,2017.0
192,Impractical Jokers,6,11,TV Series,8.0,142,8.6,45217,30.0,"Comedy ,Reality-TV",27.0,4.0,2017.0
192,Impractical Jokers,6,10,TV Series,8.2,145,8.6,45217,30.0,"Comedy ,Reality-TV",20.0,4.0,2017.0
192,Impractical Jokers,6,9,TV Series,8.1,148,8.6,45217,30.0,"Comedy ,Reality-TV",13.0,4.0,2017.0
192,Impractical Jokers,7,13,TV Series,8.2,139,8.6,45217,30.0,"Comedy ,Reality-TV",30.0,8.0,2018.0
192,Impractical Jokers,7,12,TV Series,8.2,125,8.6,45217,30.0,"Comedy ,Reality-TV",23.0,8.0,2018.0
192,Impractical Jokers,7,11,TV Series,8.0,131,8.6,45217,30.0,"Comedy ,Reality-TV",9.0,8.0,2018.0
192,Impractical Jokers,7,10,TV Series,8.0,131,8.6,45217,30.0,"Comedy ,Reality-TV",2.0,8.0,2018.0
192,Impractical Jokers,7,9,TV Series,8.2,138,8.6,45217,30.0,"Comedy ,Reality-TV",3.0,5.0,2018.0
192,Impractical Jokers,7,8,TV Series,7.8,140,8.6,45217,30.0,"Comedy ,Reality-TV",26.0,4.0,2018.0
192,Impractical Jokers,8,13,TV Series,8.4,137,8.6,45217,30.0,"Comedy ,Reality-TV",29.0,8.0,2019.0
192,Impractical Jokers,8,12,TV Series,8.6,138,8.6,45217,30.0,"Comedy ,Reality-TV",22.0,8.0,2019.0
192,Impractical Jokers,8,11,TV Series,8.9,157,8.6,45217,30.0,"Comedy ,Reality-TV",15.0,8.0,2019.0
192,Impractical Jokers,7,4,TV Series,7.8,140,8.6,45217,30.0,"Comedy ,Reality-TV",1.0,3.0,2018.0
192,Impractical Jokers,7,3,TV Series,8.0,144,8.6,45217,30.0,"Comedy ,Reality-TV",15.0,2.0,2018.0
192,Impractical Jokers,7,2,TV Series,8.1,147,8.6,45217,30.0,"Comedy ,Reality-TV",8.0,2.0,2018.0
192,Impractical Jokers,7,1,TV Series,7.9,168,8.6,45217,30.0,"Comedy ,Reality-TV",1.0,2.0,2018.0
192,Impractical Jokers,7,0,TV Series,6.9,59,8.6,45217,30.0,"Comedy ,Reality-TV",4.0,10.0,2018.0
192,Impractical Jokers,6,26,TV Series,7.4,129,8.6,45217,30.0,"Comedy ,Reality-TV",2.0,11.0,2017.0
192,Impractical Jokers,6,25,TV Series,8.1,131,8.6,45217,30.0,"Comedy ,Reality-TV",12.0,10.0,2017.0
192,Impractical Jokers,8,3,TV Series,8.8,189,8.6,45217,30.0,"Comedy ,Reality-TV",11.0,4.0,2019.0
192,Impractical Jokers,8,2,TV Series,8.2,156,8.6,45217,30.0,"Comedy ,Reality-TV",4.0,4.0,2019.0
192,Impractical Jokers,8,1,TV Series,7.7,159,8.6,45217,30.0,"Comedy ,Reality-TV",28.0,3.0,2019.0
192,Impractical Jokers,7,26,TV Series,6.8,106,8.6,45217,30.0,"Comedy ,Reality-TV",6.0,12.0,2018.0
192,Impractical Jokers,7,25,TV Series,7.8,113,8.6,45217,30.0,"Comedy ,Reality-TV",29.0,11.0,2018.0
192,Impractical Jokers,7,24,TV Series,7.6,114,8.6,45217,30.0,"Comedy ,Reality-TV",15.0,11.0,2018.0
192,Impractical Jokers,9,2,TV Series,7.8,150,8.6,45217,30.0,"Comedy ,Reality-TV",11.0,2.0,2021.0
192,Impractical Jokers,9,1,TV Series,8.3,178,8.6,45217,30.0,"Comedy ,Reality-TV",4.0,2.0,2021.0
192,Impractical Jokers,8,27,TV Series,4.7,90,8.6,45217,30.0,"Comedy ,Reality-TV",12.0,3.0,2020.0
192,Impractical Jokers,7,20,TV Series,7.7,117,8.6,45217,30.0,"Comedy ,Reality-TV",18.0,10.0,2018.0
192,Impractical Jokers,7,19,TV Series,7.2,113,8.6,45217,30.0,"Comedy ,Reality-TV",11.0,10.0,2018.0
192,Impractical Jokers,7,18,TV Series,7.7,111,8.6,45217,30.0,"Comedy ,Reality-TV",4.0,10.0,2018.0
192,Impractical Jokers,7,17,TV Series,8.2,133,8.6,45217,30.0,"Comedy ,Reality-TV",27.0,9.0,2018.0
192,Impractical Jokers,7,16,TV Series,7.9,119,8.6,45217,30.0,"Comedy ,Reality-TV",20.0,9.0,2018.0
192,Impractical Jokers,7,15,TV Series,7.9,123,8.6,45217,30.0,"Comedy ,Reality-TV",13.0,9.0,2018.0
192,Impractical Jokers,7,14,TV Series,8.1,117,8.6,45217,30.0,"Comedy ,Reality-TV",30.0,8.0,2018.0
192,Impractical Jokers,8,19,TV Series,7.8,121,8.6,45217,30.0,"Comedy ,Reality-TV",17.0,10.0,2019.0
192,Impractical Jokers,8,18,TV Series,8.1,120,8.6,45217,30.0,"Comedy ,Reality-TV",10.0,10.0,2019.0
192,Impractical Jokers,8,17,TV Series,8.2,124,8.6,45217,30.0,"Comedy ,Reality-TV",3.0,10.0,2019.0
192,Impractical Jokers,8,16,TV Series,8.4,118,8.6,45217,30.0,"Comedy ,Reality-TV",26.0,9.0,2019.0
192,Impractical Jokers,8,15,TV Series,8.4,130,8.6,45217,30.0,"Comedy ,Reality-TV",19.0,9.0,2019.0
192,Impractical Jokers,8,14,TV Series,8.4,145,8.6,45217,30.0,"Comedy ,Reality-TV",12.0,9.0,2019.0
192,Impractical Jokers,9,18,TV Series,6.1,153,8.6,45217,30.0,"Comedy ,Reality-TV",2.0,4.0,2022.0
192,Impractical Jokers,9,17,TV Series,7.8,91,8.6,45217,30.0,"Comedy ,Reality-TV",19.0,8.0,2021.0
192,Impractical Jokers,9,16,TV Series,7.9,90,8.6,45217,30.0,"Comedy ,Reality-TV",12.0,8.0,2021.0
192,Impractical Jokers,8,10,TV Series,8.3,135,8.6,45217,30.0,"Comedy ,Reality-TV",8.0,8.0,2019.0
192,Impractical Jokers,8,9,TV Series,8.1,139,8.6,45217,30.0,"Comedy ,Reality-TV",30.0,5.0,2019.0
192,Impractical Jokers,8,8,TV Series,8.5,156,8.6,45217,30.0,"Comedy ,Reality-TV",23.0,5.0,2019.0
192,Impractical Jokers,8,7,TV Series,8.6,153,8.6,45217,30.0,"Comedy ,Reality-TV",9.0,5.0,2019.0
192,Impractical Jokers,8,6,TV Series,8.2,148,8.6,45217,30.0,"Comedy ,Reality-TV",2.0,5.0,2019.0
192,Impractical Jokers,8,5,TV Series,8.0,137,8.6,45217,30.0,"Comedy ,Reality-TV",25.0,4.0,2019.0
192,Impractical Jokers,8,4,TV Series,8.6,163,8.6,45217,30.0,"Comedy ,Reality-TV",18.0,4.0,2019.0
192,Impractical Jokers,9,8,TV Series,8.6,126,8.6,45217,30.0,"Comedy ,Reality-TV",15.0,4.0,2021.0
192,Impractical Jokers,9,7,TV Series,8.1,123,8.6,45217,30.0,"Comedy ,Reality-TV",25.0,3.0,2021.0
192,Impractical Jokers,9,6,TV Series,8.9,164,8.6,45217,30.0,"Comedy ,Reality-TV",11.0,3.0,2021.0
192,Impractical Jokers,9,5,TV Series,8.5,132,8.6,45217,30.0,"Comedy ,Reality-TV",4.0,3.0,2021.0
192,Impractical Jokers,9,4,TV Series,8.6,139,8.6,45217,30.0,"Comedy ,Reality-TV",25.0,2.0,2021.0
192,Impractical Jokers,9,3,TV Series,8.8,160,8.6,45217,30.0,"Comedy ,Reality-TV",18.0,2.0,2021.0
192,Impractical Jokers,10,8,TV Series,7.0,74,8.6,45217,30.0,"Comedy ,Reality-TV",6.0,4.0,2023.0
192,Impractical Jokers,10,7,TV Series,6.7,74,8.6,45217,30.0,"Comedy ,Reality-TV",30.0,3.0,2023.0
192,Impractical Jokers,10,6,TV Series,4.0,88,8.6,45217,30.0,"Comedy ,Reality-TV",19.0,3.0,2023.0
192,Impractical Jokers,8,26,TV Series,7.9,118,8.6,45217,30.0,"Comedy ,Reality-TV",5.0,3.0,2020.0
192,Impractical Jokers,8,25,TV Series,8.0,109,8.6,45217,30.0,"Comedy ,Reality-TV",27.0,2.0,2020.0
192,Impractical Jokers,8,24,TV Series,8.9,147,8.6,45217,30.0,"Comedy ,Reality-TV",20.0,2.0,2020.0
192,Impractical Jokers,8,23,TV Series,8.0,121,8.6,45217,30.0,"Comedy ,Reality-TV",13.0,2.0,2020.0
192,Impractical Jokers,8,22,TV Series,8.3,117,8.6,45217,30.0,"Comedy ,Reality-TV",6.0,2.0,2020.0
192,Impractical Jokers,8,21,TV Series,8.0,117,8.6,45217,30.0,"Comedy ,Reality-TV",30.0,1.0,2020.0
192,Impractical Jokers,8,20,TV Series,8.6,135,8.6,45217,30.0,"Comedy ,Reality-TV",24.0,10.0,2019.0
192,Impractical Jokers,9,24,TV Series,7.5,89,8.6,45217,30.0,"Comedy ,Reality-TV",21.0,7.0,2022.0
192,Impractical Jokers,9,23,TV Series,7.4,91,8.6,45217,30.0,"Comedy ,Reality-TV",14.0,7.0,2022.0
192,Impractical Jokers,9,22,TV Series,7.0,95,8.6,45217,30.0,"Comedy ,Reality-TV",7.0,7.0,2022.0
192,Impractical Jokers,9,21,TV Series,6.8,100,8.6,45217,30.0,"Comedy ,Reality-TV",30.0,6.0,2022.0
192,Impractical Jokers,9,20,TV Series,6.5,97,8.6,45217,30.0,"Comedy ,Reality-TV",23.0,6.0,2022.0
192,Impractical Jokers,9,19,TV Series,6.6,116,8.6,45217,30.0,"Comedy ,Reality-TV",16.0,6.0,2022.0
192,Impractical Jokers,Unknown,Unknown,TV Series,6.8,47,8.6,45217,30.0,"Comedy ,Reality-TV",26.0,10.0,2017.0
192,Impractical Jokers,Unknown,Unknown,TV Series,6.9,52,8.6,45217,30.0,"Comedy ,Reality-TV",26.0,10.0,2017.0
192,Impractical Jokers,Unknown,Unknown,TV Series,7.0,57,8.6,45217,30.0,"Comedy ,Reality-TV",11.0,5.0,2017.0
192,Impractical Jokers,9,15,TV Series,7.8,91,8.6,45217,30.0,"Comedy ,Reality-TV",5.0,8.0,2021.0
192,Impractical Jokers,9,14,TV Series,8.1,107,8.6,45217,30.0,"Comedy ,Reality-TV",29.0,7.0,2021.0
192,Impractical Jokers,9,13,TV Series,8.2,112,8.6,45217,30.0,"Comedy ,Reality-TV",22.0,7.0,2021.0
192,Impractical Jokers,9,12,TV Series,7.7,92,8.6,45217,30.0,"Comedy ,Reality-TV",15.0,7.0,2021.0
192,Impractical Jokers,9,11,TV Series,7.8,105,8.6,45217,30.0,"Comedy ,Reality-TV",8.0,7.0,2021.0
192,Impractical Jokers,9,10,TV Series,7.9,108,8.6,45217,30.0,"Comedy ,Reality-TV",29.0,4.0,2021.0
192,Impractical Jokers,9,9,TV Series,8.1,114,8.6,45217,30.0,"Comedy ,Reality-TV",22.0,4.0,2021.0
192,Impractical Jokers,10,14,TV Series,7.7,0,8.6,45217,30.0,"Comedy ,Reality-TV",29.0,2.0,2024.0
192,Impractical Jokers,10,13,TV Series,7.7,0,8.6,45217,30.0,"Comedy ,Reality-TV",22.0,2.0,2024.0
192,Impractical Jokers,10,12,TV Series,8.5,30,8.6,45217,30.0,"Comedy ,Reality-TV",15.0,2.0,2024.0
192,Impractical Jokers,10,11,TV Series,7.1,32,8.6,45217,30.0,"Comedy ,Reality-TV",8.0,2.0,2024.0
192,Impractical Jokers,10,10,TV Series,7.7,70,8.6,45217,30.0,"Comedy ,Reality-TV",27.0,4.0,2023.0
192,Impractical Jokers,10,9,TV Series,8.0,78,8.6,45217,30.0,"Comedy ,Reality-TV",13.0,4.0,2023.0
192,Impractical Jokers,Unknown,Unknown,TV Series,6.8,26,8.6,45217,30.0,"Comedy ,Reality-TV",8.0,4.0,2021.0
192,Impractical Jokers,Unknown,Unknown,TV Series,5.0,57,8.6,45217,30.0,"Comedy ,Reality-TV",1.0,4.0,2021.0
192,Impractical Jokers,Unknown,Unknown,TV Series,6.9,23,8.6,45217,30.0,"Comedy ,Reality-TV",13.0,2.0,2020.0
192,Impractical Jokers,10,5,TV Series,7.0,94,8.6,45217,30.0,"Comedy ,Reality-TV",9.0,3.0,2023.0
192,Impractical Jokers,10,4,TV Series,8.0,102,8.6,45217,30.0,"Comedy ,Reality-TV",2.0,3.0,2023.0
192,Impractical Jokers,10,3,TV Series,7.6,93,8.6,45217,30.0,"Comedy ,Reality-TV",23.0,2.0,2023.0
192,Impractical Jokers,10,2,TV Series,7.9,112,8.6,45217,30.0,"Comedy ,Reality-TV",16.0,2.0,2023.0
192,Impractical Jokers,10,1,TV Series,7.8,118,8.6,45217,30.0,"Comedy ,Reality-TV",9.0,2.0,2023.0
192,Impractical Jokers,9,26,TV Series,8.2,116,8.6,45217,30.0,"Comedy ,Reality-TV",4.0,8.0,2022.0
192,Impractical Jokers,9,25,TV Series,7.4,88,8.6,45217,30.0,"Comedy ,Reality-TV",28.0,7.0,2022.0
192,Impractical Jokers,Unknown,Unknown,TV Series,5.7,45,8.6,45217,30.0,"Comedy ,Reality-TV",8.0,3.0,2018.0
192,Impractical Jokers,Unknown,Unknown,TV Series,5.8,42,8.6,45217,30.0,"Comedy ,Reality-TV",22.0,2.0,2018.0
192,Impractical Jokers,Unknown,Unknown,TV Series,6.6,44,8.6,45217,30.0,"Comedy ,Reality-TV",24.0,11.0,2017.0
192,Impractical Jokers,Unknown,Unknown,TV Series,6.3,44,8.6,45217,30.0,"Comedy ,Reality-TV",2.0,11.0,2017.0
192,Impractical Jokers,Unknown,Unknown,TV Series,6.9,47,8.6,45217,30.0,"Comedy ,Reality-TV",26.0,10.0,2017.0
192,Impractical Jokers,Unknown,Unknown,TV Series,6.9,48,8.6,45217,30.0,"Comedy ,Reality-TV",26.0,10.0,2017.0
192,Impractical Jokers,Unknown,Unknown,TV Series,5.9,50,8.6,45217,30.0,"Comedy ,Reality-TV",12.0,3.0,2017.0
192,Impractical Jokers,Unknown,Unknown,TV Series,7.5,61,8.6,45217,30.0,"Comedy ,Reality-TV",31.0,10.0,2016.0
192,Impractical Jokers,Unknown,Unknown,TV Series,6.8,50,8.6,45217,30.0,"Comedy ,Reality-TV",8.0,9.0,2016.0
192,Impractical Jokers,Unknown,Unknown,TV Series,8.4,74,8.6,45217,30.0,"Comedy ,Reality-TV",14.0,7.0,2016.0
192,Impractical Jokers,Unknown,Unknown,TV Series,6.9,56,8.6,45217,30.0,"Comedy ,Reality-TV",19.0,5.0,2016.0
192,Impractical Jokers,Unknown,Unknown,TV Series,6.3,53,8.6,45217,30.0,"Comedy ,Reality-TV",13.0,3.0,2016.0
192,Impractical Jokers,Unknown,Unknown,TV Series,6.3,60,8.6,45217,30.0,"Comedy ,Reality-TV",4.0,2.0,2016.0
192,Impractical Jokers,Unknown,Unknown,TV Series,6.0,25,8.6,45217,30.0,"Comedy ,Reality-TV",11.0,8.0,2022.0
192,Impractical Jokers,Unknown,Unknown,TV Series,5.3,42,8.6,45217,30.0,"Comedy ,Reality-TV",26.0,7.0,2022.0
192,Impractical Jokers,Unknown,Unknown,TV Series,7.8,27,8.6,45217,30.0,"Comedy ,Reality-TV",1.0,7.0,2021.0
192,Impractical Jokers,Unknown,Unknown,TV Series,6.8,22,8.6,45217,30.0,"Comedy ,Reality-TV",13.0,2.0,2020.0
192,Impractical Jokers,Unknown,Unknown,TV Series,7.5,48,8.6,45217,30.0,"Comedy ,Reality-TV",31.0,10.0,2019.0
192,Impractical Jokers,Unknown,Unknown,TV Series,5.9,43,8.6,45217,30.0,"Comedy ,Reality-TV",16.0,5.0,2019.0
192,Impractical Jokers,Unknown,Unknown,TV Series,4.8,41,8.6,45217,30.0,"Comedy ,Reality-TV",14.0,3.0,2019.0
192,Impractical Jokers,Unknown,Unknown,TV Series,6.7,40,8.6,45217,30.0,"Comedy ,Reality-TV",6.0,12.0,2018.0
192,Impractical Jokers,Unknown,Unknown,TV Series,8.0,0,8.6,45217,30.0,"Comedy ,Reality-TV",3.0,5.0,2018.0
192,Impractical Jokers,Unknown,Unknown,TV Series,5.9,43,8.6,45217,30.0,"Comedy ,Reality-TV",5.0,4.0,2018.0
192,Impractical Jokers,2,4,TV Series,7.1,216,8.6,45217,30.0,"Comedy ,Reality-TV",27.0,9.0,2012.0
192,Impractical Jokers,2,26,TV Series,8.4,208,8.6,45217,30.0,"Comedy ,Reality-TV",14.0,11.0,2013.0
192,Impractical Jokers,2,25,TV Series,8.5,206,8.6,45217,30.0,"Comedy ,Reality-TV",7.0,11.0,2013.0
192,Impractical Jokers,2,24,TV Series,8.6,205,8.6,45217,30.0,"Comedy ,Reality-TV",31.0,10.0,2013.0
192,Impractical Jokers,2,23,TV Series,8.8,238,8.6,45217,30.0,"Comedy ,Reality-TV",24.0,10.0,2013.0
192,Impractical Jokers,2,22,TV Series,8.9,249,8.6,45217,30.0,"Comedy ,Reality-TV",12.0,9.0,2013.0
192,Impractical Jokers,3,26,TV Series,8.8,214,8.6,45217,30.0,"Comedy ,Reality-TV",25.0,9.0,2014.0
192,Impractical Jokers,1,8,TV Series,8.3,337,8.6,45217,30.0,"Comedy ,Reality-TV",26.0,1.0,2012.0
192,Impractical Jokers,1,7,TV Series,8.4,344,8.6,45217,30.0,"Comedy ,Reality-TV",19.0,1.0,2012.0
192,Impractical Jokers,1,6,TV Series,8.1,350,8.6,45217,30.0,"Comedy ,Reality-TV",12.0,1.0,2012.0
192,Impractical Jokers,1,5,TV Series,8.3,365,8.6,45217,30.0,"Comedy ,Reality-TV",5.0,1.0,2012.0
192,Impractical Jokers,3,9,TV Series,8.5,213,8.6,45217,30.0,"Comedy ,Reality-TV",27.0,3.0,2014.0
192,Impractical Jokers,3,8,TV Series,8.0,177,8.6,45217,30.0,"Comedy ,Reality-TV",20.0,2.0,2014.0
192,Impractical Jokers,2,3,TV Series,8.5,264,8.6,45217,30.0,"Comedy ,Reality-TV",20.0,9.0,2012.0
192,Impractical Jokers,2,2,TV Series,7.0,225,8.6,45217,30.0,"Comedy ,Reality-TV",13.0,9.0,2012.0
192,Impractical Jokers,2,1,TV Series,8.7,288,8.6,45217,30.0,"Comedy ,Reality-TV",6.0,9.0,2012.0
192,Impractical Jokers,1,17,TV Series,8.4,274,8.6,45217,30.0,"Comedy ,Reality-TV",3.0,5.0,2012.0
192,Impractical Jokers,1,16,TV Series,8.1,274,8.6,45217,30.0,"Comedy ,Reality-TV",26.0,4.0,2012.0
192,Impractical Jokers,1,15,TV Series,8.3,287,8.6,45217,30.0,"Comedy ,Reality-TV",19.0,4.0,2012.0
192,Impractical Jokers,1,14,TV Series,8.4,287,8.6,45217,30.0,"Comedy ,Reality-TV",12.0,4.0,2012.0
192,Impractical Jokers,2,28,TV Series,8.1,201,8.6,45217,30.0,"Comedy ,Reality-TV",12.0,12.0,2013.0
192,Impractical Jokers,3,11,TV Series,8.5,199,8.6,45217,30.0,"Comedy ,Reality-TV",10.0,4.0,2014.0
192,Impractical Jokers,1,11,TV Series,8.4,301,8.6,45217,30.0,"Comedy ,Reality-TV",29.0,3.0,2012.0
192,Impractical Jokers,1,12,TV Series,8.3,297,8.6,45217,30.0,"Comedy ,Reality-TV",29.0,3.0,2012.0
192,Impractical Jokers,1,13,TV Series,8.3,290,8.6,45217,30.0,"Comedy ,Reality-TV",5.0,4.0,2012.0
193,Samurai Champloo,1,5,TV Series,7.8,627,8.6,54591,24.0,"Animation ,Action ,Adventure",23.0,6.0,2004.0
193,Samurai Champloo,1,4,TV Series,8.1,643,8.6,54591,24.0,"Animation ,Action ,Adventure",16.0,6.0,2004.0
193,Samurai Champloo,1,26,TV Series,9.2,767,8.6,54591,24.0,"Animation ,Action ,Adventure",19.0,3.0,2005.0
193,Samurai Champloo,1,25,TV Series,9.0,649,8.6,54591,24.0,"Animation ,Action ,Adventure",12.0,3.0,2005.0
193,Samurai Champloo,1,24,TV Series,8.5,567,8.6,54591,24.0,"Animation ,Action ,Adventure",5.0,3.0,2005.0
193,Samurai Champloo,1,23,TV Series,7.7,593,8.6,54591,24.0,"Animation ,Action ,Adventure",25.0,2.0,2005.0
193,Samurai Champloo,1,11,TV Series,8.9,789,8.6,54591,24.0,"Animation ,Action ,Adventure",4.0,8.0,2004.0
193,Samurai Champloo,1,13,TV Series,7.9,572,8.6,54591,24.0,"Animation ,Action ,Adventure",25.0,8.0,2004.0
193,Samurai Champloo,1,22,TV Series,6.8,580,8.6,54591,24.0,"Animation ,Action ,Adventure",18.0,2.0,2005.0
193,Samurai Champloo,1,19,TV Series,7.5,533,8.6,54591,24.0,"Animation ,Action ,Adventure",29.0,1.0,2005.0
193,Samurai Champloo,1,18,TV Series,7.7,561,8.6,54591,24.0,"Animation ,Action ,Adventure",22.0,1.0,2005.0
193,Samurai Champloo,1,17,TV Series,8.1,562,8.6,54591,24.0,"Animation ,Action ,Adventure",22.0,9.0,2004.0
193,Samurai Champloo,1,21,TV Series,9.0,670,8.6,54591,24.0,"Animation ,Action ,Adventure",11.0,2.0,2005.0
193,Samurai Champloo,1,15,TV Series,8.3,592,8.6,54591,24.0,"Animation ,Action ,Adventure",8.0,9.0,2004.0
193,Samurai Champloo,1,14,TV Series,8.8,712,8.6,54591,24.0,"Animation ,Action ,Adventure",1.0,9.0,2004.0
193,Samurai Champloo,1,20,TV Series,8.5,589,8.6,54591,24.0,"Animation ,Action ,Adventure",4.0,2.0,2005.0
193,Samurai Champloo,1,3,TV Series,7.8,653,8.6,54591,24.0,"Animation ,Action ,Adventure",9.0,6.0,2004.0
193,Samurai Champloo,1,2,TV Series,7.8,703,8.6,54591,24.0,"Animation ,Action ,Adventure",2.0,6.0,2004.0
193,Samurai Champloo,1,1,TV Series,8.5,880,8.6,54591,24.0,"Animation ,Action ,Adventure",19.0,5.0,2004.0
193,Samurai Champloo,1,12,TV Series,6.8,557,8.6,54591,24.0,"Animation ,Action ,Adventure",11.0,8.0,2004.0
193,Samurai Champloo,1,10,TV Series,8.4,620,8.6,54591,24.0,"Animation ,Action ,Adventure",28.0,7.0,2004.0
193,Samurai Champloo,1,9,TV Series,8.1,626,8.6,54591,24.0,"Animation ,Action ,Adventure",21.0,7.0,2004.0
193,Samurai Champloo,1,8,TV Series,7.8,599,8.6,54591,24.0,"Animation ,Action ,Adventure",14.0,7.0,2004.0
193,Samurai Champloo,1,7,TV Series,8.0,626,8.6,54591,24.0,"Animation ,Action ,Adventure",7.0,7.0,2004.0
193,Samurai Champloo,1,6,TV Series,7.6,614,8.6,54591,24.0,"Animation ,Action ,Adventure",30.0,6.0,2004.0
193,Samurai Champloo,1,16,TV Series,7.8,539,8.6,54591,24.0,"Animation ,Action ,Adventure",15.0,9.0,2004.0
194,The Eric Andre Show,1,1,TV Series,7.9,404,8.6,21623,11.0,"Comedy ,Talk-Show",20.0,5.0,2012.0
194,The Eric Andre Show,1,2,TV Series,7.8,322,8.6,21623,11.0,"Comedy ,Talk-Show",27.0,5.0,2012.0
194,The Eric Andre Show,3,4,TV Series,8.1,210,8.6,21623,11.0,"Comedy ,Talk-Show",27.0,11.0,2014.0
194,The Eric Andre Show,3,3,TV Series,7.8,208,8.6,21623,11.0,"Comedy ,Talk-Show",20.0,11.0,2014.0
194,The Eric Andre Show,3,2,TV Series,9.2,355,8.6,21623,11.0,"Comedy ,Talk-Show",13.0,11.0,2014.0
194,The Eric Andre Show,3,1,TV Series,8.8,304,8.6,21623,11.0,"Comedy ,Talk-Show",6.0,11.0,2014.0
194,The Eric Andre Show,2,10,TV Series,8.4,255,8.6,21623,11.0,"Comedy ,Talk-Show",12.0,12.0,2013.0
194,The Eric Andre Show,2,9,TV Series,8.7,234,8.6,21623,11.0,"Comedy ,Talk-Show",5.0,12.0,2013.0
194,The Eric Andre Show,2,8,TV Series,7.8,198,8.6,21623,11.0,"Comedy ,Talk-Show",21.0,11.0,2013.0
194,The Eric Andre Show,5,8,TV Series,7.8,165,8.6,21623,11.0,"Comedy ,Talk-Show",15.0,11.0,2020.0
194,The Eric Andre Show,Unknown,Unknown,TV Series,7.4,33,8.6,21623,11.0,"Comedy ,Talk-Show",22.0,7.0,2016.0
194,The Eric Andre Show,4,1,TV Series,8.4,227,8.6,21623,11.0,"Comedy ,Talk-Show",6.0,8.0,2016.0
194,The Eric Andre Show,3,10,TV Series,8.9,318,8.6,21623,11.0,"Comedy ,Talk-Show",23.0,1.0,2015.0
194,The Eric Andre Show,3,9,TV Series,9.0,241,8.6,21623,11.0,"Comedy ,Talk-Show",16.0,1.0,2015.0
194,The Eric Andre Show,3,8,TV Series,8.6,247,8.6,21623,11.0,"Comedy ,Talk-Show",9.0,1.0,2015.0
194,The Eric Andre Show,3,7,TV Series,8.0,182,8.6,21623,11.0,"Comedy ,Talk-Show",18.0,12.0,2014.0
194,The Eric Andre Show,3,6,TV Series,8.5,216,8.6,21623,11.0,"Comedy ,Talk-Show",11.0,12.0,2014.0
194,The Eric Andre Show,3,5,TV Series,8.8,252,8.6,21623,11.0,"Comedy ,Talk-Show",4.0,12.0,2014.0
194,The Eric Andre Show,6,5,TV Series,8.1,115,8.6,21623,11.0,"Comedy ,Talk-Show",18.0,6.0,2023.0
194,The Eric Andre Show,6,4,TV Series,7.6,121,8.6,21623,11.0,"Comedy ,Talk-Show",11.0,6.0,2023.0
194,The Eric Andre Show,6,3,TV Series,7.7,128,8.6,21623,11.0,"Comedy ,Talk-Show",11.0,6.0,2023.0
194,The Eric Andre Show,6,2,TV Series,8.4,154,8.6,21623,11.0,"Comedy ,Talk-Show",4.0,6.0,2023.0
194,The Eric Andre Show,6,1,TV Series,8.5,163,8.6,21623,11.0,"Comedy ,Talk-Show",4.0,6.0,2023.0
194,The Eric Andre Show,5,10,TV Series,9.1,194,8.6,21623,11.0,"Comedy ,Talk-Show",23.0,11.0,2020.0
194,The Eric Andre Show,5,9,TV Series,8.4,164,8.6,21623,11.0,"Comedy ,Talk-Show",22.0,11.0,2020.0
194,The Eric Andre Show,5,6,TV Series,8.8,213,8.6,21623,11.0,"Comedy ,Talk-Show",8.0,11.0,2020.0
194,The Eric Andre Show,5,4,TV Series,9.0,275,8.6,21623,11.0,"Comedy ,Talk-Show",1.0,11.0,2020.0
194,The Eric Andre Show,5,5,TV Series,8.2,184,8.6,21623,11.0,"Comedy ,Talk-Show",8.0,11.0,2020.0
194,The Eric Andre Show,5,3,TV Series,8.6,232,8.6,21623,11.0,"Comedy ,Talk-Show",1.0,11.0,2020.0
194,The Eric Andre Show,5,2,TV Series,8.6,272,8.6,21623,11.0,"Comedy ,Talk-Show",25.0,10.0,2020.0
194,The Eric Andre Show,4,11,TV Series,8.0,73,8.6,21623,11.0,"Comedy ,Talk-Show",21.0,2.0,2018.0
194,The Eric Andre Show,5,1,TV Series,8.7,287,8.6,21623,11.0,"Comedy ,Talk-Show",25.0,10.0,2020.0
194,The Eric Andre Show,6,9,TV Series,7.8,86,8.6,21623,11.0,"Comedy ,Talk-Show",2.0,7.0,2023.0
194,The Eric Andre Show,6,8,TV Series,8.1,99,8.6,21623,11.0,"Comedy ,Talk-Show",25.0,6.0,2023.0
194,The Eric Andre Show,Unknown,Unknown,TV Series,7.3,0,8.6,21623,11.0,"Comedy ,Talk-Show",35.0,15.0,2050.0
194,The Eric Andre Show,Unknown,Unknown,TV Series,8.1,40,8.6,21623,11.0,"Comedy ,Talk-Show",17.0,2.0,2017.0
194,The Eric Andre Show,Unknown,Unknown,TV Series,8.9,49,8.6,21623,11.0,"Comedy ,Talk-Show",22.0,7.0,2016.0
194,The Eric Andre Show,6,10,TV Series,8.1,99,8.6,21623,11.0,"Comedy ,Talk-Show",2.0,7.0,2023.0
194,The Eric Andre Show,Unknown,Unknown,TV Series,7.8,37,8.6,21623,11.0,"Comedy ,Talk-Show",22.0,7.0,2016.0
194,The Eric Andre Show,Unknown,Unknown,TV Series,7.6,27,8.6,21623,11.0,"Comedy ,Talk-Show",29.0,7.0,2016.0
194,The Eric Andre Show,6,6,TV Series,8.2,116,8.6,21623,11.0,"Comedy ,Talk-Show",18.0,6.0,2023.0
194,The Eric Andre Show,6,7,TV Series,7.8,98,8.6,21623,11.0,"Comedy ,Talk-Show",25.0,6.0,2023.0
194,The Eric Andre Show,1,11,TV Series,8.2,140,8.6,21623,11.0,"Comedy ,Talk-Show",12.0,12.0,2012.0
194,The Eric Andre Show,1,10,TV Series,8.4,248,8.6,21623,11.0,"Comedy ,Talk-Show",29.0,7.0,2012.0
194,The Eric Andre Show,2,7,TV Series,8.5,231,8.6,21623,11.0,"Comedy ,Talk-Show",14.0,11.0,2013.0
194,The Eric Andre Show,2,6,TV Series,7.6,206,8.6,21623,11.0,"Comedy ,Talk-Show",7.0,11.0,2013.0
194,The Eric Andre Show,1,9,TV Series,7.9,242,8.6,21623,11.0,"Comedy ,Talk-Show",15.0,7.0,2012.0
194,The Eric Andre Show,1,8,TV Series,8.1,240,8.6,21623,11.0,"Comedy ,Talk-Show",8.0,7.0,2012.0
194,The Eric Andre Show,1,7,TV Series,8.0,257,8.6,21623,11.0,"Comedy ,Talk-Show",24.0,6.0,2012.0
194,The Eric Andre Show,1,6,TV Series,8.2,246,8.6,21623,11.0,"Comedy ,Talk-Show",22.0,7.0,2012.0
194,The Eric Andre Show,1,5,TV Series,7.7,268,8.6,21623,11.0,"Comedy ,Talk-Show",17.0,6.0,2012.0
194,The Eric Andre Show,1,4,TV Series,8.1,294,8.6,21623,11.0,"Comedy ,Talk-Show",10.0,6.0,2012.0
194,The Eric Andre Show,1,3,TV Series,7.9,300,8.6,21623,11.0,"Comedy ,Talk-Show",3.0,6.0,2012.0
194,The Eric Andre Show,4,3,TV Series,8.7,208,8.6,21623,11.0,"Comedy ,Talk-Show",19.0,8.0,2016.0
194,The Eric Andre Show,4,2,TV Series,9.0,242,8.6,21623,11.0,"Comedy ,Talk-Show",12.0,8.0,2016.0
194,The Eric Andre Show,4,7,TV Series,8.1,186,8.6,21623,11.0,"Comedy ,Talk-Show",23.0,9.0,2016.0
194,The Eric Andre Show,4,6,TV Series,8.3,193,8.6,21623,11.0,"Comedy ,Talk-Show",16.0,9.0,2016.0
194,The Eric Andre Show,4,5,TV Series,8.3,193,8.6,21623,11.0,"Comedy ,Talk-Show",9.0,9.0,2016.0
194,The Eric Andre Show,4,4,TV Series,8.6,203,8.6,21623,11.0,"Comedy ,Talk-Show",26.0,8.0,2016.0
194,The Eric Andre Show,Unknown,Unknown,TV Series,9.0,48,8.6,21623,11.0,"Comedy ,Talk-Show",29.0,7.0,2016.0
194,The Eric Andre Show,5,7,TV Series,8.1,177,8.6,21623,11.0,"Comedy ,Talk-Show",15.0,11.0,2020.0
194,The Eric Andre Show,2,5,TV Series,8.5,237,8.6,21623,11.0,"Comedy ,Talk-Show",31.0,10.0,2013.0
194,The Eric Andre Show,2,4,TV Series,7.9,216,8.6,21623,11.0,"Comedy ,Talk-Show",24.0,10.0,2013.0
194,The Eric Andre Show,2,3,TV Series,8.1,227,8.6,21623,11.0,"Comedy ,Talk-Show",17.0,10.0,2013.0
194,The Eric Andre Show,4,9,TV Series,8.7,210,8.6,21623,11.0,"Comedy ,Talk-Show",7.0,10.0,2016.0
194,The Eric Andre Show,4,8,TV Series,8.7,199,8.6,21623,11.0,"Comedy ,Talk-Show",30.0,9.0,2016.0
194,The Eric Andre Show,4,10,TV Series,9.1,282,8.6,21623,11.0,"Comedy ,Talk-Show",14.0,10.0,2016.0
194,The Eric Andre Show,2,2,TV Series,8.2,239,8.6,21623,11.0,"Comedy ,Talk-Show",10.0,10.0,2013.0
194,The Eric Andre Show,2,1,TV Series,8.3,241,8.6,21623,11.0,"Comedy ,Talk-Show",3.0,10.0,2013.0
195,Endeavour,2,4,TV Series,8.9,1460,8.6,32912,89.0,"Crime ,Drama ,Mystery",20.0,7.0,2014.0
195,Endeavour,3,1,TV Series,8.0,1353,8.6,32912,89.0,"Crime ,Drama ,Mystery",3.0,1.0,2016.0
195,Endeavour,2,3,TV Series,8.5,1260,8.6,32912,89.0,"Crime ,Drama ,Mystery",13.0,7.0,2014.0
195,Endeavour,8,1,TV Series,7.6,1048,8.6,32912,89.0,"Crime ,Drama ,Mystery",19.0,6.0,2022.0
195,Endeavour,8,2,TV Series,7.8,888,8.6,32912,89.0,"Crime ,Drama ,Mystery",26.0,6.0,2022.0
195,Endeavour,2,2,TV Series,8.5,1413,8.6,32912,89.0,"Crime ,Drama ,Mystery",6.0,7.0,2014.0
195,Endeavour,5,1,TV Series,8.2,1208,8.6,32912,89.0,"Crime ,Drama ,Mystery",24.0,6.0,2018.0
195,Endeavour,5,2,TV Series,7.9,1102,8.6,32912,89.0,"Crime ,Drama ,Mystery",1.0,7.0,2018.0
195,Endeavour,5,3,TV Series,8.4,1055,8.6,32912,89.0,"Crime ,Drama ,Mystery",8.0,7.0,2018.0
195,Endeavour,7,1,TV Series,8.0,1120,8.6,32912,89.0,"Crime ,Drama ,Mystery",9.0,8.0,2020.0
195,Endeavour,7,2,TV Series,7.8,966,8.6,32912,89.0,"Crime ,Drama ,Mystery",16.0,8.0,2020.0
195,Endeavour,1,2,TV Series,8.6,1582,8.6,32912,89.0,"Crime ,Drama ,Mystery",14.0,7.0,2013.0
195,Endeavour,1,3,TV Series,8.1,1364,8.6,32912,89.0,"Crime ,Drama ,Mystery",21.0,7.0,2013.0
195,Endeavour,1,0,TV Series,8.3,4915,8.6,32912,89.0,"Crime ,Drama ,Mystery",1.0,7.0,2012.0
195,Endeavour,1,1,TV Series,8.2,1595,8.6,32912,89.0,"Crime ,Drama ,Mystery",7.0,7.0,2013.0
195,Endeavour,3,3,TV Series,8.0,1224,8.6,32912,89.0,"Crime ,Drama ,Mystery",17.0,1.0,2016.0
195,Endeavour,3,4,TV Series,8.8,1280,8.6,32912,89.0,"Crime ,Drama ,Mystery",24.0,1.0,2016.0
195,Endeavour,3,2,TV Series,8.1,1135,8.6,32912,89.0,"Crime ,Drama ,Mystery",10.0,1.0,2016.0
195,Endeavour,4,1,TV Series,8.1,1135,8.6,32912,89.0,"Crime ,Drama ,Mystery",20.0,8.0,2017.0
195,Endeavour,4,2,TV Series,7.8,1106,8.6,32912,89.0,"Crime ,Drama ,Mystery",27.0,8.0,2017.0
195,Endeavour,4,3,TV Series,8.0,992,8.6,32912,89.0,"Crime ,Drama ,Mystery",3.0,9.0,2017.0
195,Endeavour,4,4,TV Series,8.4,1067,8.6,32912,89.0,"Crime ,Drama ,Mystery",10.0,9.0,2017.0
195,Endeavour,7,3,TV Series,8.3,1168,8.6,32912,89.0,"Crime ,Drama ,Mystery",23.0,8.0,2020.0
195,Endeavour,2,1,TV Series,8.3,1275,8.6,32912,89.0,"Crime ,Drama ,Mystery",29.0,6.0,2014.0
195,Endeavour,1,4,TV Series,8.4,1319,8.6,32912,89.0,"Crime ,Drama ,Mystery",28.0,7.0,2013.0
195,Endeavour,9,3,TV Series,9.2,1255,8.6,32912,89.0,"Crime ,Drama ,Mystery",2.0,7.0,2023.0
195,Endeavour,9,2,TV Series,8.6,726,8.6,32912,89.0,"Crime ,Drama ,Mystery",25.0,6.0,2023.0
195,Endeavour,6,1,TV Series,8.5,1254,8.6,32912,89.0,"Crime ,Drama ,Mystery",16.0,6.0,2019.0
195,Endeavour,5,6,TV Series,8.7,1150,8.6,32912,89.0,"Crime ,Drama ,Mystery",29.0,7.0,2018.0
195,Endeavour,8,3,TV Series,7.6,1139,8.6,32912,89.0,"Crime ,Drama ,Mystery",3.0,7.0,2022.0
195,Endeavour,9,1,TV Series,8.2,818,8.6,32912,89.0,"Crime ,Drama ,Mystery",18.0,6.0,2023.0
195,Endeavour,6,4,TV Series,9.2,1590,8.6,32912,89.0,"Crime ,Drama ,Mystery",7.0,7.0,2019.0
195,Endeavour,6,3,TV Series,8.1,1075,8.6,32912,89.0,"Crime ,Drama ,Mystery",30.0,6.0,2019.0
195,Endeavour,6,2,TV Series,7.9,1098,8.6,32912,89.0,"Crime ,Drama ,Mystery",23.0,6.0,2019.0
195,Endeavour,5,5,TV Series,8.4,1072,8.6,32912,89.0,"Crime ,Drama ,Mystery",22.0,7.0,2018.0
195,Endeavour,5,4,TV Series,8.1,1040,8.6,32912,89.0,"Crime ,Drama ,Mystery",15.0,7.0,2018.0
196,Spaced,2,1,TV Series,8.1,899,8.5,57335,25.0,Comedy,23.0,2.0,2001.0
196,Spaced,2,2,TV Series,8.2,866,8.5,57335,25.0,Comedy,2.0,3.0,2001.0
196,Spaced,1,5,TV Series,8.4,970,8.5,57335,25.0,Comedy,22.0,10.0,1999.0
196,Spaced,1,4,TV Series,8.3,1033,8.5,57335,25.0,Comedy,15.0,10.0,1999.0
196,Spaced,1,7,TV Series,8.2,916,8.5,57335,25.0,Comedy,5.0,11.0,1999.0
196,Spaced,1,6,TV Series,8.4,1057,8.5,57335,25.0,Comedy,29.0,10.0,1999.0
196,Spaced,1,1,TV Series,7.8,1288,8.5,57335,25.0,Comedy,24.0,9.0,1999.0
196,Spaced,2,6,TV Series,8.3,832,8.5,57335,25.0,Comedy,6.0,4.0,2001.0
196,Spaced,2,5,TV Series,8.8,950,8.5,57335,25.0,Comedy,30.0,3.0,2001.0
196,Spaced,2,4,TV Series,8.6,877,8.5,57335,25.0,Comedy,23.0,3.0,2001.0
196,Spaced,2,3,TV Series,8.4,878,8.5,57335,25.0,Comedy,9.0,3.0,2001.0
196,Spaced,2,7,TV Series,8.6,869,8.5,57335,25.0,Comedy,13.0,4.0,2001.0
196,Spaced,1,3,TV Series,7.9,1093,8.5,57335,25.0,Comedy,8.0,10.0,1999.0
196,Spaced,1,2,TV Series,7.5,1112,8.5,57335,25.0,Comedy,1.0,10.0,1999.0
197,The IT Crowd,1,1,TV Series,7.6,3074,8.5,163092,25.0,Comedy,3.0,2.0,2006.0
197,The IT Crowd,1,2,TV Series,8.1,2880,8.5,163092,25.0,Comedy,3.0,2.0,2006.0
197,The IT Crowd,3,3,TV Series,8.1,2138,8.5,163092,25.0,Comedy,5.0,12.0,2008.0
197,The IT Crowd,3,4,TV Series,8.9,3031,8.5,163092,25.0,Comedy,12.0,12.0,2008.0
197,The IT Crowd,3,2,TV Series,8.4,2385,8.5,163092,25.0,Comedy,28.0,11.0,2008.0
197,The IT Crowd,3,1,TV Series,7.7,2163,8.5,163092,25.0,Comedy,21.0,11.0,2008.0
197,The IT Crowd,2,6,TV Series,7.5,2073,8.5,163092,25.0,Comedy,28.0,9.0,2007.0
197,The IT Crowd,2,4,TV Series,8.6,2664,8.5,163092,25.0,Comedy,14.0,9.0,2007.0
197,The IT Crowd,3,5,TV Series,8.4,2242,8.5,163092,25.0,Comedy,19.0,12.0,2008.0
197,The IT Crowd,1,3,TV Series,7.7,2576,8.5,163092,25.0,Comedy,10.0,2.0,2006.0
197,The IT Crowd,1,4,TV Series,7.8,2595,8.5,163092,25.0,Comedy,17.0,2.0,2006.0
197,The IT Crowd,1,5,TV Series,8.4,2769,8.5,163092,25.0,Comedy,24.0,2.0,2006.0
197,The IT Crowd,2,1,TV Series,9.4,5923,8.5,163092,25.0,Comedy,24.0,8.0,2007.0
197,The IT Crowd,2,2,TV Series,8.1,2469,8.5,163092,25.0,Comedy,31.0,8.0,2007.0
197,The IT Crowd,1,6,TV Series,8.0,2560,8.5,163092,25.0,Comedy,3.0,3.0,2006.0
197,The IT Crowd,3,6,TV Series,7.7,2080,8.5,163092,25.0,Comedy,26.0,12.0,2008.0
197,The IT Crowd,5,0,TV Series,8.4,2537,8.5,163092,25.0,Comedy,27.0,9.0,2013.0
197,The IT Crowd,4,1,TV Series,8.0,2165,8.5,163092,25.0,Comedy,25.0,6.0,2010.0
197,The IT Crowd,4,2,TV Series,8.3,2409,8.5,163092,25.0,Comedy,2.0,7.0,2010.0
197,The IT Crowd,4,3,TV Series,7.5,1950,8.5,163092,25.0,Comedy,9.0,7.0,2010.0
197,The IT Crowd,4,5,TV Series,8.3,2063,8.5,163092,25.0,Comedy,23.0,7.0,2010.0
197,The IT Crowd,4,6,TV Series,7.6,2014,8.5,163092,25.0,Comedy,30.0,7.0,2010.0
197,The IT Crowd,4,4,TV Series,8.2,2064,8.5,163092,25.0,Comedy,16.0,7.0,2010.0
197,The IT Crowd,2,3,TV Series,8.1,2457,8.5,163092,25.0,Comedy,7.0,9.0,2007.0
197,The IT Crowd,2,5,TV Series,7.7,2156,8.5,163092,25.0,Comedy,21.0,9.0,2007.0
198,Mr. Robot,1,7,TV Series,8.4,9924,8.5,414751,49.0,"Crime ,Drama ,Thriller",5.0,8.0,2015.0
198,Mr. Robot,1,5,TV Series,8.4,10470,8.5,414751,49.0,"Crime ,Drama ,Thriller",22.0,7.0,2015.0
198,Mr. Robot,1,6,TV Series,9.1,12416,8.5,414751,49.0,"Crime ,Drama ,Thriller",29.0,7.0,2015.0
198,Mr. Robot,1,3,TV Series,8.1,11650,8.5,414751,49.0,"Crime ,Drama ,Thriller",8.0,7.0,2015.0
198,Mr. Robot,2,8,TV Series,8.5,6662,8.5,414751,49.0,"Crime ,Drama ,Thriller",24.0,8.0,2016.0
198,Mr. Robot,1,2,TV Series,8.5,13027,8.5,414751,49.0,"Crime ,Drama ,Thriller",1.0,7.0,2015.0
198,Mr. Robot,1,4,TV Series,7.9,11749,8.5,414751,49.0,"Crime ,Drama ,Thriller",15.0,7.0,2015.0
198,Mr. Robot,2,2,TV Series,8.2,7864,8.5,414751,49.0,"Crime ,Drama ,Thriller",13.0,7.0,2016.0
198,Mr. Robot,4,1,TV Series,9.2,9416,8.5,414751,49.0,"Crime ,Drama ,Thriller",6.0,10.0,2019.0
198,Mr. Robot,4,3,TV Series,8.7,7542,8.5,414751,49.0,"Crime ,Drama ,Thriller",20.0,10.0,2019.0
198,Mr. Robot,4,4,TV Series,8.7,8529,8.5,414751,49.0,"Crime ,Drama ,Thriller",27.0,10.0,2019.0
198,Mr. Robot,4,6,TV Series,9.1,8191,8.5,414751,49.0,"Crime ,Drama ,Thriller",10.0,11.0,2019.0
198,Mr. Robot,1,9,TV Series,9.2,12143,8.5,414751,49.0,"Crime ,Drama ,Thriller",19.0,8.0,2015.0
198,Mr. Robot,4,2,TV Series,8.7,7537,8.5,414751,49.0,"Crime ,Drama ,Thriller",13.0,10.0,2019.0
198,Mr. Robot,1,8,TV Series,9.4,14591,8.5,414751,49.0,"Crime ,Drama ,Thriller",12.0,8.0,2015.0
198,Mr. Robot,2,10,TV Series,9.2,8101,8.5,414751,49.0,"Crime ,Drama ,Thriller",7.0,9.0,2016.0
198,Mr. Robot,3,1,TV Series,8.7,7347,8.5,414751,49.0,"Crime ,Drama ,Thriller",11.0,10.0,2017.0
198,Mr. Robot,2,11,TV Series,8.5,6588,8.5,414751,49.0,"Crime ,Drama ,Thriller",14.0,9.0,2016.0
198,Mr. Robot,2,12,TV Series,8.8,7272,8.5,414751,49.0,"Crime ,Drama ,Thriller",21.0,9.0,2016.0
198,Mr. Robot,3,2,TV Series,9.1,7004,8.5,414751,49.0,"Crime ,Drama ,Thriller",18.0,10.0,2017.0
198,Mr. Robot,2,9,TV Series,8.5,6457,8.5,414751,49.0,"Crime ,Drama ,Thriller",31.0,8.0,2016.0
198,Mr. Robot,3,3,TV Series,8.7,6567,8.5,414751,49.0,"Crime ,Drama ,Thriller",25.0,10.0,2017.0
198,Mr. Robot,2,7,TV Series,9.2,8990,8.5,414751,49.0,"Crime ,Drama ,Thriller",17.0,8.0,2016.0
198,Mr. Robot,2,4,TV Series,8.2,7245,8.5,414751,49.0,"Crime ,Drama ,Thriller",27.0,7.0,2016.0
198,Mr. Robot,4,9,TV Series,9.7,14540,8.5,414751,49.0,"Crime ,Drama ,Thriller",1.0,12.0,2019.0
198,Mr. Robot,1,10,TV Series,8.7,10667,8.5,414751,49.0,"Crime ,Drama ,Thriller",2.0,9.0,2015.0
198,Mr. Robot,2,1,TV Series,8.1,8430,8.5,414751,49.0,"Crime ,Drama ,Thriller",10.0,7.0,2016.0
198,Mr. Robot,2,5,TV Series,8.8,7439,8.5,414751,49.0,"Crime ,Drama ,Thriller",3.0,8.0,2016.0
198,Mr. Robot,4,5,TV Series,9.7,15031,8.5,414751,49.0,"Crime ,Drama ,Thriller",3.0,11.0,2019.0
198,Mr. Robot,4,7,TV Series,9.9,33857,8.5,414751,49.0,"Crime ,Drama ,Thriller",17.0,11.0,2019.0
198,Mr. Robot,4,8,TV Series,9.2,8987,8.5,414751,49.0,"Crime ,Drama ,Thriller",24.0,11.0,2019.0
198,Mr. Robot,2,3,TV Series,8.3,7687,8.5,414751,49.0,"Crime ,Drama ,Thriller",20.0,7.0,2016.0
198,Mr. Robot,3,4,TV Series,8.2,6036,8.5,414751,49.0,"Crime ,Drama ,Thriller",1.0,11.0,2017.0
198,Mr. Robot,3,5,TV Series,9.7,13329,8.5,414751,49.0,"Crime ,Drama ,Thriller",8.0,11.0,2017.0
198,Mr. Robot,3,6,TV Series,9.6,11639,8.5,414751,49.0,"Crime ,Drama ,Thriller",15.0,11.0,2017.0
198,Mr. Robot,3,8,TV Series,9.1,8551,8.5,414751,49.0,"Crime ,Drama ,Thriller",29.0,11.0,2017.0
198,Mr. Robot,3,9,TV Series,8.6,5861,8.5,414751,49.0,"Crime ,Drama ,Thriller",6.0,12.0,2017.0
198,Mr. Robot,3,7,TV Series,9.0,7030,8.5,414751,49.0,"Crime ,Drama ,Thriller",22.0,11.0,2017.0
198,Mr. Robot,1,1,TV Series,9.2,18585,8.5,414751,49.0,"Crime ,Drama ,Thriller",24.0,6.0,2015.0
198,Mr. Robot,4,11,TV Series,9.4,10539,8.5,414751,49.0,"Crime ,Drama ,Thriller",15.0,12.0,2019.0
198,Mr. Robot,4,10,TV Series,8.2,8675,8.5,414751,49.0,"Crime ,Drama ,Thriller",8.0,12.0,2019.0
198,Mr. Robot,4,13,TV Series,9.8,21085,8.5,414751,49.0,"Crime ,Drama ,Thriller",22.0,12.0,2019.0
198,Mr. Robot,4,12,TV Series,9.5,11509,8.5,414751,49.0,"Crime ,Drama ,Thriller",22.0,12.0,2019.0
198,Mr. Robot,3,10,TV Series,9.5,9619,8.5,414751,49.0,"Crime ,Drama ,Thriller",13.0,12.0,2017.0
198,Mr. Robot,2,6,TV Series,9.0,8657,8.5,414751,49.0,"Crime ,Drama ,Thriller",10.0,8.0,2016.0
199,Ezel,1,5,TV Series,8.9,334,8.7,36708,90.0,"Crime ,Drama ,Thriller",26.0,10.0,2009.0
199,Ezel,2,6,TV Series,8.4,209,8.7,36708,90.0,"Crime ,Drama ,Thriller",18.0,10.0,2010.0
199,Ezel,1,3,TV Series,8.6,318,8.7,36708,90.0,"Crime ,Drama ,Thriller",12.0,10.0,2009.0
199,Ezel,2,3,TV Series,9.1,256,8.7,36708,90.0,"Crime ,Drama ,Thriller",27.0,9.0,2010.0
199,Ezel,2,36,TV Series,8.7,211,8.7,36708,90.0,"Crime ,Drama ,Thriller",6.0,6.0,2011.0
199,Ezel,2,5,TV Series,8.6,213,8.7,36708,90.0,"Crime ,Drama ,Thriller",11.0,10.0,2010.0
199,Ezel,1,10,TV Series,9.0,282,8.7,36708,90.0,"Crime ,Drama ,Thriller",7.0,12.0,2009.0
199,Ezel,1,9,TV Series,8.5,260,8.7,36708,90.0,"Crime ,Drama ,Thriller",30.0,11.0,2009.0
199,Ezel,1,8,TV Series,8.6,270,8.7,36708,90.0,"Crime ,Drama ,Thriller",23.0,11.0,2009.0
199,Ezel,1,21,TV Series,8.6,231,8.7,36708,90.0,"Crime ,Drama ,Thriller",15.0,3.0,2010.0
199,Ezel,1,12,TV Series,8.4,240,8.7,36708,90.0,"Crime ,Drama ,Thriller",28.0,12.0,2009.0
199,Ezel,1,11,TV Series,8.6,244,8.7,36708,90.0,"Crime ,Drama ,Thriller",14.0,12.0,2009.0
199,Ezel,2,4,TV Series,9.0,249,8.7,36708,90.0,"Crime ,Drama ,Thriller",4.0,10.0,2010.0
199,Ezel,1,6,TV Series,8.4,271,8.7,36708,90.0,"Crime ,Drama ,Thriller",9.0,11.0,2009.0
199,Ezel,1,7,TV Series,8.0,258,8.7,36708,90.0,"Crime ,Drama ,Thriller",16.0,11.0,2009.0
199,Ezel,1,20,TV Series,8.6,231,8.7,36708,90.0,"Crime ,Drama ,Thriller",8.0,3.0,2010.0
199,Ezel,2,20,TV Series,8.5,193,8.7,36708,90.0,"Crime ,Drama ,Thriller",7.0,2.0,2011.0
199,Ezel,1,22,TV Series,8.2,226,8.7,36708,90.0,"Crime ,Drama ,Thriller",22.0,3.0,2010.0
199,Ezel,1,26,TV Series,8.5,216,8.7,36708,90.0,"Crime ,Drama ,Thriller",3.0,5.0,2010.0
199,Ezel,1,25,TV Series,8.7,223,8.7,36708,90.0,"Crime ,Drama ,Thriller",26.0,4.0,2010.0
199,Ezel,1,24,TV Series,8.7,221,8.7,36708,90.0,"Crime ,Drama ,Thriller",19.0,4.0,2010.0
199,Ezel,1,23,TV Series,8.6,212,8.7,36708,90.0,"Crime ,Drama ,Thriller",12.0,4.0,2010.0
199,Ezel,1,27,TV Series,8.8,222,8.7,36708,90.0,"Crime ,Drama ,Thriller",10.0,5.0,2010.0
199,Ezel,1,28,TV Series,8.7,223,8.7,36708,90.0,"Crime ,Drama ,Thriller",17.0,5.0,2010.0
199,Ezel,1,1,TV Series,8.8,450,8.7,36708,90.0,"Crime ,Drama ,Thriller",28.0,9.0,2009.0
199,Ezel,1,4,TV Series,8.2,296,8.7,36708,90.0,"Crime ,Drama ,Thriller",19.0,10.0,2009.0
199,Ezel,1,19,TV Series,8.2,224,8.7,36708,90.0,"Crime ,Drama ,Thriller",22.0,2.0,2010.0
199,Ezel,2,19,TV Series,8.4,194,8.7,36708,90.0,"Crime ,Drama ,Thriller",31.0,1.0,2011.0
199,Ezel,2,21,TV Series,8.7,201,8.7,36708,90.0,"Crime ,Drama ,Thriller",14.0,2.0,2011.0
199,Ezel,2,22,TV Series,8.3,199,8.7,36708,90.0,"Crime ,Drama ,Thriller",21.0,2.0,2011.0
199,Ezel,2,24,TV Series,8.0,195,8.7,36708,90.0,"Crime ,Drama ,Thriller",7.0,3.0,2011.0
199,Ezel,2,7,TV Series,8.5,209,8.7,36708,90.0,"Crime ,Drama ,Thriller",25.0,10.0,2010.0
199,Ezel,2,8,TV Series,8.8,213,8.7,36708,90.0,"Crime ,Drama ,Thriller",1.0,11.0,2010.0
199,Ezel,2,9,TV Series,8.6,206,8.7,36708,90.0,"Crime ,Drama ,Thriller",8.0,11.0,2010.0
199,Ezel,2,10,TV Series,8.6,215,8.7,36708,90.0,"Crime ,Drama ,Thriller",22.0,11.0,2010.0
199,Ezel,2,11,TV Series,8.5,207,8.7,36708,90.0,"Crime ,Drama ,Thriller",29.0,11.0,2010.0
199,Ezel,1,13,TV Series,8.4,252,8.7,36708,90.0,"Crime ,Drama ,Thriller",4.0,1.0,2010.0
199,Ezel,1,14,TV Series,8.4,238,8.7,36708,90.0,"Crime ,Drama ,Thriller",11.0,1.0,2010.0
199,Ezel,1,15,TV Series,8.3,232,8.7,36708,90.0,"Crime ,Drama ,Thriller",25.0,1.0,2010.0
199,Ezel,1,16,TV Series,8.6,239,8.7,36708,90.0,"Crime ,Drama ,Thriller",1.0,2.0,2010.0
199,Ezel,1,17,TV Series,8.5,239,8.7,36708,90.0,"Crime ,Drama ,Thriller",8.0,2.0,2010.0
199,Ezel,1,18,TV Series,9.1,279,8.7,36708,90.0,"Crime ,Drama ,Thriller",15.0,2.0,2010.0
199,Ezel,1,31,TV Series,9.0,229,8.7,36708,90.0,"Crime ,Drama ,Thriller",7.0,6.0,2010.0
199,Ezel,2,27,TV Series,8.3,208,8.7,36708,90.0,"Crime ,Drama ,Thriller",28.0,3.0,2011.0
199,Ezel,1,29,TV Series,8.6,219,8.7,36708,90.0,"Crime ,Drama ,Thriller",24.0,5.0,2010.0
199,Ezel,1,30,TV Series,9.3,289,8.7,36708,90.0,"Crime ,Drama ,Thriller",31.0,5.0,2010.0
199,Ezel,1,33,TV Series,9.0,264,8.7,36708,90.0,"Crime ,Drama ,Thriller",21.0,6.0,2010.0
199,Ezel,2,23,TV Series,8.4,199,8.7,36708,90.0,"Crime ,Drama ,Thriller",28.0,2.0,2011.0
199,Ezel,2,25,TV Series,8.5,202,8.7,36708,90.0,"Crime ,Drama ,Thriller",14.0,3.0,2011.0
199,Ezel,2,26,TV Series,8.1,200,8.7,36708,90.0,"Crime ,Drama ,Thriller",21.0,3.0,2011.0
199,Ezel,2,1,TV Series,9.1,294,8.7,36708,90.0,"Crime ,Drama ,Thriller",13.0,9.0,2010.0
199,Ezel,1,32,TV Series,8.7,231,8.7,36708,90.0,"Crime ,Drama ,Thriller",14.0,6.0,2010.0
199,Ezel,2,15,TV Series,8.3,207,8.7,36708,90.0,"Crime ,Drama ,Thriller",27.0,12.0,2010.0
199,Ezel,2,38,TV Series,9.5,571,8.7,36708,90.0,"Crime ,Drama ,Thriller",20.0,6.0,2011.0
199,Ezel,2,35,TV Series,9.4,432,8.7,36708,90.0,"Crime ,Drama ,Thriller",30.0,5.0,2011.0
199,Ezel,2,34,TV Series,8.6,204,8.7,36708,90.0,"Crime ,Drama ,Thriller",23.0,5.0,2011.0
199,Ezel,2,2,TV Series,8.6,248,8.7,36708,90.0,"Crime ,Drama ,Thriller",20.0,9.0,2010.0
199,Ezel,1,2,TV Series,8.3,332,8.7,36708,90.0,"Crime ,Drama ,Thriller",5.0,10.0,2009.0
199,Ezel,2,32,TV Series,8.7,205,8.7,36708,90.0,"Crime ,Drama ,Thriller",9.0,5.0,2011.0
199,Ezel,2,33,TV Series,8.4,199,8.7,36708,90.0,"Crime ,Drama ,Thriller",16.0,5.0,2011.0
199,Ezel,2,18,TV Series,9.0,236,8.7,36708,90.0,"Crime ,Drama ,Thriller",24.0,1.0,2011.0
199,Ezel,2,28,TV Series,9.2,288,8.7,36708,90.0,"Crime ,Drama ,Thriller",11.0,4.0,2011.0
199,Ezel,2,31,TV Series,8.5,207,8.7,36708,90.0,"Crime ,Drama ,Thriller",2.0,5.0,2011.0
199,Ezel,2,30,TV Series,9.0,211,8.7,36708,90.0,"Crime ,Drama ,Thriller",25.0,4.0,2011.0
199,Ezel,2,12,TV Series,8.4,199,8.7,36708,90.0,"Crime ,Drama ,Thriller",6.0,12.0,2010.0
199,Ezel,2,37,TV Series,8.6,216,8.7,36708,90.0,"Crime ,Drama ,Thriller",13.0,6.0,2011.0
199,Ezel,2,16,TV Series,8.4,198,8.7,36708,90.0,"Crime ,Drama ,Thriller",3.0,1.0,2011.0
199,Ezel,2,17,TV Series,8.4,196,8.7,36708,90.0,"Crime ,Drama ,Thriller",17.0,1.0,2011.0
199,Ezel,2,14,TV Series,8.7,201,8.7,36708,90.0,"Crime ,Drama ,Thriller",20.0,12.0,2010.0
199,Ezel,2,13,TV Series,8.4,200,8.7,36708,90.0,"Crime ,Drama ,Thriller",13.0,12.0,2010.0
199,Ezel,2,29,TV Series,9.0,210,8.7,36708,90.0,"Crime ,Drama ,Thriller",18.0,4.0,2011.0
200,I'm Alan Partridge,2,4,TV Series,8.8,335,8.6,21809,29.0,Comedy,2.0,12.0,2002.0
200,I'm Alan Partridge,2,3,TV Series,8.7,303,8.6,21809,29.0,Comedy,25.0,11.0,2002.0
200,I'm Alan Partridge,1,6,TV Series,8.5,293,8.6,21809,29.0,Comedy,8.0,12.0,1997.0
200,I'm Alan Partridge,2,6,TV Series,8.3,260,8.6,21809,29.0,Comedy,16.0,12.0,2002.0
200,I'm Alan Partridge,2,1,TV Series,8.3,294,8.6,21809,29.0,Comedy,11.0,11.0,2002.0
200,I'm Alan Partridge,2,2,TV Series,8.6,294,8.6,21809,29.0,Comedy,18.0,11.0,2002.0
200,I'm Alan Partridge,1,5,TV Series,8.9,386,8.6,21809,29.0,Comedy,1.0,12.0,1997.0
200,I'm Alan Partridge,1,1,TV Series,8.2,394,8.6,21809,29.0,Comedy,3.0,11.0,1997.0
200,I'm Alan Partridge,1,4,TV Series,8.4,320,8.6,21809,29.0,Comedy,24.0,11.0,1997.0
200,I'm Alan Partridge,1,2,TV Series,8.4,370,8.6,21809,29.0,Comedy,10.0,11.0,1997.0
200,I'm Alan Partridge,1,3,TV Series,8.7,390,8.6,21809,29.0,Comedy,17.0,11.0,1997.0
200,I'm Alan Partridge,2,5,TV Series,8.2,260,8.6,21809,29.0,Comedy,9.0,12.0,2002.0
201,Long Way Round,1,2,TV Mini Series,7.2,147,8.6,15156,315.0,"Documentary ,Adventure",18.0,10.0,2004.0
201,Long Way Round,1,6,TV Mini Series,7.9,181,8.6,15156,315.0,"Documentary ,Adventure",15.0,11.0,2004.0
201,Long Way Round,1,3,TV Mini Series,7.6,203,8.6,15156,315.0,"Documentary ,Adventure",25.0,10.0,2004.0
201,Long Way Round,1,10,TV Mini Series,6.9,77,8.6,15156,315.0,"Documentary ,Adventure",13.0,12.0,2004.0
201,Long Way Round,1,5,TV Mini Series,8.0,186,8.6,15156,315.0,"Documentary ,Adventure",8.0,11.0,2004.0
201,Long Way Round,1,4,TV Mini Series,7.9,196,8.6,15156,315.0,"Documentary ,Adventure",1.0,11.0,2004.0
201,Long Way Round,1,1,TV Mini Series,7.4,227,8.6,15156,315.0,"Documentary ,Adventure",18.0,10.0,2004.0
201,Long Way Round,1,7,TV Mini Series,8.2,180,8.6,15156,315.0,"Documentary ,Adventure",22.0,11.0,2004.0
201,Long Way Round,1,8,TV Mini Series,7.8,170,8.6,15156,315.0,"Documentary ,Adventure",29.0,11.0,2004.0
201,Long Way Round,1,9,TV Mini Series,7.6,84,8.6,15156,315.0,"Documentary ,Adventure",6.0,12.0,2004.0
202,Formula 1: Drive to Survive,1,2,TV Series,7.7,1068,8.5,49359,40.0,"Documentary ,Sport",8.0,3.0,2019.0
202,Formula 1: Drive to Survive,1,3,TV Series,8.3,1078,8.5,49359,40.0,"Documentary ,Sport",8.0,3.0,2019.0
202,Formula 1: Drive to Survive,1,4,TV Series,8.1,999,8.5,49359,40.0,"Documentary ,Sport",8.0,3.0,2019.0
202,Formula 1: Drive to Survive,1,5,TV Series,7.5,918,8.5,49359,40.0,"Documentary ,Sport",8.0,3.0,2019.0
202,Formula 1: Drive to Survive,1,6,TV Series,7.8,927,8.5,49359,40.0,"Documentary ,Sport",8.0,3.0,2019.0
202,Formula 1: Drive to Survive,1,9,TV Series,7.6,859,8.5,49359,40.0,"Documentary ,Sport",8.0,3.0,2019.0
202,Formula 1: Drive to Survive,4,9,TV Series,7.6,812,8.5,49359,40.0,"Documentary ,Sport",11.0,3.0,2022.0
202,Formula 1: Drive to Survive,4,10,TV Series,8.0,979,8.5,49359,40.0,"Documentary ,Sport",11.0,3.0,2022.0
202,Formula 1: Drive to Survive,1,1,TV Series,7.8,1227,8.5,49359,40.0,"Documentary ,Sport",8.0,3.0,2019.0
202,Formula 1: Drive to Survive,3,3,TV Series,8.0,908,8.5,49359,40.0,"Documentary ,Sport",19.0,3.0,2021.0
202,Formula 1: Drive to Survive,3,4,TV Series,7.6,841,8.5,49359,40.0,"Documentary ,Sport",19.0,3.0,2021.0
202,Formula 1: Drive to Survive,3,10,TV Series,7.1,950,8.5,49359,40.0,"Documentary ,Sport",19.0,3.0,2021.0
202,Formula 1: Drive to Survive,3,9,TV Series,9.4,1706,8.5,49359,40.0,"Documentary ,Sport",19.0,3.0,2021.0
202,Formula 1: Drive to Survive,3,8,TV Series,7.0,867,8.5,49359,40.0,"Documentary ,Sport",19.0,3.0,2021.0
202,Formula 1: Drive to Survive,4,5,TV Series,7.5,783,8.5,49359,40.0,"Documentary ,Sport",11.0,3.0,2022.0
202,Formula 1: Drive to Survive,4,4,TV Series,6.8,834,8.5,49359,40.0,"Documentary ,Sport",11.0,3.0,2022.0
202,Formula 1: Drive to Survive,3,6,TV Series,8.5,1010,8.5,49359,40.0,"Documentary ,Sport",19.0,3.0,2021.0
202,Formula 1: Drive to Survive,3,7,TV Series,7.5,808,8.5,49359,40.0,"Documentary ,Sport",19.0,3.0,2021.0
202,Formula 1: Drive to Survive,3,5,TV Series,7.5,810,8.5,49359,40.0,"Documentary ,Sport",19.0,3.0,2021.0
202,Formula 1: Drive to Survive,3,2,TV Series,7.8,885,8.5,49359,40.0,"Documentary ,Sport",19.0,3.0,2021.0
202,Formula 1: Drive to Survive,3,1,TV Series,7.4,926,8.5,49359,40.0,"Documentary ,Sport",19.0,3.0,2021.0
202,Formula 1: Drive to Survive,2,10,TV Series,8.2,829,8.5,49359,40.0,"Documentary ,Sport",28.0,2.0,2020.0
202,Formula 1: Drive to Survive,2,9,TV Series,7.5,771,8.5,49359,40.0,"Documentary ,Sport",28.0,2.0,2020.0
202,Formula 1: Drive to Survive,2,8,TV Series,7.7,781,8.5,49359,40.0,"Documentary ,Sport",28.0,2.0,2020.0
202,Formula 1: Drive to Survive,2,7,TV Series,7.8,803,8.5,49359,40.0,"Documentary ,Sport",28.0,2.0,2020.0
202,Formula 1: Drive to Survive,2,6,TV Series,8.6,992,8.5,49359,40.0,"Documentary ,Sport",28.0,2.0,2020.0
202,Formula 1: Drive to Survive,2,5,TV Series,7.9,838,8.5,49359,40.0,"Documentary ,Sport",28.0,2.0,2020.0
202,Formula 1: Drive to Survive,2,4,TV Series,8.2,903,8.5,49359,40.0,"Documentary ,Sport",28.0,2.0,2020.0
202,Formula 1: Drive to Survive,2,3,TV Series,7.7,841,8.5,49359,40.0,"Documentary ,Sport",28.0,2.0,2020.0
202,Formula 1: Drive to Survive,2,2,TV Series,7.9,834,8.5,49359,40.0,"Documentary ,Sport",28.0,2.0,2020.0
202,Formula 1: Drive to Survive,2,1,TV Series,7.6,905,8.5,49359,40.0,"Documentary ,Sport",28.0,2.0,2020.0
202,Formula 1: Drive to Survive,1,10,TV Series,7.7,868,8.5,49359,40.0,"Documentary ,Sport",8.0,3.0,2019.0
202,Formula 1: Drive to Survive,4,8,TV Series,7.2,735,8.5,49359,40.0,"Documentary ,Sport",11.0,3.0,2022.0
202,Formula 1: Drive to Survive,5,1,TV Series,7.6,684,8.5,49359,40.0,"Documentary ,Sport",24.0,2.0,2023.0
202,Formula 1: Drive to Survive,4,6,TV Series,7.2,745,8.5,49359,40.0,"Documentary ,Sport",11.0,3.0,2022.0
202,Formula 1: Drive to Survive,4,7,TV Series,6.8,744,8.5,49359,40.0,"Documentary ,Sport",11.0,3.0,2022.0
202,Formula 1: Drive to Survive,4,2,TV Series,7.1,852,8.5,49359,40.0,"Documentary ,Sport",11.0,3.0,2022.0
202,Formula 1: Drive to Survive,4,1,TV Series,7.3,933,8.5,49359,40.0,"Documentary ,Sport",11.0,3.0,2022.0
202,Formula 1: Drive to Survive,4,3,TV Series,6.9,937,8.5,49359,40.0,"Documentary ,Sport",11.0,3.0,2022.0
202,Formula 1: Drive to Survive,5,10,TV Series,6.9,463,8.5,49359,40.0,"Documentary ,Sport",24.0,2.0,2023.0
202,Formula 1: Drive to Survive,5,9,TV Series,6.9,424,8.5,49359,40.0,"Documentary ,Sport",24.0,2.0,2023.0
202,Formula 1: Drive to Survive,5,8,TV Series,6.7,437,8.5,49359,40.0,"Documentary ,Sport",24.0,2.0,2023.0
202,Formula 1: Drive to Survive,5,7,TV Series,7.0,426,8.5,49359,40.0,"Documentary ,Sport",24.0,2.0,2023.0
202,Formula 1: Drive to Survive,5,6,TV Series,7.2,427,8.5,49359,40.0,"Documentary ,Sport",23.0,2.0,2023.0
202,Formula 1: Drive to Survive,5,5,TV Series,7.3,429,8.5,49359,40.0,"Documentary ,Sport",24.0,2.0,2023.0
202,Formula 1: Drive to Survive,5,4,TV Series,7.2,443,8.5,49359,40.0,"Documentary ,Sport",23.0,2.0,2023.0
202,Formula 1: Drive to Survive,5,3,TV Series,7.4,459,8.5,49359,40.0,"Documentary ,Sport",23.0,2.0,2023.0
202,Formula 1: Drive to Survive,5,2,TV Series,7.5,484,8.5,49359,40.0,"Documentary ,Sport",24.0,2.0,2023.0
202,Formula 1: Drive to Survive,1,7,TV Series,7.6,884,8.5,49359,40.0,"Documentary ,Sport",8.0,3.0,2019.0
202,Formula 1: Drive to Survive,1,8,TV Series,8.0,905,8.5,49359,40.0,"Documentary ,Sport",8.0,3.0,2019.0
202,Formula 1: Drive to Survive,6,1,TV Series,7.7,0,8.5,49359,40.0,"Documentary ,Sport",23.0,2.0,2024.0
203,Samurai Jack,3,7,TV Series,7.6,520,8.5,58920,23.0,"Animation ,Action ,Adventure",3.0,5.0,2003.0
203,Samurai Jack,3,6,TV Series,8.9,643,8.5,58920,23.0,"Animation ,Action ,Adventure",26.0,4.0,2003.0
203,Samurai Jack,3,5,TV Series,8.6,585,8.5,58920,23.0,"Animation ,Action ,Adventure",15.0,11.0,2002.0
203,Samurai Jack,3,4,TV Series,8.9,660,8.5,58920,23.0,"Animation ,Action ,Adventure",25.0,10.0,2002.0
203,Samurai Jack,5,8,TV Series,8.6,1041,8.5,58920,23.0,"Animation ,Action ,Adventure",6.0,5.0,2017.0
203,Samurai Jack,4,9,TV Series,8.8,589,8.5,58920,23.0,"Animation ,Action ,Adventure",24.0,11.0,2003.0
203,Samurai Jack,4,8,TV Series,7.9,480,8.5,58920,23.0,"Animation ,Action ,Adventure",19.0,11.0,2003.0
203,Samurai Jack,4,7,TV Series,8.4,530,8.5,58920,23.0,"Animation ,Action ,Adventure",23.0,8.0,2003.0
203,Samurai Jack,4,6,TV Series,8.4,522,8.5,58920,23.0,"Animation ,Action ,Adventure",23.0,8.0,2003.0
203,Samurai Jack,4,2,TV Series,8.0,507,8.5,58920,23.0,"Animation ,Action ,Adventure",21.0,6.0,2003.0
203,Samurai Jack,4,3,TV Series,8.0,526,8.5,58920,23.0,"Animation ,Action ,Adventure",28.0,6.0,2003.0
203,Samurai Jack,4,4,TV Series,8.6,539,8.5,58920,23.0,"Animation ,Action ,Adventure",5.0,11.0,2003.0
203,Samurai Jack,4,5,TV Series,9.0,674,8.5,58920,23.0,"Animation ,Action ,Adventure",12.0,11.0,2003.0
203,Samurai Jack,2,8,TV Series,7.2,577,8.5,58920,23.0,"Animation ,Action ,Adventure",6.0,9.0,2002.0
203,Samurai Jack,2,7,TV Series,8.3,610,8.5,58920,23.0,"Animation ,Action ,Adventure",12.0,4.0,2002.0
203,Samurai Jack,1,4,TV Series,7.9,891,8.5,58920,23.0,"Animation ,Action ,Adventure",13.0,8.0,2001.0
203,Samurai Jack,1,5,TV Series,7.6,818,8.5,58920,23.0,"Animation ,Action ,Adventure",27.0,8.0,2001.0
203,Samurai Jack,4,1,TV Series,8.9,677,8.5,58920,23.0,"Animation ,Action ,Adventure",14.0,6.0,2003.0
203,Samurai Jack,3,13,TV Series,8.3,510,8.5,58920,23.0,"Animation ,Action ,Adventure",26.0,8.0,2003.0
203,Samurai Jack,3,12,TV Series,9.2,634,8.5,58920,23.0,"Animation ,Action ,Adventure",16.0,8.0,2003.0
203,Samurai Jack,5,10,TV Series,9.3,1469,8.5,58920,23.0,"Animation ,Action ,Adventure",20.0,5.0,2017.0
203,Samurai Jack,5,9,TV Series,9.2,1008,8.5,58920,23.0,"Animation ,Action ,Adventure",13.0,5.0,2017.0
203,Samurai Jack,3,9,TV Series,9.1,725,8.5,58920,23.0,"Animation ,Action ,Adventure",17.0,5.0,2003.0
203,Samurai Jack,3,8,TV Series,8.1,495,8.5,58920,23.0,"Animation ,Action ,Adventure",10.0,5.0,2003.0
203,Samurai Jack,3,3,TV Series,8.1,544,8.5,58920,23.0,"Animation ,Action ,Adventure",8.0,11.0,2002.0
203,Samurai Jack,1,3,TV Series,8.4,1029,8.5,58920,23.0,"Animation ,Action ,Adventure",10.0,8.0,2001.0
203,Samurai Jack,3,10,TV Series,8.6,534,8.5,58920,23.0,"Animation ,Action ,Adventure",31.0,5.0,2003.0
203,Samurai Jack,1,1,TV Series,8.8,1415,8.5,58920,23.0,"Animation ,Action ,Adventure",10.0,8.0,2001.0
203,Samurai Jack,1,2,TV Series,8.2,1099,8.5,58920,23.0,"Animation ,Action ,Adventure",10.0,8.0,2001.0
203,Samurai Jack,1,7,TV Series,9.2,1170,8.5,58920,23.0,"Animation ,Action ,Adventure",20.0,8.0,2001.0
203,Samurai Jack,1,8,TV Series,8.4,842,8.5,58920,23.0,"Animation ,Action ,Adventure",15.0,10.0,2001.0
203,Samurai Jack,1,9,TV Series,7.8,739,8.5,58920,23.0,"Animation ,Action ,Adventure",3.0,9.0,2001.0
203,Samurai Jack,1,10,TV Series,8.6,843,8.5,58920,23.0,"Animation ,Action ,Adventure",5.0,11.0,2001.0
203,Samurai Jack,1,11,TV Series,8.8,931,8.5,58920,23.0,"Animation ,Action ,Adventure",29.0,10.0,2001.0
203,Samurai Jack,1,12,TV Series,7.8,730,8.5,58920,23.0,"Animation ,Action ,Adventure",26.0,11.0,2001.0
203,Samurai Jack,1,13,TV Series,7.8,749,8.5,58920,23.0,"Animation ,Action ,Adventure",3.0,12.0,2001.0
203,Samurai Jack,2,1,TV Series,8.3,720,8.5,58920,23.0,"Animation ,Action ,Adventure",1.0,3.0,2002.0
203,Samurai Jack,2,2,TV Series,7.8,640,8.5,58920,23.0,"Animation ,Action ,Adventure",8.0,3.0,2002.0
203,Samurai Jack,2,3,TV Series,8.2,643,8.5,58920,23.0,"Animation ,Action ,Adventure",15.0,3.0,2002.0
203,Samurai Jack,2,4,TV Series,8.4,682,8.5,58920,23.0,"Animation ,Action ,Adventure",22.0,3.0,2002.0
203,Samurai Jack,2,5,TV Series,8.6,689,8.5,58920,23.0,"Animation ,Action ,Adventure",29.0,3.0,2002.0
203,Samurai Jack,2,6,TV Series,8.5,676,8.5,58920,23.0,"Animation ,Action ,Adventure",5.0,4.0,2002.0
203,Samurai Jack,4,13,TV Series,7.6,520,8.5,58920,23.0,"Animation ,Action ,Adventure",25.0,9.0,2004.0
203,Samurai Jack,3,11,TV Series,8.9,603,8.5,58920,23.0,"Animation ,Action ,Adventure",16.0,8.0,2003.0
203,Samurai Jack,1,6,TV Series,8.2,829,8.5,58920,23.0,"Animation ,Action ,Adventure",19.0,11.0,2001.0
203,Samurai Jack,2,9,TV Series,8.5,660,8.5,58920,23.0,"Animation ,Action ,Adventure",13.0,9.0,2002.0
203,Samurai Jack,5,1,TV Series,9.3,1838,8.5,58920,23.0,"Animation ,Action ,Adventure",11.0,3.0,2017.0
203,Samurai Jack,2,10,TV Series,8.3,603,8.5,58920,23.0,"Animation ,Action ,Adventure",20.0,9.0,2002.0
203,Samurai Jack,2,11,TV Series,7.2,581,8.5,58920,23.0,"Animation ,Action ,Adventure",27.0,9.0,2002.0
203,Samurai Jack,2,13,TV Series,7.9,562,8.5,58920,23.0,"Animation ,Action ,Adventure",11.0,10.0,2002.0
203,Samurai Jack,2,12,TV Series,9.0,769,8.5,58920,23.0,"Animation ,Action ,Adventure",4.0,10.0,2002.0
203,Samurai Jack,3,2,TV Series,7.9,587,8.5,58920,23.0,"Animation ,Action ,Adventure",1.0,11.0,2002.0
203,Samurai Jack,3,1,TV Series,7.7,551,8.5,58920,23.0,"Animation ,Action ,Adventure",18.0,10.0,2002.0
203,Samurai Jack,5,7,TV Series,9.4,1064,8.5,58920,23.0,"Animation ,Action ,Adventure",29.0,4.0,2017.0
203,Samurai Jack,5,6,TV Series,9.2,1081,8.5,58920,23.0,"Animation ,Action ,Adventure",22.0,4.0,2017.0
203,Samurai Jack,5,5,TV Series,9.0,1049,8.5,58920,23.0,"Animation ,Action ,Adventure",15.0,4.0,2017.0
203,Samurai Jack,5,4,TV Series,9.1,1107,8.5,58920,23.0,"Animation ,Action ,Adventure",8.0,4.0,2017.0
203,Samurai Jack,5,3,TV Series,9.6,1588,8.5,58920,23.0,"Animation ,Action ,Adventure",25.0,3.0,2017.0
203,Samurai Jack,5,2,TV Series,9.7,2184,8.5,58920,23.0,"Animation ,Action ,Adventure",18.0,3.0,2017.0
203,Samurai Jack,4,10,TV Series,8.6,595,8.5,58920,23.0,"Animation ,Action ,Adventure",14.0,2.0,2004.0
203,Samurai Jack,4,11,TV Series,9.1,787,8.5,58920,23.0,"Animation ,Action ,Adventure",25.0,9.0,2004.0
203,Samurai Jack,4,12,TV Series,8.1,492,8.5,58920,23.0,"Animation ,Action ,Adventure",25.0,9.0,2004.0
204,Mob Psycho 100,2,2,TV Series,7.8,1005,8.6,43493,24.0,"Animation ,Action ,Comedy",14.0,1.0,2019.0
204,Mob Psycho 100,2,1,TV Series,8.8,1309,8.6,43493,24.0,"Animation ,Action ,Comedy",7.0,1.0,2019.0
204,Mob Psycho 100,1,12,TV Series,9.1,1536,8.6,43493,24.0,"Animation ,Action ,Comedy",27.0,9.0,2016.0
204,Mob Psycho 100,1,11,TV Series,9.1,1355,8.6,43493,24.0,"Animation ,Action ,Comedy",20.0,9.0,2016.0
204,Mob Psycho 100,1,10,TV Series,8.2,1046,8.6,43493,24.0,"Animation ,Action ,Comedy",13.0,9.0,2016.0
204,Mob Psycho 100,1,9,TV Series,8.0,1046,8.6,43493,24.0,"Animation ,Action ,Comedy",6.0,9.0,2016.0
204,Mob Psycho 100,1,8,TV Series,8.9,1304,8.6,43493,24.0,"Animation ,Action ,Comedy",30.0,8.0,2016.0
204,Mob Psycho 100,3,6,TV Series,9.6,1723,8.6,43493,24.0,"Animation ,Action ,Comedy",9.0,11.0,2022.0
204,Mob Psycho 100,3,7,TV Series,7.2,668,8.6,43493,24.0,"Animation ,Action ,Comedy",17.0,11.0,2022.0
204,Mob Psycho 100,3,10,TV Series,9.0,892,8.6,43493,24.0,"Animation ,Action ,Comedy",8.0,12.0,2022.0
204,Mob Psycho 100,3,9,TV Series,8.3,747,8.6,43493,24.0,"Animation ,Action ,Comedy",1.0,12.0,2022.0
204,Mob Psycho 100,3,12,TV Series,9.5,1387,8.6,43493,24.0,"Animation ,Action ,Comedy",21.0,12.0,2022.0
204,Mob Psycho 100,3,11,TV Series,9.1,865,8.6,43493,24.0,"Animation ,Action ,Comedy",15.0,12.0,2022.0
204,Mob Psycho 100,3,8,TV Series,7.6,771,8.6,43493,24.0,"Animation ,Action ,Comedy",24.0,11.0,2022.0
204,Mob Psycho 100,2,6,TV Series,8.3,1044,8.6,43493,24.0,"Animation ,Action ,Comedy",11.0,2.0,2019.0
204,Mob Psycho 100,2,11,TV Series,9.3,1285,8.6,43493,24.0,"Animation ,Action ,Comedy",18.0,3.0,2019.0
204,Mob Psycho 100,2,3,TV Series,8.2,1011,8.6,43493,24.0,"Animation ,Action ,Comedy",22.0,1.0,2019.0
204,Mob Psycho 100,2,9,TV Series,8.3,968,8.6,43493,24.0,"Animation ,Action ,Comedy",4.0,3.0,2019.0
204,Mob Psycho 100,2,10,TV Series,8.7,1010,8.6,43493,24.0,"Animation ,Action ,Comedy",11.0,3.0,2019.0
204,Mob Psycho 100,2,7,TV Series,9.5,1915,8.6,43493,24.0,"Animation ,Action ,Comedy",18.0,2.0,2019.0
204,Mob Psycho 100,2,4,TV Series,8.7,1075,8.6,43493,24.0,"Animation ,Action ,Comedy",28.0,1.0,2019.0
204,Mob Psycho 100,2,5,TV Series,9.3,1687,8.6,43493,24.0,"Animation ,Action ,Comedy",4.0,2.0,2019.0
204,Mob Psycho 100,2,8,TV Series,9.3,1367,8.6,43493,24.0,"Animation ,Action ,Comedy",25.0,2.0,2019.0
204,Mob Psycho 100,1,2,TV Series,7.5,1203,8.6,43493,24.0,"Animation ,Action ,Comedy",3.0,11.0,2018.0
204,Mob Psycho 100,1,1,TV Series,7.6,1342,8.6,43493,24.0,"Animation ,Action ,Comedy",27.0,10.0,2018.0
204,Mob Psycho 100,3,5,TV Series,8.9,894,8.6,43493,24.0,"Animation ,Action ,Comedy",3.0,11.0,2022.0
204,Mob Psycho 100,3,4,TV Series,8.4,804,8.6,43493,24.0,"Animation ,Action ,Comedy",27.0,10.0,2022.0
204,Mob Psycho 100,3,3,TV Series,7.7,721,8.6,43493,24.0,"Animation ,Action ,Comedy",20.0,10.0,2022.0
204,Mob Psycho 100,3,2,TV Series,7.7,737,8.6,43493,24.0,"Animation ,Action ,Comedy",13.0,10.0,2022.0
204,Mob Psycho 100,3,1,TV Series,7.9,848,8.6,43493,24.0,"Animation ,Action ,Comedy",6.0,10.0,2022.0
204,Mob Psycho 100,2,13,TV Series,9.2,1294,8.6,43493,24.0,"Animation ,Action ,Comedy",1.0,4.0,2019.0
204,Mob Psycho 100,2,12,TV Series,9.0,1052,8.6,43493,24.0,"Animation ,Action ,Comedy",25.0,3.0,2019.0
204,Mob Psycho 100,1,5,TV Series,8.8,1342,8.6,43493,24.0,"Animation ,Action ,Comedy",9.0,8.0,2016.0
204,Mob Psycho 100,1,4,TV Series,8.0,1140,8.6,43493,24.0,"Animation ,Action ,Comedy",2.0,8.0,2016.0
204,Mob Psycho 100,1,7,TV Series,7.8,1074,8.6,43493,24.0,"Animation ,Action ,Comedy",23.0,8.0,2016.0
204,Mob Psycho 100,1,6,TV Series,7.5,1083,8.6,43493,24.0,"Animation ,Action ,Comedy",16.0,8.0,2016.0
204,Mob Psycho 100,1,3,TV Series,7.9,1183,8.6,43493,24.0,"Animation ,Action ,Comedy",10.0,11.0,2018.0
205,Detectorists,3,5,TV Series,8.5,354,8.6,20770,30.0,Comedy,6.0,12.0,2017.0
205,Detectorists,3,2,TV Series,7.8,373,8.6,20770,30.0,Comedy,15.0,11.0,2017.0
205,Detectorists,2,6,TV Series,8.7,464,8.6,20770,30.0,Comedy,3.0,12.0,2015.0
205,Detectorists,3,1,TV Series,7.9,413,8.6,20770,30.0,Comedy,8.0,11.0,2017.0
205,Detectorists,3,3,TV Series,7.9,349,8.6,20770,30.0,Comedy,22.0,11.0,2017.0
205,Detectorists,3,4,TV Series,8.0,335,8.6,20770,30.0,Comedy,29.0,11.0,2017.0
205,Detectorists,1,6,TV Series,8.5,478,8.6,20770,30.0,Comedy,6.0,11.0,2014.0
205,Detectorists,1,5,TV Series,8.1,449,8.6,20770,30.0,Comedy,30.0,10.0,2014.0
205,Detectorists,2,4,TV Series,8.0,389,8.6,20770,30.0,Comedy,19.0,11.0,2015.0
205,Detectorists,1,4,TV Series,7.9,445,8.6,20770,30.0,Comedy,23.0,10.0,2014.0
205,Detectorists,1,3,TV Series,8.1,481,8.6,20770,30.0,Comedy,16.0,10.0,2014.0
205,Detectorists,2,5,TV Series,8.0,391,8.6,20770,30.0,Comedy,26.0,11.0,2015.0
205,Detectorists,1,1,TV Series,7.4,585,8.6,20770,30.0,Comedy,2.0,10.0,2014.0
205,Detectorists,2,2,TV Series,7.7,395,8.6,20770,30.0,Comedy,5.0,11.0,2015.0
205,Detectorists,2,1,TV Series,7.9,427,8.6,20770,30.0,Comedy,29.0,10.0,2015.0
205,Detectorists,3,7,TV Series,8.3,671,8.6,20770,30.0,Comedy,26.0,12.0,2022.0
205,Detectorists,3,6,TV Series,9.3,589,8.6,20770,30.0,Comedy,13.0,12.0,2017.0
205,Detectorists,2,3,TV Series,8.0,396,8.6,20770,30.0,Comedy,12.0,11.0,2015.0
205,Detectorists,2,7,TV Series,8.0,385,8.6,20770,30.0,Comedy,23.0,12.0,2015.0
205,Detectorists,1,2,TV Series,7.7,495,8.6,20770,30.0,Comedy,9.0,10.0,2014.0
206,Louie,1,9,TV Series,8.7,1052,8.5,81857,22.0,"Comedy ,Drama",17.0,8.0,2010.0
206,Louie,1,8,TV Series,7.8,870,8.5,81857,22.0,"Comedy ,Drama",10.0,8.0,2010.0
206,Louie,2,8,TV Series,8.8,962,8.5,81857,22.0,"Comedy ,Drama",11.0,8.0,2011.0
206,Louie,2,7,TV Series,7.8,742,8.5,81857,22.0,"Comedy ,Drama",4.0,8.0,2011.0
206,Louie,3,11,TV Series,8.6,812,8.5,81857,22.0,"Comedy ,Drama",13.0,9.0,2012.0
206,Louie,1,6,TV Series,8.1,996,8.5,81857,22.0,"Comedy ,Drama",27.0,7.0,2010.0
206,Louie,1,7,TV Series,7.9,911,8.5,81857,22.0,"Comedy ,Drama",3.0,8.0,2010.0
206,Louie,2,10,TV Series,7.6,701,8.5,81857,22.0,"Comedy ,Drama",18.0,8.0,2011.0
206,Louie,2,9,TV Series,8.6,966,8.5,81857,22.0,"Comedy ,Drama",11.0,8.0,2011.0
206,Louie,4,14,TV Series,8.3,601,8.5,81857,22.0,"Comedy ,Drama",16.0,6.0,2014.0
206,Louie,4,13,TV Series,8.3,599,8.5,81857,22.0,"Comedy ,Drama",16.0,6.0,2014.0
206,Louie,4,12,TV Series,9.4,1302,8.5,81857,22.0,"Comedy ,Drama",9.0,6.0,2014.0
206,Louie,4,11,TV Series,9.1,1138,8.5,81857,22.0,"Comedy ,Drama",9.0,6.0,2014.0
206,Louie,4,10,TV Series,7.8,600,8.5,81857,22.0,"Comedy ,Drama",2.0,6.0,2014.0
206,Louie,4,9,TV Series,8.1,617,8.5,81857,22.0,"Comedy ,Drama",2.0,6.0,2014.0
206,Louie,4,8,TV Series,7.7,599,8.5,81857,22.0,"Comedy ,Drama",26.0,5.0,2014.0
206,Louie,2,1,TV Series,7.9,878,8.5,81857,22.0,"Comedy ,Drama",23.0,6.0,2011.0
206,Louie,1,13,TV Series,8.2,836,8.5,81857,22.0,"Comedy ,Drama",7.0,9.0,2010.0
206,Louie,1,12,TV Series,8.0,822,8.5,81857,22.0,"Comedy ,Drama",7.0,9.0,2010.0
206,Louie,1,11,TV Series,7.9,978,8.5,81857,22.0,"Comedy ,Drama",31.0,8.0,2010.0
206,Louie,1,10,TV Series,7.5,856,8.5,81857,22.0,"Comedy ,Drama",24.0,8.0,2010.0
206,Louie,2,11,TV Series,9.0,1384,8.5,81857,22.0,"Comedy ,Drama",25.0,8.0,2011.0
206,Louie,2,12,TV Series,7.8,687,8.5,81857,22.0,"Comedy ,Drama",1.0,9.0,2011.0
206,Louie,5,2,TV Series,8.3,641,8.5,81857,22.0,"Comedy ,Drama",16.0,4.0,2015.0
206,Louie,5,1,TV Series,8.4,737,8.5,81857,22.0,"Comedy ,Drama",9.0,4.0,2015.0
206,Louie,2,13,TV Series,8.3,762,8.5,81857,22.0,"Comedy ,Drama",8.0,9.0,2011.0
206,Louie,3,1,TV Series,7.8,801,8.5,81857,22.0,"Comedy ,Drama",28.0,6.0,2012.0
206,Louie,3,2,TV Series,8.0,774,8.5,81857,22.0,"Comedy ,Drama",5.0,7.0,2012.0
206,Louie,3,3,TV Series,8.1,783,8.5,81857,22.0,"Comedy ,Drama",12.0,7.0,2012.0
206,Louie,3,4,TV Series,8.4,812,8.5,81857,22.0,"Comedy ,Drama",19.0,7.0,2012.0
206,Louie,3,12,TV Series,9.3,1126,8.5,81857,22.0,"Comedy ,Drama",20.0,9.0,2012.0
206,Louie,3,13,TV Series,8.9,998,8.5,81857,22.0,"Comedy ,Drama",27.0,9.0,2012.0
206,Louie,4,7,TV Series,7.9,618,8.5,81857,22.0,"Comedy ,Drama",26.0,5.0,2014.0
206,Louie,4,6,TV Series,8.3,623,8.5,81857,22.0,"Comedy ,Drama",19.0,5.0,2014.0
206,Louie,4,5,TV Series,8.0,634,8.5,81857,22.0,"Comedy ,Drama",19.0,5.0,2014.0
206,Louie,4,4,TV Series,7.9,635,8.5,81857,22.0,"Comedy ,Drama",12.0,5.0,2014.0
206,Louie,4,3,TV Series,9.1,1255,8.5,81857,22.0,"Comedy ,Drama",12.0,5.0,2014.0
206,Louie,4,2,TV Series,8.7,936,8.5,81857,22.0,"Comedy ,Drama",5.0,5.0,2014.0
206,Louie,4,1,TV Series,8.1,772,8.5,81857,22.0,"Comedy ,Drama",5.0,5.0,2014.0
206,Louie,5,6,TV Series,8.4,560,8.5,81857,22.0,"Comedy ,Drama",14.0,5.0,2015.0
206,Louie,5,5,TV Series,8.7,780,8.5,81857,22.0,"Comedy ,Drama",7.0,5.0,2015.0
206,Louie,5,8,TV Series,8.2,567,8.5,81857,22.0,"Comedy ,Drama",28.0,5.0,2015.0
206,Louie,5,7,TV Series,7.7,520,8.5,81857,22.0,"Comedy ,Drama",21.0,5.0,2015.0
206,Louie,1,1,TV Series,7.5,1346,8.5,81857,22.0,"Comedy ,Drama",29.0,6.0,2010.0
206,Louie,1,2,TV Series,7.9,1137,8.5,81857,22.0,"Comedy ,Drama",29.0,6.0,2010.0
206,Louie,5,3,TV Series,8.4,670,8.5,81857,22.0,"Comedy ,Drama",23.0,4.0,2015.0
206,Louie,5,4,TV Series,8.0,584,8.5,81857,22.0,"Comedy ,Drama",30.0,4.0,2015.0
206,Louie,3,6,TV Series,8.4,899,8.5,81857,22.0,"Comedy ,Drama",2.0,8.0,2012.0
206,Louie,3,7,TV Series,7.7,677,8.5,81857,22.0,"Comedy ,Drama",9.0,8.0,2012.0
206,Louie,3,8,TV Series,7.8,726,8.5,81857,22.0,"Comedy ,Drama",16.0,8.0,2012.0
206,Louie,3,9,TV Series,7.6,669,8.5,81857,22.0,"Comedy ,Drama",23.0,8.0,2012.0
206,Louie,3,10,TV Series,8.2,789,8.5,81857,22.0,"Comedy ,Drama",30.0,8.0,2012.0
206,Louie,1,4,TV Series,8.0,988,8.5,81857,22.0,"Comedy ,Drama",13.0,7.0,2010.0
206,Louie,1,3,TV Series,8.0,1070,8.5,81857,22.0,"Comedy ,Drama",6.0,7.0,2010.0
206,Louie,1,5,TV Series,8.1,965,8.5,81857,22.0,"Comedy ,Drama",20.0,7.0,2010.0
206,Louie,2,4,TV Series,7.8,799,8.5,81857,22.0,"Comedy ,Drama",14.0,7.0,2011.0
206,Louie,2,3,TV Series,7.8,765,8.5,81857,22.0,"Comedy ,Drama",7.0,7.0,2011.0
206,Louie,2,5,TV Series,7.7,795,8.5,81857,22.0,"Comedy ,Drama",21.0,7.0,2011.0
206,Louie,2,6,TV Series,8.5,869,8.5,81857,22.0,"Comedy ,Drama",28.0,7.0,2011.0
206,Louie,2,2,TV Series,8.3,844,8.5,81857,22.0,"Comedy ,Drama",30.0,6.0,2011.0
206,Louie,3,5,TV Series,8.5,900,8.5,81857,22.0,"Comedy ,Drama",26.0,7.0,2012.0
207,Heartstopper,3,7,TV Series,7.7,0,8.6,74917,30.0,"Drama ,Romance",35.0,15.0,2024.0
207,Heartstopper,3,8,TV Series,7.7,0,8.6,74917,30.0,"Drama ,Romance",35.0,15.0,2024.0
207,Heartstopper,1,6,TV Series,8.8,3051,8.6,74917,30.0,"Drama ,Romance",22.0,4.0,2022.0
207,Heartstopper,1,2,TV Series,8.8,3398,8.6,74917,30.0,"Drama ,Romance",22.0,4.0,2022.0
207,Heartstopper,1,3,TV Series,9.1,3563,8.6,74917,30.0,"Drama ,Romance",22.0,4.0,2022.0
207,Heartstopper,1,4,TV Series,8.4,3114,8.6,74917,30.0,"Drama ,Romance",22.0,4.0,2022.0
207,Heartstopper,1,8,TV Series,9.3,3872,8.6,74917,30.0,"Drama ,Romance",22.0,4.0,2022.0
207,Heartstopper,1,5,TV Series,8.9,3099,8.6,74917,30.0,"Drama ,Romance",22.0,4.0,2022.0
207,Heartstopper,3,2,TV Series,7.7,0,8.6,74917,30.0,"Drama ,Romance",35.0,15.0,2024.0
207,Heartstopper,1,7,TV Series,8.7,3004,8.6,74917,30.0,"Drama ,Romance",22.0,4.0,2022.0
207,Heartstopper,2,2,TV Series,8.5,1396,8.6,74917,30.0,"Drama ,Romance",3.0,8.0,2023.0
207,Heartstopper,2,3,TV Series,8.6,1363,8.6,74917,30.0,"Drama ,Romance",3.0,8.0,2023.0
207,Heartstopper,2,4,TV Series,8.8,1351,8.6,74917,30.0,"Drama ,Romance",3.0,8.0,2023.0
207,Heartstopper,2,5,TV Series,8.9,1342,8.6,74917,30.0,"Drama ,Romance",3.0,8.0,2023.0
207,Heartstopper,2,6,TV Series,9.0,1358,8.6,74917,30.0,"Drama ,Romance",3.0,8.0,2023.0
207,Heartstopper,2,7,TV Series,9.2,1385,8.6,74917,30.0,"Drama ,Romance",3.0,8.0,2023.0
207,Heartstopper,1,1,TV Series,8.3,3760,8.6,74917,30.0,"Drama ,Romance",22.0,4.0,2022.0
207,Heartstopper,2,1,TV Series,8.4,1511,8.6,74917,30.0,"Drama ,Romance",3.0,8.0,2023.0
207,Heartstopper,2,8,TV Series,9.2,1606,8.6,74917,30.0,"Drama ,Romance",3.0,8.0,2023.0
207,Heartstopper,3,1,TV Series,7.7,0,8.6,74917,30.0,"Drama ,Romance",35.0,15.0,2024.0
207,Heartstopper,3,3,TV Series,7.7,0,8.6,74917,30.0,"Drama ,Romance",35.0,15.0,2024.0
207,Heartstopper,3,4,TV Series,7.7,0,8.6,74917,30.0,"Drama ,Romance",35.0,15.0,2024.0
207,Heartstopper,3,6,TV Series,7.7,0,8.6,74917,30.0,"Drama ,Romance",35.0,15.0,2024.0
207,Heartstopper,3,5,TV Series,7.7,0,8.6,74917,30.0,"Drama ,Romance",35.0,15.0,2024.0
208,Whose Line Is It Anyway?,1,10,TV Series,8.2,95,8.5,46123,30.0,"Comedy ,Game-Show",6.0,1.0,1999.0
208,Whose Line Is It Anyway?,1,11,TV Series,7.9,84,8.5,46123,30.0,"Comedy ,Game-Show",13.0,1.0,1999.0
208,Whose Line Is It Anyway?,1,12,TV Series,8.1,85,8.5,46123,30.0,"Comedy ,Game-Show",20.0,1.0,1999.0
208,Whose Line Is It Anyway?,1,13,TV Series,7.9,77,8.5,46123,30.0,"Comedy ,Game-Show",27.0,1.0,1999.0
208,Whose Line Is It Anyway?,2,23,TV Series,7.9,49,8.5,46123,30.0,"Comedy ,Game-Show",10.0,2.0,2000.0
208,Whose Line Is It Anyway?,2,24,TV Series,7.5,56,8.5,46123,30.0,"Comedy ,Game-Show",17.0,2.0,2000.0
208,Whose Line Is It Anyway?,2,25,TV Series,7.6,58,8.5,46123,30.0,"Comedy ,Game-Show",24.0,2.0,2000.0
208,Whose Line Is It Anyway?,1,14,TV Series,8.1,78,8.5,46123,30.0,"Comedy ,Game-Show",3.0,2.0,1999.0
208,Whose Line Is It Anyway?,1,15,TV Series,7.7,76,8.5,46123,30.0,"Comedy ,Game-Show",10.0,2.0,1999.0
208,Whose Line Is It Anyway?,1,16,TV Series,7.8,78,8.5,46123,30.0,"Comedy ,Game-Show",17.0,2.0,1999.0
208,Whose Line Is It Anyway?,2,6,TV Series,7.8,65,8.5,46123,30.0,"Comedy ,Game-Show",14.0,10.0,1999.0
208,Whose Line Is It Anyway?,2,7,TV Series,7.7,64,8.5,46123,30.0,"Comedy ,Game-Show",21.0,10.0,1999.0
208,Whose Line Is It Anyway?,2,8,TV Series,7.7,62,8.5,46123,30.0,"Comedy ,Game-Show",28.0,10.0,1999.0
208,Whose Line Is It Anyway?,2,9,TV Series,8.2,62,8.5,46123,30.0,"Comedy ,Game-Show",4.0,11.0,1999.0
208,Whose Line Is It Anyway?,2,19,TV Series,8.0,62,8.5,46123,30.0,"Comedy ,Game-Show",13.0,1.0,2000.0
208,Whose Line Is It Anyway?,2,20,TV Series,7.9,58,8.5,46123,30.0,"Comedy ,Game-Show",20.0,1.0,2000.0
208,Whose Line Is It Anyway?,2,21,TV Series,7.4,60,8.5,46123,30.0,"Comedy ,Game-Show",3.0,2.0,2000.0
208,Whose Line Is It Anyway?,3,14,TV Series,7.3,50,8.5,46123,30.0,"Comedy ,Game-Show",4.0,1.0,2001.0
208,Whose Line Is It Anyway?,2,3,TV Series,8.0,65,8.5,46123,30.0,"Comedy ,Game-Show",30.0,9.0,1999.0
208,Whose Line Is It Anyway?,2,4,TV Series,8.0,64,8.5,46123,30.0,"Comedy ,Game-Show",7.0,10.0,1999.0
208,Whose Line Is It Anyway?,2,5,TV Series,8.0,63,8.5,46123,30.0,"Comedy ,Game-Show",8.0,10.0,1999.0
208,Whose Line Is It Anyway?,2,38,TV Series,7.6,55,8.5,46123,30.0,"Comedy ,Game-Show",18.0,5.0,2000.0
208,Whose Line Is It Anyway?,3,15,TV Series,7.7,39,8.5,46123,30.0,"Comedy ,Game-Show",11.0,1.0,2001.0
208,Whose Line Is It Anyway?,3,16,TV Series,7.6,50,8.5,46123,30.0,"Comedy ,Game-Show",25.0,1.0,2001.0
208,Whose Line Is It Anyway?,3,17,TV Series,7.6,47,8.5,46123,30.0,"Comedy ,Game-Show",1.0,2.0,2001.0
208,Whose Line Is It Anyway?,2,26,TV Series,7.5,55,8.5,46123,30.0,"Comedy ,Game-Show",2.0,3.0,2000.0
208,Whose Line Is It Anyway?,2,27,TV Series,7.7,56,8.5,46123,30.0,"Comedy ,Game-Show",9.0,3.0,2000.0
208,Whose Line Is It Anyway?,2,28,TV Series,7.9,55,8.5,46123,30.0,"Comedy ,Game-Show",16.0,3.0,2000.0
208,Whose Line Is It Anyway?,1,17,TV Series,7.8,71,8.5,46123,30.0,"Comedy ,Game-Show",24.0,2.0,1999.0
208,Whose Line Is It Anyway?,1,18,TV Series,7.7,72,8.5,46123,30.0,"Comedy ,Game-Show",10.0,3.0,1999.0
208,Whose Line Is It Anyway?,1,19,TV Series,7.6,80,8.5,46123,30.0,"Comedy ,Game-Show",17.0,3.0,1999.0
208,Whose Line Is It Anyway?,1,20,TV Series,7.9,76,8.5,46123,30.0,"Comedy ,Game-Show",24.0,3.0,1999.0
208,Whose Line Is It Anyway?,2,1,TV Series,8.1,72,8.5,46123,30.0,"Comedy ,Game-Show",16.0,9.0,1999.0
208,Whose Line Is It Anyway?,2,2,TV Series,8.2,64,8.5,46123,30.0,"Comedy ,Game-Show",23.0,9.0,1999.0
208,Whose Line Is It Anyway?,2,35,TV Series,7.4,59,8.5,46123,30.0,"Comedy ,Game-Show",4.0,5.0,2000.0
208,Whose Line Is It Anyway?,2,36,TV Series,7.9,59,8.5,46123,30.0,"Comedy ,Game-Show",4.0,5.0,2000.0
208,Whose Line Is It Anyway?,2,37,TV Series,7.7,56,8.5,46123,30.0,"Comedy ,Game-Show",11.0,5.0,2000.0
208,Whose Line Is It Anyway?,3,30,TV Series,7.6,46,8.5,46123,30.0,"Comedy ,Game-Show",27.0,4.0,2001.0
208,Whose Line Is It Anyway?,3,31,TV Series,7.6,49,8.5,46123,30.0,"Comedy ,Game-Show",27.0,4.0,2001.0
208,Whose Line Is It Anyway?,3,32,TV Series,7.4,50,8.5,46123,30.0,"Comedy ,Game-Show",3.0,5.0,2001.0
208,Whose Line Is It Anyway?,3,33,TV Series,7.5,55,8.5,46123,30.0,"Comedy ,Game-Show",4.0,5.0,2001.0
208,Whose Line Is It Anyway?,3,2,TV Series,8.3,65,8.5,46123,30.0,"Comedy ,Game-Show",12.0,10.0,2000.0
208,Whose Line Is It Anyway?,3,3,TV Series,7.5,52,8.5,46123,30.0,"Comedy ,Game-Show",19.0,10.0,2000.0
208,Whose Line Is It Anyway?,3,4,TV Series,7.9,53,8.5,46123,30.0,"Comedy ,Game-Show",19.0,10.0,2000.0
208,Whose Line Is It Anyway?,2,13,TV Series,7.5,58,8.5,46123,30.0,"Comedy ,Game-Show",18.0,11.0,1999.0
208,Whose Line Is It Anyway?,2,14,TV Series,8.2,52,8.5,46123,30.0,"Comedy ,Game-Show",25.0,11.0,1999.0
208,Whose Line Is It Anyway?,2,15,TV Series,7.7,59,8.5,46123,30.0,"Comedy ,Game-Show",2.0,12.0,1999.0
208,Whose Line Is It Anyway?,2,16,TV Series,7.2,57,8.5,46123,30.0,"Comedy ,Game-Show",9.0,12.0,1999.0
208,Whose Line Is It Anyway?,2,17,TV Series,7.7,64,8.5,46123,30.0,"Comedy ,Game-Show",16.0,12.0,1999.0
208,Whose Line Is It Anyway?,2,18,TV Series,7.9,63,8.5,46123,30.0,"Comedy ,Game-Show",6.0,1.0,2000.0
208,Whose Line Is It Anyway?,3,11,TV Series,7.5,38,8.5,46123,30.0,"Comedy ,Game-Show",23.0,11.0,2000.0
208,Whose Line Is It Anyway?,3,12,TV Series,7.6,49,8.5,46123,30.0,"Comedy ,Game-Show",30.0,11.0,2000.0
208,Whose Line Is It Anyway?,3,13,TV Series,7.6,50,8.5,46123,30.0,"Comedy ,Game-Show",14.0,12.0,2000.0
208,Whose Line Is It Anyway?,4,7,TV Series,7.9,36,8.5,46123,30.0,"Comedy ,Game-Show",4.0,10.0,2001.0
208,Whose Line Is It Anyway?,4,8,TV Series,8.0,54,8.5,46123,30.0,"Comedy ,Game-Show",4.0,10.0,2001.0
208,Whose Line Is It Anyway?,4,9,TV Series,8.5,76,8.5,46123,30.0,"Comedy ,Game-Show",10.0,10.0,2001.0
208,Whose Line Is It Anyway?,4,10,TV Series,7.7,49,8.5,46123,30.0,"Comedy ,Game-Show",17.0,10.0,2001.0
208,Whose Line Is It Anyway?,3,18,TV Series,7.8,52,8.5,46123,30.0,"Comedy ,Game-Show",21.0,2.0,2001.0
208,Whose Line Is It Anyway?,3,19,TV Series,7.9,48,8.5,46123,30.0,"Comedy ,Game-Show",21.0,2.0,2001.0
208,Whose Line Is It Anyway?,3,20,TV Series,7.7,49,8.5,46123,30.0,"Comedy ,Game-Show",22.0,2.0,2001.0
208,Whose Line Is It Anyway?,2,29,TV Series,8.3,61,8.5,46123,30.0,"Comedy ,Game-Show",23.0,3.0,2000.0
208,Whose Line Is It Anyway?,2,30,TV Series,7.6,46,8.5,46123,30.0,"Comedy ,Game-Show",30.0,3.0,2000.0
208,Whose Line Is It Anyway?,2,31,TV Series,7.4,58,8.5,46123,30.0,"Comedy ,Game-Show",6.0,4.0,2000.0
208,Whose Line Is It Anyway?,2,32,TV Series,7.8,56,8.5,46123,30.0,"Comedy ,Game-Show",20.0,4.0,2000.0
208,Whose Line Is It Anyway?,2,33,TV Series,7.8,56,8.5,46123,30.0,"Comedy ,Game-Show",27.0,4.0,2000.0
208,Whose Line Is It Anyway?,2,34,TV Series,7.3,54,8.5,46123,30.0,"Comedy ,Game-Show",27.0,4.0,2000.0
208,Whose Line Is It Anyway?,3,27,TV Series,7.6,49,8.5,46123,30.0,"Comedy ,Game-Show",12.0,4.0,2001.0
208,Whose Line Is It Anyway?,3,28,TV Series,7.8,35,8.5,46123,30.0,"Comedy ,Game-Show",19.0,4.0,2001.0
208,Whose Line Is It Anyway?,3,29,TV Series,7.3,53,8.5,46123,30.0,"Comedy ,Game-Show",26.0,4.0,2001.0
208,Whose Line Is It Anyway?,4,23,TV Series,7.6,49,8.5,46123,30.0,"Comedy ,Game-Show",24.0,1.0,2002.0
208,Whose Line Is It Anyway?,4,24,TV Series,7.2,52,8.5,46123,30.0,"Comedy ,Game-Show",31.0,1.0,2002.0
208,Whose Line Is It Anyway?,4,25,TV Series,7.7,35,8.5,46123,30.0,"Comedy ,Game-Show",7.0,2.0,2002.0
208,Whose Line Is It Anyway?,4,26,TV Series,7.9,35,8.5,46123,30.0,"Comedy ,Game-Show",12.0,2.0,2002.0
208,Whose Line Is It Anyway?,3,34,TV Series,7.6,53,8.5,46123,30.0,"Comedy ,Game-Show",4.0,5.0,2001.0
208,Whose Line Is It Anyway?,3,35,TV Series,7.7,42,8.5,46123,30.0,"Comedy ,Game-Show",10.0,5.0,2001.0
208,Whose Line Is It Anyway?,3,36,TV Series,7.7,51,8.5,46123,30.0,"Comedy ,Game-Show",17.0,5.0,2001.0
208,Whose Line Is It Anyway?,3,5,TV Series,7.5,50,8.5,46123,30.0,"Comedy ,Game-Show",26.0,10.0,2000.0
208,Whose Line Is It Anyway?,3,6,TV Series,7.5,49,8.5,46123,30.0,"Comedy ,Game-Show",2.0,11.0,2000.0
208,Whose Line Is It Anyway?,3,7,TV Series,7.7,52,8.5,46123,30.0,"Comedy ,Game-Show",2.0,11.0,2000.0
208,Whose Line Is It Anyway?,3,8,TV Series,7.6,56,8.5,46123,30.0,"Comedy ,Game-Show",9.0,11.0,2000.0
208,Whose Line Is It Anyway?,3,9,TV Series,9.3,150,8.5,46123,30.0,"Comedy ,Game-Show",16.0,11.0,2000.0
208,Whose Line Is It Anyway?,3,10,TV Series,7.6,52,8.5,46123,30.0,"Comedy ,Game-Show",23.0,11.0,2000.0
208,Whose Line Is It Anyway?,4,4,TV Series,7.7,54,8.5,46123,30.0,"Comedy ,Game-Show",20.0,9.0,2001.0
208,Whose Line Is It Anyway?,4,5,TV Series,7.5,51,8.5,46123,30.0,"Comedy ,Game-Show",27.0,9.0,2001.0
208,Whose Line Is It Anyway?,4,6,TV Series,8.3,55,8.5,46123,30.0,"Comedy ,Game-Show",3.0,10.0,2001.0
208,Whose Line Is It Anyway?,5,8,TV Series,8.1,37,8.5,46123,30.0,"Comedy ,Game-Show",15.0,11.0,2002.0
208,Whose Line Is It Anyway?,5,9,TV Series,7.8,50,8.5,46123,30.0,"Comedy ,Game-Show",29.0,11.0,2002.0
208,Whose Line Is It Anyway?,5,10,TV Series,7.8,39,8.5,46123,30.0,"Comedy ,Game-Show",6.0,12.0,2002.0
208,Whose Line Is It Anyway?,5,11,TV Series,8.0,55,8.5,46123,30.0,"Comedy ,Game-Show",20.0,12.0,2002.0
208,Whose Line Is It Anyway?,4,11,TV Series,7.5,50,8.5,46123,30.0,"Comedy ,Game-Show",18.0,10.0,2001.0
208,Whose Line Is It Anyway?,4,12,TV Series,7.5,50,8.5,46123,30.0,"Comedy ,Game-Show",25.0,10.0,2001.0
208,Whose Line Is It Anyway?,4,13,TV Series,7.7,46,8.5,46123,30.0,"Comedy ,Game-Show",7.0,11.0,2001.0
208,Whose Line Is It Anyway?,3,21,TV Series,7.4,47,8.5,46123,30.0,"Comedy ,Game-Show",15.0,3.0,2001.0
208,Whose Line Is It Anyway?,3,22,TV Series,7.6,41,8.5,46123,30.0,"Comedy ,Game-Show",15.0,3.0,2001.0
208,Whose Line Is It Anyway?,3,23,TV Series,7.8,49,8.5,46123,30.0,"Comedy ,Game-Show",22.0,3.0,2001.0
208,Whose Line Is It Anyway?,3,24,TV Series,7.9,48,8.5,46123,30.0,"Comedy ,Game-Show",22.0,3.0,2001.0
208,Whose Line Is It Anyway?,3,25,TV Series,7.5,53,8.5,46123,30.0,"Comedy ,Game-Show",29.0,3.0,2001.0
208,Whose Line Is It Anyway?,3,26,TV Series,7.7,51,8.5,46123,30.0,"Comedy ,Game-Show",5.0,4.0,2001.0
208,Whose Line Is It Anyway?,4,20,TV Series,7.6,48,8.5,46123,30.0,"Comedy ,Game-Show",13.0,12.0,2001.0
208,Whose Line Is It Anyway?,4,21,TV Series,7.7,51,8.5,46123,30.0,"Comedy ,Game-Show",19.0,12.0,2001.0
208,Whose Line Is It Anyway?,4,22,TV Series,7.6,47,8.5,46123,30.0,"Comedy ,Game-Show",24.0,1.0,2002.0
208,Whose Line Is It Anyway?,5,24,TV Series,7.6,42,8.5,46123,30.0,"Comedy ,Game-Show",18.0,7.0,2003.0
208,Whose Line Is It Anyway?,5,25,TV Series,7.2,35,8.5,46123,30.0,"Comedy ,Game-Show",25.0,7.0,2003.0
208,Whose Line Is It Anyway?,5,26,TV Series,7.8,50,8.5,46123,30.0,"Comedy ,Game-Show",25.0,7.0,2003.0
208,Whose Line Is It Anyway?,5,27,TV Series,7.8,46,8.5,46123,30.0,"Comedy ,Game-Show",1.0,8.0,2003.0
208,Whose Line Is It Anyway?,4,27,TV Series,8.3,55,8.5,46123,30.0,"Comedy ,Game-Show",12.0,2.0,2002.0
208,Whose Line Is It Anyway?,4,28,TV Series,7.7,49,8.5,46123,30.0,"Comedy ,Game-Show",7.0,3.0,2002.0
208,Whose Line Is It Anyway?,4,29,TV Series,7.7,48,8.5,46123,30.0,"Comedy ,Game-Show",14.0,3.0,2002.0
208,Whose Line Is It Anyway?,3,37,TV Series,8.2,55,8.5,46123,30.0,"Comedy ,Game-Show",18.0,5.0,2001.0
208,Whose Line Is It Anyway?,3,38,TV Series,9.0,86,8.5,46123,30.0,"Comedy ,Game-Show",14.0,6.0,2001.0
208,Whose Line Is It Anyway?,3,39,TV Series,7.8,37,8.5,46123,30.0,"Comedy ,Game-Show",21.0,6.0,2001.0
208,Whose Line Is It Anyway?,4,1,TV Series,8.2,59,8.5,46123,30.0,"Comedy ,Game-Show",6.0,9.0,2001.0
208,Whose Line Is It Anyway?,4,2,TV Series,7.6,55,8.5,46123,30.0,"Comedy ,Game-Show",6.0,9.0,2001.0
208,Whose Line Is It Anyway?,4,3,TV Series,7.7,51,8.5,46123,30.0,"Comedy ,Game-Show",20.0,9.0,2001.0
208,Whose Line Is It Anyway?,5,5,TV Series,7.7,50,8.5,46123,30.0,"Comedy ,Game-Show",7.0,10.0,2002.0
208,Whose Line Is It Anyway?,5,6,TV Series,7.8,53,8.5,46123,30.0,"Comedy ,Game-Show",21.0,10.0,2002.0
208,Whose Line Is It Anyway?,5,7,TV Series,7.7,49,8.5,46123,30.0,"Comedy ,Game-Show",28.0,10.0,2002.0
208,Whose Line Is It Anyway?,6,6,TV Series,7.2,36,8.5,46123,30.0,"Comedy ,Game-Show",7.0,8.0,2004.0
208,Whose Line Is It Anyway?,6,7,TV Series,7.8,46,8.5,46123,30.0,"Comedy ,Game-Show",14.0,8.0,2004.0
208,Whose Line Is It Anyway?,6,8,TV Series,7.4,36,8.5,46123,30.0,"Comedy ,Game-Show",21.0,8.0,2004.0
208,Whose Line Is It Anyway?,6,9,TV Series,7.5,45,8.5,46123,30.0,"Comedy ,Game-Show",28.0,8.0,2004.0
208,Whose Line Is It Anyway?,5,12,TV Series,7.2,54,8.5,46123,30.0,"Comedy ,Game-Show",10.0,1.0,2003.0
208,Whose Line Is It Anyway?,5,13,TV Series,7.8,48,8.5,46123,30.0,"Comedy ,Game-Show",17.0,1.0,2003.0
208,Whose Line Is It Anyway?,5,14,TV Series,7.9,48,8.5,46123,30.0,"Comedy ,Game-Show",24.0,1.0,2003.0
208,Whose Line Is It Anyway?,4,14,TV Series,7.8,52,8.5,46123,30.0,"Comedy ,Game-Show",14.0,11.0,2001.0
208,Whose Line Is It Anyway?,4,15,TV Series,8.1,59,8.5,46123,30.0,"Comedy ,Game-Show",21.0,11.0,2001.0
208,Whose Line Is It Anyway?,4,16,TV Series,8.0,53,8.5,46123,30.0,"Comedy ,Game-Show",22.0,11.0,2001.0
208,Whose Line Is It Anyway?,4,17,TV Series,7.7,53,8.5,46123,30.0,"Comedy ,Game-Show",28.0,11.0,2001.0
208,Whose Line Is It Anyway?,4,18,TV Series,7.6,53,8.5,46123,30.0,"Comedy ,Game-Show",5.0,12.0,2001.0
208,Whose Line Is It Anyway?,4,19,TV Series,7.8,51,8.5,46123,30.0,"Comedy ,Game-Show",12.0,12.0,2001.0
208,Whose Line Is It Anyway?,5,21,TV Series,8.0,51,8.5,46123,30.0,"Comedy ,Game-Show",11.0,7.0,2003.0
208,Whose Line Is It Anyway?,5,22,TV Series,7.5,44,8.5,46123,30.0,"Comedy ,Game-Show",11.0,7.0,2003.0
208,Whose Line Is It Anyway?,5,23,TV Series,7.7,35,8.5,46123,30.0,"Comedy ,Game-Show",18.0,7.0,2003.0
208,Whose Line Is It Anyway?,7,12,TV Series,7.6,48,8.5,46123,30.0,"Comedy ,Game-Show",21.0,2.0,2005.0
208,Whose Line Is It Anyway?,7,13,TV Series,8.0,33,8.5,46123,30.0,"Comedy ,Game-Show",28.0,2.0,2005.0
208,Whose Line Is It Anyway?,7,14,TV Series,8.2,50,8.5,46123,30.0,"Comedy ,Game-Show",7.0,3.0,2005.0
208,Whose Line Is It Anyway?,7,15,TV Series,7.6,47,8.5,46123,30.0,"Comedy ,Game-Show",14.0,3.0,2005.0
208,Whose Line Is It Anyway?,5,28,TV Series,7.4,44,8.5,46123,30.0,"Comedy ,Game-Show",8.0,8.0,2003.0
208,Whose Line Is It Anyway?,5,29,TV Series,7.5,35,8.5,46123,30.0,"Comedy ,Game-Show",8.0,8.0,2003.0
208,Whose Line Is It Anyway?,5,30,TV Series,7.8,50,8.5,46123,30.0,"Comedy ,Game-Show",15.0,8.0,2003.0
208,Whose Line Is It Anyway?,4,30,TV Series,7.9,47,8.5,46123,30.0,"Comedy ,Game-Show",28.0,3.0,2002.0
208,Whose Line Is It Anyway?,4,31,TV Series,7.7,48,8.5,46123,30.0,"Comedy ,Game-Show",11.0,4.0,2002.0
208,Whose Line Is It Anyway?,5,1,TV Series,8.2,60,8.5,46123,30.0,"Comedy ,Game-Show",9.0,9.0,2002.0
208,Whose Line Is It Anyway?,5,2,TV Series,7.4,53,8.5,46123,30.0,"Comedy ,Game-Show",16.0,9.0,2002.0
208,Whose Line Is It Anyway?,5,3,TV Series,8.1,49,8.5,46123,30.0,"Comedy ,Game-Show",23.0,9.0,2002.0
208,Whose Line Is It Anyway?,5,4,TV Series,8.2,58,8.5,46123,30.0,"Comedy ,Game-Show",30.0,9.0,2002.0
208,Whose Line Is It Anyway?,6,3,TV Series,7.6,50,8.5,46123,30.0,"Comedy ,Game-Show",8.0,7.0,2004.0
208,Whose Line Is It Anyway?,6,4,TV Series,7.2,49,8.5,46123,30.0,"Comedy ,Game-Show",29.0,7.0,2004.0
208,Whose Line Is It Anyway?,6,5,TV Series,7.4,50,8.5,46123,30.0,"Comedy ,Game-Show",31.0,7.0,2004.0
208,Whose Line Is It Anyway?,8,3,TV Series,8.1,39,8.5,46123,30.0,"Comedy ,Game-Show",17.0,10.0,2005.0
208,Whose Line Is It Anyway?,8,4,TV Series,7.7,44,8.5,46123,30.0,"Comedy ,Game-Show",7.0,11.0,2005.0
208,Whose Line Is It Anyway?,8,5,TV Series,7.8,50,8.5,46123,30.0,"Comedy ,Game-Show",21.0,11.0,2005.0
208,Whose Line Is It Anyway?,8,6,TV Series,8.1,51,8.5,46123,30.0,"Comedy ,Game-Show",12.0,12.0,2005.0
208,Whose Line Is It Anyway?,6,10,TV Series,7.8,53,8.5,46123,30.0,"Comedy ,Game-Show",4.0,9.0,2004.0
208,Whose Line Is It Anyway?,7,1,TV Series,8.0,56,8.5,46123,30.0,"Comedy ,Game-Show",17.0,1.0,2005.0
208,Whose Line Is It Anyway?,7,2,TV Series,7.9,54,8.5,46123,30.0,"Comedy ,Game-Show",17.0,1.0,2005.0
208,Whose Line Is It Anyway?,5,15,TV Series,8.0,37,8.5,46123,30.0,"Comedy ,Game-Show",3.0,4.0,2003.0
208,Whose Line Is It Anyway?,5,16,TV Series,8.1,50,8.5,46123,30.0,"Comedy ,Game-Show",10.0,4.0,2003.0
208,Whose Line Is It Anyway?,5,17,TV Series,9.4,157,8.5,46123,30.0,"Comedy ,Game-Show",20.0,6.0,2003.0
208,Whose Line Is It Anyway?,5,18,TV Series,8.3,45,8.5,46123,30.0,"Comedy ,Game-Show",20.0,6.0,2003.0
208,Whose Line Is It Anyway?,5,19,TV Series,8.1,42,8.5,46123,30.0,"Comedy ,Game-Show",27.0,6.0,2003.0
208,Whose Line Is It Anyway?,5,20,TV Series,8.3,56,8.5,46123,30.0,"Comedy ,Game-Show",27.0,6.0,2003.0
208,Whose Line Is It Anyway?,7,9,TV Series,7.8,38,8.5,46123,30.0,"Comedy ,Game-Show",14.0,2.0,2005.0
208,Whose Line Is It Anyway?,7,10,TV Series,7.5,49,8.5,46123,30.0,"Comedy ,Game-Show",14.0,2.0,2005.0
208,Whose Line Is It Anyway?,7,11,TV Series,7.6,49,8.5,46123,30.0,"Comedy ,Game-Show",21.0,2.0,2005.0
208,Whose Line Is It Anyway?,8,19,TV Series,8.4,33,8.5,46123,30.0,"Comedy ,Game-Show",14.0,12.0,2007.0
208,Whose Line Is It Anyway?,8,20,TV Series,8.5,33,8.5,46123,30.0,"Comedy ,Game-Show",15.0,12.0,2007.0
208,Whose Line Is It Anyway?,8,21,TV Series,7.8,32,8.5,46123,30.0,"Comedy ,Game-Show",15.0,12.0,2007.0
208,Whose Line Is It Anyway?,7,16,TV Series,8.0,28,8.5,46123,30.0,"Comedy ,Game-Show",21.0,3.0,2005.0
208,Whose Line Is It Anyway?,7,17,TV Series,7.8,46,8.5,46123,30.0,"Comedy ,Game-Show",28.0,3.0,2005.0
208,Whose Line Is It Anyway?,7,18,TV Series,7.4,43,8.5,46123,30.0,"Comedy ,Game-Show",4.0,4.0,2005.0
208,Whose Line Is It Anyway?,5,31,TV Series,7.9,44,8.5,46123,30.0,"Comedy ,Game-Show",22.0,8.0,2003.0
208,Whose Line Is It Anyway?,5,32,TV Series,8.0,48,8.5,46123,30.0,"Comedy ,Game-Show",29.0,8.0,2003.0
208,Whose Line Is It Anyway?,5,33,TV Series,7.6,43,8.5,46123,30.0,"Comedy ,Game-Show",5.0,9.0,2003.0
208,Whose Line Is It Anyway?,5,34,TV Series,7.9,47,8.5,46123,30.0,"Comedy ,Game-Show",5.0,9.0,2003.0
208,Whose Line Is It Anyway?,6,1,TV Series,7.5,53,8.5,46123,30.0,"Comedy ,Game-Show",24.0,6.0,2004.0
208,Whose Line Is It Anyway?,6,2,TV Series,7.8,51,8.5,46123,30.0,"Comedy ,Game-Show",1.0,7.0,2004.0
208,Whose Line Is It Anyway?,7,25,TV Series,7.9,43,8.5,46123,30.0,"Comedy ,Game-Show",19.0,5.0,2005.0
208,Whose Line Is It Anyway?,8,1,TV Series,7.9,48,8.5,46123,30.0,"Comedy ,Game-Show",3.0,10.0,2005.0
208,Whose Line Is It Anyway?,8,2,TV Series,8.1,37,8.5,46123,30.0,"Comedy ,Game-Show",10.0,10.0,2005.0
208,Whose Line Is It Anyway?,8,7,TV Series,7.6,48,8.5,46123,30.0,"Comedy ,Game-Show",20.0,3.0,2006.0
208,Whose Line Is It Anyway?,8,8,TV Series,7.7,43,8.5,46123,30.0,"Comedy ,Game-Show",21.0,3.0,2006.0
208,Whose Line Is It Anyway?,8,9,TV Series,7.5,50,8.5,46123,30.0,"Comedy ,Game-Show",22.0,3.0,2006.0
208,Whose Line Is It Anyway?,7,3,TV Series,7.6,53,8.5,46123,30.0,"Comedy ,Game-Show",24.0,1.0,2005.0
208,Whose Line Is It Anyway?,7,4,TV Series,7.5,52,8.5,46123,30.0,"Comedy ,Game-Show",24.0,1.0,2005.0
208,Whose Line Is It Anyway?,7,5,TV Series,8.0,52,8.5,46123,30.0,"Comedy ,Game-Show",31.0,1.0,2005.0
208,Whose Line Is It Anyway?,7,6,TV Series,7.9,49,8.5,46123,30.0,"Comedy ,Game-Show",31.0,1.0,2005.0
208,Whose Line Is It Anyway?,7,7,TV Series,8.3,49,8.5,46123,30.0,"Comedy ,Game-Show",7.0,2.0,2005.0
208,Whose Line Is It Anyway?,7,8,TV Series,8.0,36,8.5,46123,30.0,"Comedy ,Game-Show",7.0,2.0,2005.0
208,Whose Line Is It Anyway?,8,16,TV Series,8.4,57,8.5,46123,30.0,"Comedy ,Game-Show",10.0,11.0,2006.0
208,Whose Line Is It Anyway?,8,17,TV Series,8.3,37,8.5,46123,30.0,"Comedy ,Game-Show",4.0,12.0,2007.0
208,Whose Line Is It Anyway?,8,18,TV Series,8.3,25,8.5,46123,30.0,"Comedy ,Game-Show",13.0,12.0,2007.0
208,Whose Line Is It Anyway?,8,10,TV Series,7.7,45,8.5,46123,30.0,"Comedy ,Game-Show",23.0,3.0,2006.0
208,Whose Line Is It Anyway?,8,11,TV Series,7.6,44,8.5,46123,30.0,"Comedy ,Game-Show",24.0,3.0,2006.0
208,Whose Line Is It Anyway?,8,12,TV Series,7.8,42,8.5,46123,30.0,"Comedy ,Game-Show",6.0,11.0,2006.0
208,Whose Line Is It Anyway?,8,13,TV Series,7.8,45,8.5,46123,30.0,"Comedy ,Game-Show",7.0,11.0,2006.0
208,Whose Line Is It Anyway?,8,14,TV Series,7.6,45,8.5,46123,30.0,"Comedy ,Game-Show",8.0,11.0,2006.0
208,Whose Line Is It Anyway?,8,15,TV Series,7.4,44,8.5,46123,30.0,"Comedy ,Game-Show",9.0,11.0,2006.0
208,Whose Line Is It Anyway?,7,19,TV Series,7.6,44,8.5,46123,30.0,"Comedy ,Game-Show",11.0,4.0,2005.0
208,Whose Line Is It Anyway?,7,20,TV Series,7.6,33,8.5,46123,30.0,"Comedy ,Game-Show",18.0,4.0,2005.0
208,Whose Line Is It Anyway?,7,21,TV Series,7.7,34,8.5,46123,30.0,"Comedy ,Game-Show",25.0,4.0,2005.0
208,Whose Line Is It Anyway?,7,22,TV Series,7.8,48,8.5,46123,30.0,"Comedy ,Game-Show",2.0,5.0,2005.0
208,Whose Line Is It Anyway?,7,23,TV Series,7.7,44,8.5,46123,30.0,"Comedy ,Game-Show",9.0,5.0,2005.0
208,Whose Line Is It Anyway?,7,24,TV Series,7.8,28,8.5,46123,30.0,"Comedy ,Game-Show",16.0,5.0,2005.0
208,Whose Line Is It Anyway?,1,7,TV Series,7.7,82,8.5,46123,30.0,"Comedy ,Game-Show",23.0,9.0,1998.0
208,Whose Line Is It Anyway?,1,8,TV Series,8.0,98,8.5,46123,30.0,"Comedy ,Game-Show",9.0,12.0,1998.0
208,Whose Line Is It Anyway?,1,9,TV Series,7.8,94,8.5,46123,30.0,"Comedy ,Game-Show",16.0,12.0,1998.0
208,Whose Line Is It Anyway?,2,22,TV Series,8.3,62,8.5,46123,30.0,"Comedy ,Game-Show",4.0,2.0,2000.0
208,Whose Line Is It Anyway?,2,39,TV Series,8.5,60,8.5,46123,30.0,"Comedy ,Game-Show",18.0,5.0,2000.0
208,Whose Line Is It Anyway?,3,0,TV Series,9.1,52,8.5,46123,30.0,"Comedy ,Game-Show",4.0,10.0,2000.0
208,Whose Line Is It Anyway?,3,1,TV Series,7.4,55,8.5,46123,30.0,"Comedy ,Game-Show",12.0,10.0,2000.0
208,Whose Line Is It Anyway?,2,10,TV Series,8.5,61,8.5,46123,30.0,"Comedy ,Game-Show",5.0,11.0,1999.0
208,Whose Line Is It Anyway?,2,11,TV Series,7.9,49,8.5,46123,30.0,"Comedy ,Game-Show",11.0,11.0,1999.0
208,Whose Line Is It Anyway?,2,12,TV Series,8.0,66,8.5,46123,30.0,"Comedy ,Game-Show",12.0,11.0,1999.0
208,Whose Line Is It Anyway?,1,1,TV Series,8.0,182,8.5,46123,30.0,"Comedy ,Game-Show",5.0,8.0,1998.0
208,Whose Line Is It Anyway?,1,2,TV Series,7.7,137,8.5,46123,30.0,"Comedy ,Game-Show",12.0,8.0,1998.0
208,Whose Line Is It Anyway?,1,3,TV Series,7.6,121,8.5,46123,30.0,"Comedy ,Game-Show",19.0,8.0,1998.0
208,Whose Line Is It Anyway?,1,4,TV Series,7.9,91,8.5,46123,30.0,"Comedy ,Game-Show",26.0,8.0,1998.0
208,Whose Line Is It Anyway?,1,5,TV Series,7.7,83,8.5,46123,30.0,"Comedy ,Game-Show",2.0,9.0,1998.0
208,Whose Line Is It Anyway?,1,6,TV Series,7.8,110,8.5,46123,30.0,"Comedy ,Game-Show",9.0,9.0,1998.0
209,Spartacus,2,10,TV Series,9.4,4472,8.5,255127,55.0,"Action ,Adventure ,Biography",30.0,3.0,2012.0
209,Spartacus,3,1,TV Series,8.6,3387,8.5,255127,55.0,"Action ,Adventure ,Biography",25.0,1.0,2013.0
209,Spartacus,3,2,TV Series,8.4,2725,8.5,255127,55.0,"Action ,Adventure ,Biography",1.0,2.0,2013.0
209,Spartacus,3,3,TV Series,8.3,2593,8.5,255127,55.0,"Action ,Adventure ,Biography",8.0,2.0,2013.0
209,Spartacus,2,8,TV Series,8.3,2542,8.5,255127,55.0,"Action ,Adventure ,Biography",16.0,3.0,2012.0
209,Spartacus,2,9,TV Series,8.8,2912,8.5,255127,55.0,"Action ,Adventure ,Biography",23.0,3.0,2012.0
209,Spartacus,3,8,TV Series,8.9,3177,8.5,255127,55.0,"Action ,Adventure ,Biography",22.0,3.0,2013.0
209,Spartacus,2,7,TV Series,8.5,2735,8.5,255127,55.0,"Action ,Adventure ,Biography",9.0,3.0,2012.0
209,Spartacus,3,9,TV Series,9.1,3295,8.5,255127,55.0,"Action ,Adventure ,Biography",5.0,4.0,2013.0
209,Spartacus,3,10,TV Series,9.7,8339,8.5,255127,55.0,"Action ,Adventure ,Biography",12.0,4.0,2013.0
209,Spartacus,1,3,TV Series,8.0,3556,8.5,255127,55.0,"Action ,Adventure ,Biography",5.0,2.0,2010.0
209,Spartacus,1,2,TV Series,7.9,3787,8.5,255127,55.0,"Action ,Adventure ,Biography",29.0,1.0,2010.0
209,Spartacus,1,4,TV Series,8.3,3552,8.5,255127,55.0,"Action ,Adventure ,Biography",12.0,2.0,2010.0
209,Spartacus,1,11,TV Series,8.6,3343,8.5,255127,55.0,"Action ,Adventure ,Biography",2.0,4.0,2010.0
209,Spartacus,1,12,TV Series,9.0,3543,8.5,255127,55.0,"Action ,Adventure ,Biography",9.0,4.0,2010.0
209,Spartacus,1,13,TV Series,9.6,6703,8.5,255127,55.0,"Action ,Adventure ,Biography",16.0,4.0,2010.0
209,Spartacus,2,6,TV Series,8.0,2547,8.5,255127,55.0,"Action ,Adventure ,Biography",2.0,3.0,2012.0
209,Spartacus,3,4,TV Series,8.4,2611,8.5,255127,55.0,"Action ,Adventure ,Biography",22.0,2.0,2013.0
209,Spartacus,3,6,TV Series,8.6,2669,8.5,255127,55.0,"Action ,Adventure ,Biography",8.0,3.0,2013.0
209,Spartacus,3,5,TV Series,8.8,2825,8.5,255127,55.0,"Action ,Adventure ,Biography",1.0,3.0,2013.0
209,Spartacus,1,9,TV Series,8.7,3528,8.5,255127,55.0,"Action ,Adventure ,Biography",19.0,3.0,2010.0
209,Spartacus,1,6,TV Series,8.5,3466,8.5,255127,55.0,"Action ,Adventure ,Biography",26.0,2.0,2010.0
209,Spartacus,1,7,TV Series,8.2,3215,8.5,255127,55.0,"Action ,Adventure ,Biography",5.0,3.0,2010.0
209,Spartacus,1,8,TV Series,8.3,3210,8.5,255127,55.0,"Action ,Adventure ,Biography",12.0,3.0,2010.0
209,Spartacus,2,1,TV Series,8.1,3501,8.5,255127,55.0,"Action ,Adventure ,Biography",27.0,1.0,2012.0
209,Spartacus,1,1,TV Series,7.6,4999,8.5,255127,55.0,"Action ,Adventure ,Biography",22.0,1.0,2010.0
209,Spartacus,1,10,TV Series,9.0,3743,8.5,255127,55.0,"Action ,Adventure ,Biography",26.0,3.0,2010.0
209,Spartacus,2,2,TV Series,8.0,2748,8.5,255127,55.0,"Action ,Adventure ,Biography",3.0,2.0,2012.0
209,Spartacus,3,7,TV Series,8.4,2559,8.5,255127,55.0,"Action ,Adventure ,Biography",15.0,3.0,2013.0
209,Spartacus,2,4,TV Series,8.0,2618,8.5,255127,55.0,"Action ,Adventure ,Biography",17.0,2.0,2012.0
209,Spartacus,2,3,TV Series,8.2,2719,8.5,255127,55.0,"Action ,Adventure ,Biography",10.0,2.0,2012.0
209,Spartacus,2,5,TV Series,9.2,3893,8.5,255127,55.0,"Action ,Adventure ,Biography",24.0,2.0,2012.0
209,Spartacus,1,5,TV Series,8.9,3963,8.5,255127,55.0,"Action ,Adventure ,Biography",19.0,2.0,2010.0
210,The Office,1,4,TV Series,8.8,2393,8.5,122113,455.0,"Comedy ,Drama",30.0,7.0,2001.0
210,The Office,1,1,TV Series,7.6,2567,8.5,122113,455.0,"Comedy ,Drama",9.0,7.0,2001.0
210,The Office,2,6,TV Series,8.7,1824,8.5,122113,455.0,"Comedy ,Drama",4.0,11.0,2002.0
210,The Office,1,5,TV Series,7.8,1931,8.5,122113,455.0,"Comedy ,Drama",13.0,8.0,2001.0
210,The Office,3,2,TV Series,9.3,2976,8.5,122113,455.0,"Comedy ,Drama",27.0,12.0,2003.0
210,The Office,2,1,TV Series,8.2,1811,8.5,122113,455.0,"Comedy ,Drama",30.0,9.0,2002.0
210,The Office,3,1,TV Series,8.5,2121,8.5,122113,455.0,"Comedy ,Drama",26.0,12.0,2003.0
210,The Office,2,2,TV Series,8.1,1762,8.5,122113,455.0,"Comedy ,Drama",7.0,10.0,2002.0
210,The Office,2,3,TV Series,8.3,1773,8.5,122113,455.0,"Comedy ,Drama",14.0,10.0,2002.0
210,The Office,2,5,TV Series,8.7,1858,8.5,122113,455.0,"Comedy ,Drama",28.0,10.0,2002.0
210,The Office,2,4,TV Series,8.3,1766,8.5,122113,455.0,"Comedy ,Drama",21.0,10.0,2002.0
210,The Office,1,6,TV Series,8.1,1878,8.5,122113,455.0,"Comedy ,Drama",20.0,8.0,2001.0
210,The Office,1,3,TV Series,8.0,2088,8.5,122113,455.0,"Comedy ,Drama",23.0,7.0,2001.0
210,The Office,1,2,TV Series,8.0,2185,8.5,122113,455.0,"Comedy ,Drama",16.0,7.0,2001.0
211,Happy Valley,2,5,TV Series,8.5,981,8.5,63419,1059.0,"Crime ,Drama ,Thriller",8.0,3.0,2016.0
211,Happy Valley,3,3,TV Series,8.4,837,8.5,63419,1059.0,"Crime ,Drama ,Thriller",15.0,1.0,2023.0
211,Happy Valley,1,3,TV Series,8.6,1329,8.5,63419,1059.0,"Crime ,Drama ,Thriller",13.0,5.0,2014.0
211,Happy Valley,2,6,TV Series,9.0,1242,8.5,63419,1059.0,"Crime ,Drama ,Thriller",15.0,3.0,2016.0
211,Happy Valley,1,5,TV Series,8.3,1197,8.5,63419,1059.0,"Crime ,Drama ,Thriller",27.0,5.0,2014.0
211,Happy Valley,1,4,TV Series,9.0,1490,8.5,63419,1059.0,"Crime ,Drama ,Thriller",20.0,5.0,2014.0
211,Happy Valley,1,2,TV Series,8.2,1322,8.5,63419,1059.0,"Crime ,Drama ,Thriller",6.0,5.0,2014.0
211,Happy Valley,1,1,TV Series,8.0,1544,8.5,63419,1059.0,"Crime ,Drama ,Thriller",29.0,4.0,2014.0
211,Happy Valley,3,6,TV Series,8.7,1345,8.5,63419,1059.0,"Crime ,Drama ,Thriller",5.0,2.0,2023.0
211,Happy Valley,3,1,TV Series,8.3,1102,8.5,63419,1059.0,"Crime ,Drama ,Thriller",22.0,5.0,2023.0
211,Happy Valley,3,4,TV Series,8.5,836,8.5,63419,1059.0,"Crime ,Drama ,Thriller",22.0,1.0,2023.0
211,Happy Valley,3,5,TV Series,8.3,750,8.5,63419,1059.0,"Crime ,Drama ,Thriller",29.0,1.0,2023.0
211,Happy Valley,2,4,TV Series,8.1,961,8.5,63419,1059.0,"Crime ,Drama ,Thriller",1.0,3.0,2016.0
211,Happy Valley,2,3,TV Series,8.2,981,8.5,63419,1059.0,"Crime ,Drama ,Thriller",23.0,2.0,2016.0
211,Happy Valley,2,2,TV Series,8.3,1023,8.5,63419,1059.0,"Crime ,Drama ,Thriller",16.0,2.0,2016.0
211,Happy Valley,2,1,TV Series,8.2,1239,8.5,63419,1059.0,"Crime ,Drama ,Thriller",9.0,2.0,2016.0
211,Happy Valley,3,2,TV Series,8.3,847,8.5,63419,1059.0,"Crime ,Drama ,Thriller",8.0,1.0,2023.0
211,Happy Valley,1,6,TV Series,8.5,1259,8.5,63419,1059.0,"Crime ,Drama ,Thriller",3.0,6.0,2014.0
212,Through the Wormhole,3,1,TV Series,7.3,131,8.6,18351,60.0,Documentary,6.0,3.0,2012.0
212,Through the Wormhole,2,10,TV Series,7.6,134,8.6,18351,60.0,Documentary,10.0,8.0,2011.0
212,Through the Wormhole,2,9,TV Series,7.7,152,8.6,18351,60.0,Documentary,3.0,8.0,2011.0
212,Through the Wormhole,2,8,TV Series,8.1,150,8.6,18351,60.0,Documentary,27.0,7.0,2011.0
212,Through the Wormhole,2,7,TV Series,7.9,136,8.6,18351,60.0,Documentary,20.0,7.0,2011.0
212,Through the Wormhole,2,6,TV Series,8.0,153,8.6,18351,60.0,Documentary,13.0,7.0,2011.0
212,Through the Wormhole,2,5,TV Series,7.6,153,8.6,18351,60.0,Documentary,6.0,7.0,2011.0
212,Through the Wormhole,2,4,TV Series,7.8,148,8.6,18351,60.0,Documentary,29.0,6.0,2011.0
212,Through the Wormhole,2,3,TV Series,8.2,182,8.6,18351,60.0,Documentary,22.0,6.0,2011.0
212,Through the Wormhole,2,2,TV Series,8.3,173,8.6,18351,60.0,Documentary,15.0,6.0,2011.0
212,Through the Wormhole,2,1,TV Series,7.6,191,8.6,18351,60.0,Documentary,8.0,6.0,2011.0
212,Through the Wormhole,1,8,TV Series,8.2,201,8.6,18351,60.0,Documentary,28.0,7.0,2010.0
212,Through the Wormhole,3,7,TV Series,7.5,96,8.6,18351,60.0,Documentary,18.0,7.0,2012.0
212,Through the Wormhole,3,6,TV Series,7.3,102,8.6,18351,60.0,Documentary,11.0,7.0,2012.0
212,Through the Wormhole,3,5,TV Series,7.4,109,8.6,18351,60.0,Documentary,27.0,6.0,2012.0
212,Through the Wormhole,3,4,TV Series,7.4,110,8.6,18351,60.0,Documentary,20.0,6.0,2012.0
212,Through the Wormhole,3,3,TV Series,7.2,121,8.6,18351,60.0,Documentary,13.0,6.0,2012.0
212,Through the Wormhole,3,2,TV Series,7.4,126,8.6,18351,60.0,Documentary,6.0,6.0,2012.0
212,Through the Wormhole,6,3,TV Series,7.5,68,8.6,18351,60.0,Documentary,13.0,5.0,2015.0
212,Through the Wormhole,6,2,TV Series,7.5,71,8.6,18351,60.0,Documentary,6.0,5.0,2015.0
212,Through the Wormhole,6,1,TV Series,7.6,81,8.6,18351,60.0,Documentary,29.0,4.0,2015.0
212,Through the Wormhole,5,10,TV Series,7.8,76,8.6,18351,60.0,Documentary,23.0,7.0,2014.0
212,Through the Wormhole,5,9,TV Series,7.6,73,8.6,18351,60.0,Documentary,16.0,7.0,2014.0
212,Through the Wormhole,5,8,TV Series,7.1,68,8.6,18351,60.0,Documentary,9.0,7.0,2014.0
212,Through the Wormhole,5,7,TV Series,7.6,71,8.6,18351,60.0,Documentary,2.0,7.0,2014.0
212,Through the Wormhole,5,6,TV Series,7.3,72,8.6,18351,60.0,Documentary,25.0,6.0,2014.0
212,Through the Wormhole,5,5,TV Series,7.4,74,8.6,18351,60.0,Documentary,18.0,6.0,2014.0
212,Through the Wormhole,5,4,TV Series,7.4,75,8.6,18351,60.0,Documentary,11.0,6.0,2014.0
212,Through the Wormhole,5,3,TV Series,7.0,82,8.6,18351,60.0,Documentary,4.0,6.0,2014.0
212,Through the Wormhole,5,2,TV Series,7.8,83,8.6,18351,60.0,Documentary,12.0,3.0,2014.0
212,Through the Wormhole,5,1,TV Series,7.5,95,8.6,18351,60.0,Documentary,5.0,3.0,2014.0
212,Through the Wormhole,4,10,TV Series,7.1,80,8.6,18351,60.0,Documentary,31.0,7.0,2013.0
212,Through the Wormhole,4,9,TV Series,7.4,90,8.6,18351,60.0,Documentary,24.0,7.0,2013.0
212,Through the Wormhole,4,8,TV Series,7.7,101,8.6,18351,60.0,Documentary,17.0,7.0,2013.0
212,Through the Wormhole,8,4,TV Series,6.8,58,8.6,18351,60.0,Documentary,16.0,5.0,2017.0
212,Through the Wormhole,7,3,TV Series,7.3,42,8.6,18351,60.0,Documentary,13.0,9.0,2016.0
212,Through the Wormhole,7,4,TV Series,7.8,42,8.6,18351,60.0,Documentary,20.0,9.0,2016.0
212,Through the Wormhole,8,1,TV Series,7.8,48,8.6,18351,60.0,Documentary,25.0,4.0,2017.0
212,Through the Wormhole,8,2,TV Series,7.5,46,8.6,18351,60.0,Documentary,2.0,5.0,2017.0
212,Through the Wormhole,8,3,TV Series,8.0,43,8.6,18351,60.0,Documentary,9.0,5.0,2017.0
212,Through the Wormhole,7,1,TV Series,7.2,58,8.6,18351,60.0,Documentary,8.0,8.0,2016.0
212,Through the Wormhole,7,2,TV Series,7.6,56,8.6,18351,60.0,Documentary,6.0,9.0,2016.0
212,Through the Wormhole,6,6,TV Series,7.5,69,8.6,18351,60.0,Documentary,3.0,6.0,2015.0
212,Through the Wormhole,6,5,TV Series,7.0,62,8.6,18351,60.0,Documentary,27.0,5.0,2015.0
212,Through the Wormhole,6,4,TV Series,7.6,69,8.6,18351,60.0,Documentary,20.0,5.0,2015.0
212,Through the Wormhole,1,2,TV Series,8.3,284,8.6,18351,60.0,Documentary,16.0,6.0,2010.0
212,Through the Wormhole,1,3,TV Series,8.2,270,8.6,18351,60.0,Documentary,23.0,6.0,2010.0
212,Through the Wormhole,1,7,TV Series,8.1,200,8.6,18351,60.0,Documentary,21.0,7.0,2010.0
212,Through the Wormhole,1,1,TV Series,8.0,376,8.6,18351,60.0,Documentary,9.0,6.0,2010.0
212,Through the Wormhole,1,4,TV Series,8.3,249,8.6,18351,60.0,Documentary,30.0,6.0,2010.0
212,Through the Wormhole,1,5,TV Series,8.0,210,8.6,18351,60.0,Documentary,7.0,7.0,2010.0
212,Through the Wormhole,1,6,TV Series,7.9,215,8.6,18351,60.0,Documentary,14.0,7.0,2010.0
212,Through the Wormhole,4,7,TV Series,8.2,101,8.6,18351,60.0,Documentary,10.0,7.0,2013.0
212,Through the Wormhole,4,4,TV Series,7.6,90,8.6,18351,60.0,Documentary,19.0,6.0,2013.0
212,Through the Wormhole,4,5,TV Series,7.4,80,8.6,18351,60.0,Documentary,26.0,6.0,2013.0
212,Through the Wormhole,4,6,TV Series,7.4,86,8.6,18351,60.0,Documentary,3.0,7.0,2013.0
212,Through the Wormhole,4,2,TV Series,7.6,93,8.6,18351,60.0,Documentary,5.0,6.0,2013.0
212,Through the Wormhole,4,1,TV Series,7.8,110,8.6,18351,60.0,Documentary,20.0,3.0,2013.0
212,Through the Wormhole,3,10,TV Series,7.6,117,8.6,18351,60.0,Documentary,8.0,8.0,2012.0
212,Through the Wormhole,4,3,TV Series,7.6,94,8.6,18351,60.0,Documentary,12.0,6.0,2013.0
212,Through the Wormhole,3,9,TV Series,7.3,99,8.6,18351,60.0,Documentary,1.0,8.0,2012.0
212,Through the Wormhole,3,8,TV Series,7.5,109,8.6,18351,60.0,Documentary,25.0,7.0,2012.0
213,Sons of Anarchy,1,5,TV Series,8.2,3114,8.6,320234,45.0,"Crime ,Drama ,Thriller",1.0,10.0,2008.0
213,Sons of Anarchy,1,2,TV Series,7.8,3556,8.6,320234,45.0,"Crime ,Drama ,Thriller",10.0,9.0,2008.0
213,Sons of Anarchy,1,7,TV Series,8.0,2948,8.6,320234,45.0,"Crime ,Drama ,Thriller",15.0,10.0,2008.0
213,Sons of Anarchy,1,6,TV Series,8.0,2986,8.6,320234,45.0,"Crime ,Drama ,Thriller",8.0,10.0,2008.0
213,Sons of Anarchy,3,11,TV Series,8.7,2461,8.6,320234,45.0,"Crime ,Drama ,Thriller",16.0,11.0,2010.0
213,Sons of Anarchy,3,10,TV Series,8.6,2415,8.6,320234,45.0,"Crime ,Drama ,Thriller",9.0,11.0,2010.0
213,Sons of Anarchy,3,9,TV Series,8.1,2321,8.6,320234,45.0,"Crime ,Drama ,Thriller",2.0,11.0,2010.0
213,Sons of Anarchy,3,8,TV Series,7.9,2401,8.6,320234,45.0,"Crime ,Drama ,Thriller",26.0,10.0,2010.0
213,Sons of Anarchy,3,7,TV Series,8.0,2309,8.6,320234,45.0,"Crime ,Drama ,Thriller",19.0,10.0,2010.0
213,Sons of Anarchy,3,6,TV Series,7.9,2347,8.6,320234,45.0,"Crime ,Drama ,Thriller",12.0,10.0,2010.0
213,Sons of Anarchy,3,5,TV Series,8.1,2335,8.6,320234,45.0,"Crime ,Drama ,Thriller",5.0,10.0,2010.0
213,Sons of Anarchy,3,4,TV Series,8.1,2397,8.6,320234,45.0,"Crime ,Drama ,Thriller",28.0,9.0,2010.0
213,Sons of Anarchy,3,3,TV Series,7.9,2489,8.6,320234,45.0,"Crime ,Drama ,Thriller",21.0,9.0,2010.0
213,Sons of Anarchy,3,2,TV Series,7.9,2430,8.6,320234,45.0,"Crime ,Drama ,Thriller",14.0,9.0,2010.0
213,Sons of Anarchy,3,1,TV Series,9.0,3180,8.6,320234,45.0,"Crime ,Drama ,Thriller",7.0,9.0,2010.0
213,Sons of Anarchy,2,13,TV Series,9.3,3712,8.6,320234,45.0,"Crime ,Drama ,Thriller",1.0,12.0,2009.0
213,Sons of Anarchy,2,12,TV Series,9.0,2956,8.6,320234,45.0,"Crime ,Drama ,Thriller",24.0,11.0,2009.0
213,Sons of Anarchy,2,11,TV Series,8.7,2667,8.6,320234,45.0,"Crime ,Drama ,Thriller",17.0,11.0,2009.0
213,Sons of Anarchy,2,10,TV Series,9.1,3107,8.6,320234,45.0,"Crime ,Drama ,Thriller",10.0,11.0,2009.0
213,Sons of Anarchy,2,9,TV Series,8.1,2501,8.6,320234,45.0,"Crime ,Drama ,Thriller",3.0,11.0,2009.0
213,Sons of Anarchy,4,14,TV Series,9.1,3061,8.6,320234,45.0,"Crime ,Drama ,Thriller",6.0,12.0,2011.0
213,Sons of Anarchy,4,13,TV Series,9.0,2695,8.6,320234,45.0,"Crime ,Drama ,Thriller",29.0,11.0,2011.0
213,Sons of Anarchy,4,12,TV Series,9.1,2860,8.6,320234,45.0,"Crime ,Drama ,Thriller",22.0,11.0,2011.0
213,Sons of Anarchy,4,11,TV Series,9.0,2753,8.6,320234,45.0,"Crime ,Drama ,Thriller",15.0,11.0,2011.0
213,Sons of Anarchy,4,10,TV Series,9.2,3050,8.6,320234,45.0,"Crime ,Drama ,Thriller",8.0,11.0,2011.0
213,Sons of Anarchy,4,9,TV Series,8.5,2281,8.6,320234,45.0,"Crime ,Drama ,Thriller",1.0,11.0,2011.0
213,Sons of Anarchy,4,8,TV Series,9.0,2682,8.6,320234,45.0,"Crime ,Drama ,Thriller",25.0,10.0,2011.0
213,Sons of Anarchy,4,7,TV Series,8.6,2471,8.6,320234,45.0,"Crime ,Drama ,Thriller",18.0,10.0,2011.0
213,Sons of Anarchy,4,6,TV Series,8.8,2762,8.6,320234,45.0,"Crime ,Drama ,Thriller",11.0,10.0,2011.0
213,Sons of Anarchy,4,5,TV Series,8.1,2194,8.6,320234,45.0,"Crime ,Drama ,Thriller",4.0,10.0,2011.0
213,Sons of Anarchy,4,4,TV Series,7.9,2504,8.6,320234,45.0,"Crime ,Drama ,Thriller",27.0,9.0,2011.0
213,Sons of Anarchy,4,3,TV Series,8.2,2219,8.6,320234,45.0,"Crime ,Drama ,Thriller",20.0,9.0,2011.0
213,Sons of Anarchy,4,2,TV Series,8.2,2286,8.6,320234,45.0,"Crime ,Drama ,Thriller",13.0,9.0,2011.0
213,Sons of Anarchy,4,1,TV Series,8.8,3220,8.6,320234,45.0,"Crime ,Drama ,Thriller",6.0,9.0,2011.0
213,Sons of Anarchy,3,13,TV Series,9.7,6752,8.6,320234,45.0,"Crime ,Drama ,Thriller",30.0,11.0,2010.0
213,Sons of Anarchy,3,12,TV Series,8.5,2401,8.6,320234,45.0,"Crime ,Drama ,Thriller",23.0,11.0,2010.0
213,Sons of Anarchy,6,3,TV Series,8.0,2558,8.6,320234,45.0,"Crime ,Drama ,Thriller",24.0,9.0,2013.0
213,Sons of Anarchy,6,2,TV Series,7.7,2402,8.6,320234,45.0,"Crime ,Drama ,Thriller",17.0,9.0,2013.0
213,Sons of Anarchy,6,1,TV Series,8.2,3104,8.6,320234,45.0,"Crime ,Drama ,Thriller",10.0,9.0,2013.0
213,Sons of Anarchy,5,13,TV Series,9.3,3137,8.6,320234,45.0,"Crime ,Drama ,Thriller",4.0,12.0,2012.0
213,Sons of Anarchy,5,12,TV Series,8.9,2727,8.6,320234,45.0,"Crime ,Drama ,Thriller",27.0,11.0,2012.0
213,Sons of Anarchy,5,11,TV Series,8.7,2528,8.6,320234,45.0,"Crime ,Drama ,Thriller",20.0,11.0,2012.0
213,Sons of Anarchy,5,10,TV Series,8.4,2176,8.6,320234,45.0,"Crime ,Drama ,Thriller",13.0,11.0,2012.0
213,Sons of Anarchy,5,9,TV Series,8.0,2165,8.6,320234,45.0,"Crime ,Drama ,Thriller",6.0,11.0,2012.0
213,Sons of Anarchy,5,8,TV Series,8.5,2149,8.6,320234,45.0,"Crime ,Drama ,Thriller",30.0,10.0,2012.0
213,Sons of Anarchy,5,7,TV Series,8.4,2185,8.6,320234,45.0,"Crime ,Drama ,Thriller",23.0,10.0,2012.0
213,Sons of Anarchy,5,6,TV Series,8.3,2180,8.6,320234,45.0,"Crime ,Drama ,Thriller",16.0,10.0,2012.0
213,Sons of Anarchy,5,5,TV Series,8.2,2332,8.6,320234,45.0,"Crime ,Drama ,Thriller",9.0,10.0,2012.0
213,Sons of Anarchy,5,4,TV Series,8.4,2392,8.6,320234,45.0,"Crime ,Drama ,Thriller",2.0,10.0,2012.0
213,Sons of Anarchy,1,1,TV Series,8.0,4777,8.6,320234,45.0,"Crime ,Drama ,Thriller",3.0,9.0,2008.0
213,Sons of Anarchy,1,4,TV Series,7.9,3317,8.6,320234,45.0,"Crime ,Drama ,Thriller",24.0,9.0,2008.0
213,Sons of Anarchy,1,3,TV Series,8.0,3337,8.6,320234,45.0,"Crime ,Drama ,Thriller",17.0,9.0,2008.0
213,Sons of Anarchy,2,8,TV Series,8.5,2585,8.6,320234,45.0,"Crime ,Drama ,Thriller",27.0,10.0,2009.0
213,Sons of Anarchy,2,7,TV Series,8.8,2722,8.6,320234,45.0,"Crime ,Drama ,Thriller",20.0,10.0,2009.0
213,Sons of Anarchy,2,6,TV Series,8.6,2594,8.6,320234,45.0,"Crime ,Drama ,Thriller",13.0,10.0,2009.0
213,Sons of Anarchy,2,5,TV Series,8.5,2566,8.6,320234,45.0,"Crime ,Drama ,Thriller",6.0,10.0,2009.0
213,Sons of Anarchy,2,4,TV Series,8.1,2544,8.6,320234,45.0,"Crime ,Drama ,Thriller",29.0,9.0,2009.0
213,Sons of Anarchy,2,3,TV Series,8.0,2568,8.6,320234,45.0,"Crime ,Drama ,Thriller",22.0,9.0,2009.0
213,Sons of Anarchy,2,2,TV Series,8.1,2613,8.6,320234,45.0,"Crime ,Drama ,Thriller",15.0,9.0,2009.0
213,Sons of Anarchy,2,1,TV Series,8.6,2909,8.6,320234,45.0,"Crime ,Drama ,Thriller",8.0,9.0,2009.0
213,Sons of Anarchy,1,13,TV Series,9.1,3589,8.6,320234,45.0,"Crime ,Drama ,Thriller",26.0,11.0,2008.0
213,Sons of Anarchy,1,12,TV Series,9.1,3785,8.6,320234,45.0,"Crime ,Drama ,Thriller",19.0,11.0,2008.0
213,Sons of Anarchy,1,11,TV Series,8.3,2818,8.6,320234,45.0,"Crime ,Drama ,Thriller",12.0,11.0,2008.0
213,Sons of Anarchy,1,10,TV Series,8.2,2827,8.6,320234,45.0,"Crime ,Drama ,Thriller",5.0,11.0,2008.0
213,Sons of Anarchy,1,9,TV Series,8.1,2831,8.6,320234,45.0,"Crime ,Drama ,Thriller",29.0,10.0,2008.0
213,Sons of Anarchy,1,8,TV Series,8.7,3262,8.6,320234,45.0,"Crime ,Drama ,Thriller",22.0,10.0,2008.0
213,Sons of Anarchy,6,6,TV Series,8.5,2279,8.6,320234,45.0,"Crime ,Drama ,Thriller",15.0,10.0,2013.0
213,Sons of Anarchy,6,7,TV Series,8.1,2298,8.6,320234,45.0,"Crime ,Drama ,Thriller",22.0,10.0,2013.0
213,Sons of Anarchy,6,8,TV Series,7.8,2035,8.6,320234,45.0,"Crime ,Drama ,Thriller",29.0,10.0,2013.0
213,Sons of Anarchy,6,9,TV Series,8.7,2537,8.6,320234,45.0,"Crime ,Drama ,Thriller",5.0,11.0,2013.0
213,Sons of Anarchy,6,10,TV Series,8.2,2113,8.6,320234,45.0,"Crime ,Drama ,Thriller",12.0,11.0,2013.0
213,Sons of Anarchy,6,11,TV Series,9.3,3227,8.6,320234,45.0,"Crime ,Drama ,Thriller",19.0,11.0,2013.0
213,Sons of Anarchy,6,12,TV Series,8.8,2640,8.6,320234,45.0,"Crime ,Drama ,Thriller",3.0,12.0,2013.0
213,Sons of Anarchy,6,13,TV Series,9.5,4916,8.6,320234,45.0,"Crime ,Drama ,Thriller",10.0,12.0,2013.0
213,Sons of Anarchy,7,1,TV Series,8.1,3240,8.6,320234,45.0,"Crime ,Drama ,Thriller",9.0,9.0,2014.0
213,Sons of Anarchy,7,2,TV Series,8.0,2372,8.6,320234,45.0,"Crime ,Drama ,Thriller",16.0,9.0,2014.0
213,Sons of Anarchy,7,3,TV Series,7.8,2300,8.6,320234,45.0,"Crime ,Drama ,Thriller",23.0,9.0,2014.0
213,Sons of Anarchy,7,4,TV Series,8.7,2869,8.6,320234,45.0,"Crime ,Drama ,Thriller",30.0,9.0,2014.0
213,Sons of Anarchy,7,5,TV Series,8.6,2305,8.6,320234,45.0,"Crime ,Drama ,Thriller",7.0,10.0,2014.0
213,Sons of Anarchy,7,6,TV Series,8.0,2232,8.6,320234,45.0,"Crime ,Drama ,Thriller",14.0,10.0,2014.0
213,Sons of Anarchy,5,1,TV Series,8.9,3682,8.6,320234,45.0,"Crime ,Drama ,Thriller",11.0,9.0,2012.0
213,Sons of Anarchy,5,2,TV Series,8.4,3002,8.6,320234,45.0,"Crime ,Drama ,Thriller",18.0,9.0,2012.0
213,Sons of Anarchy,5,3,TV Series,9.4,4548,8.6,320234,45.0,"Crime ,Drama ,Thriller",25.0,9.0,2012.0
213,Sons of Anarchy,6,5,TV Series,8.8,2500,8.6,320234,45.0,"Crime ,Drama ,Thriller",8.0,10.0,2013.0
213,Sons of Anarchy,7,10,TV Series,9.1,3326,8.6,320234,45.0,"Crime ,Drama ,Thriller",11.0,11.0,2014.0
213,Sons of Anarchy,6,4,TV Series,9.1,3275,8.6,320234,45.0,"Crime ,Drama ,Thriller",1.0,10.0,2013.0
213,Sons of Anarchy,7,12,TV Series,9.4,4163,8.6,320234,45.0,"Crime ,Drama ,Thriller",2.0,12.0,2014.0
213,Sons of Anarchy,7,11,TV Series,9.4,4242,8.6,320234,45.0,"Crime ,Drama ,Thriller",18.0,11.0,2014.0
213,Sons of Anarchy,7,13,TV Series,9.6,8737,8.6,320234,45.0,"Crime ,Drama ,Thriller",9.0,12.0,2014.0
213,Sons of Anarchy,7,9,TV Series,8.5,3053,8.6,320234,45.0,"Crime ,Drama ,Thriller",4.0,11.0,2014.0
213,Sons of Anarchy,7,7,TV Series,8.4,2328,8.6,320234,45.0,"Crime ,Drama ,Thriller",21.0,10.0,2014.0
213,Sons of Anarchy,7,8,TV Series,7.9,2940,8.6,320234,45.0,"Crime ,Drama ,Thriller",28.0,10.0,2014.0
214,Neon Genesis Evangelion,1,4,TV Series,7.6,2186,8.5,83348,24.0,"Animation ,Action ,Drama",25.0,10.0,1995.0
214,Neon Genesis Evangelion,1,5,TV Series,7.7,2085,8.5,83348,24.0,"Animation ,Action ,Drama",1.0,11.0,1995.0
214,Neon Genesis Evangelion,1,8,TV Series,7.8,2031,8.5,83348,24.0,"Animation ,Action ,Drama",22.0,11.0,1995.0
214,Neon Genesis Evangelion,1,1,TV Series,7.7,2559,8.5,83348,24.0,"Animation ,Action ,Drama",20.0,8.0,1997.0
214,Neon Genesis Evangelion,1,6,TV Series,8.3,2161,8.5,83348,24.0,"Animation ,Action ,Drama",8.0,11.0,1995.0
214,Neon Genesis Evangelion,1,7,TV Series,7.5,2012,8.5,83348,24.0,"Animation ,Action ,Drama",15.0,11.0,1995.0
214,Neon Genesis Evangelion,1,12,TV Series,7.9,1887,8.5,83348,24.0,"Animation ,Action ,Drama",20.0,12.0,1995.0
214,Neon Genesis Evangelion,1,13,TV Series,7.6,1897,8.5,83348,24.0,"Animation ,Action ,Drama",27.0,12.0,1995.0
214,Neon Genesis Evangelion,1,14,TV Series,7.0,1884,8.5,83348,24.0,"Animation ,Action ,Drama",3.0,1.0,1996.0
214,Neon Genesis Evangelion,1,15,TV Series,8.1,1911,8.5,83348,24.0,"Animation ,Action ,Drama",10.0,1.0,1996.0
214,Neon Genesis Evangelion,1,16,TV Series,8.8,2242,8.5,83348,24.0,"Animation ,Action ,Drama",17.0,1.0,1996.0
214,Neon Genesis Evangelion,1,17,TV Series,7.6,1842,8.5,83348,24.0,"Animation ,Action ,Drama",24.0,1.0,1996.0
214,Neon Genesis Evangelion,1,18,TV Series,9.0,2376,8.5,83348,24.0,"Animation ,Action ,Drama",31.0,1.0,1996.0
214,Neon Genesis Evangelion,1,19,TV Series,9.2,2616,8.5,83348,24.0,"Animation ,Action ,Drama",7.0,2.0,1996.0
214,Neon Genesis Evangelion,1,20,TV Series,8.6,2047,8.5,83348,24.0,"Animation ,Action ,Drama",14.0,2.0,1996.0
214,Neon Genesis Evangelion,1,21,TV Series,8.6,2007,8.5,83348,24.0,"Animation ,Action ,Drama",21.0,2.0,1996.0
214,Neon Genesis Evangelion,1,22,TV Series,8.6,2053,8.5,83348,24.0,"Animation ,Action ,Drama",28.0,2.0,1996.0
214,Neon Genesis Evangelion,1,23,TV Series,8.6,1970,8.5,83348,24.0,"Animation ,Action ,Drama",6.0,3.0,1996.0
214,Neon Genesis Evangelion,1,24,TV Series,8.7,2177,8.5,83348,24.0,"Animation ,Action ,Drama",13.0,3.0,1996.0
214,Neon Genesis Evangelion,1,25,TV Series,7.8,2132,8.5,83348,24.0,"Animation ,Action ,Drama",20.0,3.0,1996.0
214,Neon Genesis Evangelion,1,3,TV Series,7.7,2214,8.5,83348,24.0,"Animation ,Action ,Drama",18.0,10.0,1995.0
214,Neon Genesis Evangelion,1,2,TV Series,8.0,2394,8.5,83348,24.0,"Animation ,Action ,Drama",11.0,10.0,1995.0
214,Neon Genesis Evangelion,1,9,TV Series,8.1,2082,8.5,83348,24.0,"Animation ,Action ,Drama",29.0,11.0,1995.0
214,Neon Genesis Evangelion,1,11,TV Series,7.9,1940,8.5,83348,24.0,"Animation ,Action ,Drama",13.0,12.0,1995.0
214,Neon Genesis Evangelion,1,10,TV Series,7.4,1933,8.5,83348,24.0,"Animation ,Action ,Drama",6.0,12.0,1995.0
214,Neon Genesis Evangelion,1,26,TV Series,8.1,2316,8.5,83348,24.0,"Animation ,Action ,Drama",12.0,3.0,2006.0
215,Shameless,11,6,TV Series,7.8,1026,8.5,279004,46.0,"Comedy ,Drama",14.0,2.0,2021.0
215,Shameless,11,9,TV Series,7.3,881,8.5,279004,46.0,"Comedy ,Drama",21.0,3.0,2021.0
215,Shameless,2,10,TV Series,8.4,2123,8.5,279004,46.0,"Comedy ,Drama",18.0,3.0,2012.0
215,Shameless,11,11,TV Series,8.5,1237,8.5,279004,46.0,"Comedy ,Drama",4.0,4.0,2021.0
215,Shameless,11,10,TV Series,7.4,918,8.5,279004,46.0,"Comedy ,Drama",28.0,3.0,2021.0
215,Shameless,11,7,TV Series,7.9,1017,8.5,279004,46.0,"Comedy ,Drama",7.0,3.0,2021.0
215,Shameless,11,8,TV Series,7.9,945,8.5,279004,46.0,"Comedy ,Drama",14.0,3.0,2021.0
215,Shameless,3,7,TV Series,8.6,2064,8.5,279004,46.0,"Comedy ,Drama",3.0,3.0,2013.0
215,Shameless,3,6,TV Series,8.8,2239,8.5,279004,46.0,"Comedy ,Drama",24.0,2.0,2013.0
215,Shameless,3,5,TV Series,8.6,2159,8.5,279004,46.0,"Comedy ,Drama",17.0,2.0,2013.0
215,Shameless,3,4,TV Series,8.4,2092,8.5,279004,46.0,"Comedy ,Drama",10.0,2.0,2013.0
215,Shameless,3,3,TV Series,8.6,2283,8.5,279004,46.0,"Comedy ,Drama",27.0,1.0,2013.0
215,Shameless,3,2,TV Series,8.4,2112,8.5,279004,46.0,"Comedy ,Drama",20.0,1.0,2013.0
215,Shameless,3,1,TV Series,8.4,2237,8.5,279004,46.0,"Comedy ,Drama",13.0,1.0,2013.0
215,Shameless,2,12,TV Series,8.6,2267,8.5,279004,46.0,"Comedy ,Drama",1.0,4.0,2012.0
215,Shameless,2,11,TV Series,9.1,2839,8.5,279004,46.0,"Comedy ,Drama",25.0,3.0,2012.0
215,Shameless,1,4,TV Series,8.3,2813,8.5,279004,46.0,"Comedy ,Drama",30.0,1.0,2011.0
215,Shameless,1,1,TV Series,8.4,3896,8.5,279004,46.0,"Comedy ,Drama",9.0,1.0,2011.0
215,Shameless,1,2,TV Series,8.0,3074,8.5,279004,46.0,"Comedy ,Drama",16.0,1.0,2011.0
215,Shameless,1,3,TV Series,8.4,2959,8.5,279004,46.0,"Comedy ,Drama",23.0,1.0,2011.0
215,Shameless,4,2,TV Series,8.4,2013,8.5,279004,46.0,"Comedy ,Drama",19.0,1.0,2014.0
215,Shameless,1,5,TV Series,7.9,2666,8.5,279004,46.0,"Comedy ,Drama",6.0,2.0,2011.0
215,Shameless,4,3,TV Series,8.2,2008,8.5,279004,46.0,"Comedy ,Drama",26.0,1.0,2014.0
215,Shameless,2,4,TV Series,8.4,2229,8.5,279004,46.0,"Comedy ,Drama",29.0,1.0,2012.0
215,Shameless,4,11,TV Series,9.3,3006,8.5,279004,46.0,"Comedy ,Drama",30.0,3.0,2014.0
215,Shameless,4,10,TV Series,8.7,2055,8.5,279004,46.0,"Comedy ,Drama",23.0,3.0,2014.0
215,Shameless,4,9,TV Series,8.9,2228,8.5,279004,46.0,"Comedy ,Drama",16.0,3.0,2014.0
215,Shameless,4,8,TV Series,8.6,2098,8.5,279004,46.0,"Comedy ,Drama",9.0,3.0,2014.0
215,Shameless,4,7,TV Series,8.8,2170,8.5,279004,46.0,"Comedy ,Drama",23.0,2.0,2014.0
215,Shameless,4,6,TV Series,8.8,2117,8.5,279004,46.0,"Comedy ,Drama",16.0,2.0,2014.0
215,Shameless,4,5,TV Series,9.0,2354,8.5,279004,46.0,"Comedy ,Drama",9.0,2.0,2014.0
215,Shameless,4,4,TV Series,8.4,1997,8.5,279004,46.0,"Comedy ,Drama",2.0,2.0,2014.0
215,Shameless,5,8,TV Series,8.8,2126,8.5,279004,46.0,"Comedy ,Drama",8.0,3.0,2015.0
215,Shameless,5,9,TV Series,9.0,2236,8.5,279004,46.0,"Comedy ,Drama",15.0,3.0,2015.0
215,Shameless,5,10,TV Series,8.8,2065,8.5,279004,46.0,"Comedy ,Drama",22.0,3.0,2015.0
215,Shameless,5,11,TV Series,8.9,2120,8.5,279004,46.0,"Comedy ,Drama",29.0,3.0,2015.0
215,Shameless,5,12,TV Series,8.2,2549,8.5,279004,46.0,"Comedy ,Drama",5.0,4.0,2015.0
215,Shameless,6,1,TV Series,8.3,2038,8.5,279004,46.0,"Comedy ,Drama",10.0,1.0,2016.0
215,Shameless,6,2,TV Series,7.9,1871,8.5,279004,46.0,"Comedy ,Drama",17.0,1.0,2016.0
215,Shameless,6,3,TV Series,8.4,1901,8.5,279004,46.0,"Comedy ,Drama",24.0,1.0,2016.0
215,Shameless,3,8,TV Series,8.3,1981,8.5,279004,46.0,"Comedy ,Drama",10.0,3.0,2013.0
215,Shameless,2,5,TV Series,8.2,2159,8.5,279004,46.0,"Comedy ,Drama",5.0,2.0,2012.0
215,Shameless,2,6,TV Series,8.4,2152,8.5,279004,46.0,"Comedy ,Drama",12.0,2.0,2012.0
215,Shameless,2,7,TV Series,7.9,2111,8.5,279004,46.0,"Comedy ,Drama",19.0,2.0,2012.0
215,Shameless,2,8,TV Series,8.5,2157,8.5,279004,46.0,"Comedy ,Drama",4.0,3.0,2012.0
215,Shameless,2,9,TV Series,8.1,2119,8.5,279004,46.0,"Comedy ,Drama",11.0,3.0,2012.0
215,Shameless,5,6,TV Series,9.1,2854,8.5,279004,46.0,"Comedy ,Drama",15.0,2.0,2015.0
215,Shameless,5,7,TV Series,8.5,2015,8.5,279004,46.0,"Comedy ,Drama",1.0,3.0,2015.0
215,Shameless,3,12,TV Series,9.1,2513,8.5,279004,46.0,"Comedy ,Drama",7.0,4.0,2013.0
215,Shameless,3,9,TV Series,8.8,2159,8.5,279004,46.0,"Comedy ,Drama",17.0,3.0,2013.0
215,Shameless,3,10,TV Series,8.2,1947,8.5,279004,46.0,"Comedy ,Drama",24.0,3.0,2013.0
215,Shameless,3,11,TV Series,8.6,2057,8.5,279004,46.0,"Comedy ,Drama",31.0,3.0,2013.0
215,Shameless,6,10,TV Series,8.3,1636,8.5,279004,46.0,"Comedy ,Drama",20.0,3.0,2016.0
215,Shameless,4,1,TV Series,8.1,2171,8.5,279004,46.0,"Comedy ,Drama",12.0,1.0,2014.0
215,Shameless,6,11,TV Series,8.8,1831,8.5,279004,46.0,"Comedy ,Drama",27.0,3.0,2016.0
215,Shameless,4,12,TV Series,9.4,4285,8.5,279004,46.0,"Comedy ,Drama",6.0,4.0,2014.0
215,Shameless,7,7,TV Series,8.1,1622,8.5,279004,46.0,"Comedy ,Drama",13.0,11.0,2016.0
215,Shameless,7,6,TV Series,8.4,1606,8.5,279004,46.0,"Comedy ,Drama",6.0,11.0,2016.0
215,Shameless,7,5,TV Series,7.9,1614,8.5,279004,46.0,"Comedy ,Drama",30.0,10.0,2016.0
215,Shameless,7,4,TV Series,8.4,1771,8.5,279004,46.0,"Comedy ,Drama",23.0,10.0,2016.0
215,Shameless,7,3,TV Series,8.3,1675,8.5,279004,46.0,"Comedy ,Drama",16.0,10.0,2016.0
215,Shameless,7,2,TV Series,8.1,1704,8.5,279004,46.0,"Comedy ,Drama",9.0,10.0,2016.0
215,Shameless,7,1,TV Series,8.4,1840,8.5,279004,46.0,"Comedy ,Drama",2.0,10.0,2016.0
215,Shameless,6,12,TV Series,8.9,2033,8.5,279004,46.0,"Comedy ,Drama",3.0,4.0,2016.0
215,Shameless,9,8,TV Series,7.6,1147,8.5,279004,46.0,"Comedy ,Drama",20.0,1.0,2019.0
215,Shameless,9,9,TV Series,7.8,1140,8.5,279004,46.0,"Comedy ,Drama",27.0,1.0,2019.0
215,Shameless,9,10,TV Series,7.8,1101,8.5,279004,46.0,"Comedy ,Drama",10.0,2.0,2019.0
215,Shameless,9,11,TV Series,8.2,1193,8.5,279004,46.0,"Comedy ,Drama",17.0,2.0,2019.0
215,Shameless,9,12,TV Series,8.3,1178,8.5,279004,46.0,"Comedy ,Drama",24.0,2.0,2019.0
215,Shameless,9,13,TV Series,8.3,1116,8.5,279004,46.0,"Comedy ,Drama",3.0,3.0,2019.0
215,Shameless,9,14,TV Series,9.0,1863,8.5,279004,46.0,"Comedy ,Drama",10.0,3.0,2019.0
215,Shameless,10,1,TV Series,7.5,1254,8.5,279004,46.0,"Comedy ,Drama",10.0,11.0,2019.0
215,Shameless,7,8,TV Series,9.0,2006,8.5,279004,46.0,"Comedy ,Drama",20.0,11.0,2016.0
215,Shameless,5,1,TV Series,8.2,2180,8.5,279004,46.0,"Comedy ,Drama",11.0,1.0,2015.0
215,Shameless,5,2,TV Series,8.3,1985,8.5,279004,46.0,"Comedy ,Drama",18.0,1.0,2015.0
215,Shameless,5,3,TV Series,8.6,2076,8.5,279004,46.0,"Comedy ,Drama",25.0,1.0,2015.0
215,Shameless,5,4,TV Series,8.7,2143,8.5,279004,46.0,"Comedy ,Drama",1.0,2.0,2015.0
215,Shameless,5,5,TV Series,8.8,2113,8.5,279004,46.0,"Comedy ,Drama",8.0,2.0,2015.0
215,Shameless,8,2,TV Series,8.1,1364,8.5,279004,46.0,"Comedy ,Drama",12.0,11.0,2017.0
215,Shameless,8,3,TV Series,8.9,1658,8.5,279004,46.0,"Comedy ,Drama",19.0,11.0,2017.0
215,Shameless,8,4,TV Series,8.4,1340,8.5,279004,46.0,"Comedy ,Drama",26.0,11.0,2017.0
215,Shameless,8,5,TV Series,8.1,1264,8.5,279004,46.0,"Comedy ,Drama",3.0,12.0,2017.0
215,Shameless,8,6,TV Series,8.1,1269,8.5,279004,46.0,"Comedy ,Drama",10.0,12.0,2017.0
215,Shameless,8,7,TV Series,8.0,1255,8.5,279004,46.0,"Comedy ,Drama",17.0,12.0,2017.0
215,Shameless,8,8,TV Series,8.0,1272,8.5,279004,46.0,"Comedy ,Drama",31.0,12.0,2017.0
215,Shameless,8,9,TV Series,7.8,1219,8.5,279004,46.0,"Comedy ,Drama",7.0,1.0,2018.0
215,Shameless,8,10,TV Series,7.7,1252,8.5,279004,46.0,"Comedy ,Drama",14.0,1.0,2018.0
215,Shameless,8,11,TV Series,8.5,1335,8.5,279004,46.0,"Comedy ,Drama",21.0,1.0,2018.0
215,Shameless,6,4,TV Series,8.5,1801,8.5,279004,46.0,"Comedy ,Drama",31.0,1.0,2016.0
215,Shameless,6,5,TV Series,8.3,1831,8.5,279004,46.0,"Comedy ,Drama",7.0,2.0,2016.0
215,Shameless,6,6,TV Series,8.5,2016,8.5,279004,46.0,"Comedy ,Drama",14.0,2.0,2016.0
215,Shameless,6,7,TV Series,7.9,1741,8.5,279004,46.0,"Comedy ,Drama",21.0,2.0,2016.0
215,Shameless,6,8,TV Series,8.3,1711,8.5,279004,46.0,"Comedy ,Drama",6.0,3.0,2016.0
215,Shameless,6,9,TV Series,8.5,1768,8.5,279004,46.0,"Comedy ,Drama",13.0,3.0,2016.0
215,Shameless,9,6,TV Series,8.9,1711,8.5,279004,46.0,"Comedy ,Drama",14.0,10.0,2018.0
215,Shameless,9,7,TV Series,8.3,1230,8.5,279004,46.0,"Comedy ,Drama",21.0,10.0,2018.0
215,Shameless,10,10,TV Series,7.5,974,8.5,279004,46.0,"Comedy ,Drama",12.0,1.0,2020.0
215,Shameless,10,11,TV Series,7.6,955,8.5,279004,46.0,"Comedy ,Drama",19.0,1.0,2020.0
215,Shameless,10,12,TV Series,8.9,1765,8.5,279004,46.0,"Comedy ,Drama",26.0,1.0,2020.0
215,Shameless,11,1,TV Series,7.1,1327,8.5,279004,46.0,"Comedy ,Drama",6.0,12.0,2020.0
215,Shameless,11,2,TV Series,7.3,1066,8.5,279004,46.0,"Comedy ,Drama",13.0,12.0,2020.0
215,Shameless,11,3,TV Series,7.7,1110,8.5,279004,46.0,"Comedy ,Drama",20.0,12.0,2020.0
215,Shameless,11,4,TV Series,7.4,1002,8.5,279004,46.0,"Comedy ,Drama",10.0,1.0,2021.0
215,Shameless,11,5,TV Series,7.2,982,8.5,279004,46.0,"Comedy ,Drama",31.0,1.0,2021.0
215,Shameless,8,12,TV Series,8.2,1311,8.5,279004,46.0,"Comedy ,Drama",28.0,1.0,2018.0
215,Shameless,7,9,TV Series,8.4,1638,8.5,279004,46.0,"Comedy ,Drama",27.0,11.0,2016.0
215,Shameless,7,10,TV Series,8.7,1894,8.5,279004,46.0,"Comedy ,Drama",4.0,12.0,2016.0
215,Shameless,7,11,TV Series,9.2,2244,8.5,279004,46.0,"Comedy ,Drama",11.0,12.0,2016.0
215,Shameless,7,12,TV Series,9.2,2327,8.5,279004,46.0,"Comedy ,Drama",18.0,12.0,2016.0
215,Shameless,8,1,TV Series,8.3,1610,8.5,279004,46.0,"Comedy ,Drama",5.0,11.0,2017.0
215,Shameless,10,8,TV Series,7.4,992,8.5,279004,46.0,"Comedy ,Drama",29.0,12.0,2019.0
215,Shameless,10,9,TV Series,6.9,1056,8.5,279004,46.0,"Comedy ,Drama",5.0,1.0,2020.0
215,Shameless,9,4,TV Series,7.6,1287,8.5,279004,46.0,"Comedy ,Drama",30.0,9.0,2018.0
215,Shameless,9,1,TV Series,8.0,1453,8.5,279004,46.0,"Comedy ,Drama",9.0,9.0,2018.0
215,Shameless,9,2,TV Series,7.4,1278,8.5,279004,46.0,"Comedy ,Drama",16.0,9.0,2018.0
215,Shameless,9,3,TV Series,7.5,1199,8.5,279004,46.0,"Comedy ,Drama",23.0,9.0,2018.0
215,Shameless,11,12,TV Series,6.6,2476,8.5,279004,46.0,"Comedy ,Drama",11.0,4.0,2021.0
215,Shameless,9,5,TV Series,8.1,1217,8.5,279004,46.0,"Comedy ,Drama",7.0,10.0,2018.0
215,Shameless,2,2,TV Series,7.8,2312,8.5,279004,46.0,"Comedy ,Drama",15.0,1.0,2012.0
215,Shameless,2,3,TV Series,8.0,2289,8.5,279004,46.0,"Comedy ,Drama",22.0,1.0,2012.0
215,Shameless,10,2,TV Series,7.4,1107,8.5,279004,46.0,"Comedy ,Drama",17.0,11.0,2019.0
215,Shameless,10,3,TV Series,7.4,1086,8.5,279004,46.0,"Comedy ,Drama",24.0,11.0,2019.0
215,Shameless,10,4,TV Series,7.1,1082,8.5,279004,46.0,"Comedy ,Drama",1.0,12.0,2019.0
215,Shameless,10,5,TV Series,7.5,1044,8.5,279004,46.0,"Comedy ,Drama",8.0,12.0,2019.0
215,Shameless,10,6,TV Series,7.1,1011,8.5,279004,46.0,"Comedy ,Drama",15.0,12.0,2019.0
215,Shameless,10,7,TV Series,7.6,1002,8.5,279004,46.0,"Comedy ,Drama",22.0,12.0,2019.0
215,Shameless,1,6,TV Series,8.0,2596,8.5,279004,46.0,"Comedy ,Drama",13.0,2.0,2011.0
215,Shameless,1,7,TV Series,8.2,2564,8.5,279004,46.0,"Comedy ,Drama",20.0,2.0,2011.0
215,Shameless,1,11,TV Series,8.4,2447,8.5,279004,46.0,"Comedy ,Drama",20.0,3.0,2011.0
215,Shameless,1,10,TV Series,8.5,2473,8.5,279004,46.0,"Comedy ,Drama",13.0,3.0,2011.0
215,Shameless,2,1,TV Series,8.0,2478,8.5,279004,46.0,"Comedy ,Drama",8.0,1.0,2012.0
215,Shameless,1,12,TV Series,8.8,2675,8.5,279004,46.0,"Comedy ,Drama",27.0,3.0,2011.0
215,Shameless,1,9,TV Series,8.6,2623,8.5,279004,46.0,"Comedy ,Drama",6.0,3.0,2011.0
215,Shameless,1,8,TV Series,8.4,2526,8.5,279004,46.0,"Comedy ,Drama",27.0,2.0,2011.0
216,Twin Peaks,1,1,TV Series,8.6,6549,8.5,74830,1032.0,"Crime ,Drama ,Horror",21.0,5.0,2017.0
216,Twin Peaks,1,17,TV Series,9.3,4851,8.5,74830,1032.0,"Crime ,Drama ,Horror",3.0,9.0,2017.0
216,Twin Peaks,1,11,TV Series,8.9,4604,8.5,74830,1032.0,"Crime ,Drama ,Horror",23.0,7.0,2017.0
216,Twin Peaks,1,12,TV Series,7.6,4075,8.5,74830,1032.0,"Crime ,Drama ,Horror",30.0,7.0,2017.0
216,Twin Peaks,1,16,TV Series,9.5,5776,8.5,74830,1032.0,"Crime ,Drama ,Horror",27.0,8.0,2017.0
216,Twin Peaks,1,15,TV Series,8.7,4034,8.5,74830,1032.0,"Crime ,Drama ,Horror",20.0,8.0,2017.0
216,Twin Peaks,1,13,TV Series,8.3,3957,8.5,74830,1032.0,"Crime ,Drama ,Horror",6.0,8.0,2017.0
216,Twin Peaks,1,14,TV Series,8.9,4335,8.5,74830,1032.0,"Crime ,Drama ,Horror",13.0,8.0,2017.0
216,Twin Peaks,1,10,TV Series,8.1,4067,8.5,74830,1032.0,"Crime ,Drama ,Horror",16.0,7.0,2017.0
216,Twin Peaks,1,18,TV Series,8.7,4703,8.5,74830,1032.0,"Crime ,Drama ,Horror",3.0,9.0,2017.0
216,Twin Peaks,1,2,TV Series,8.6,6021,8.5,74830,1032.0,"Crime ,Drama ,Horror",21.0,5.0,2017.0
216,Twin Peaks,1,3,TV Series,8.4,5595,8.5,74830,1032.0,"Crime ,Drama ,Horror",21.0,5.0,2017.0
216,Twin Peaks,1,4,TV Series,8.5,5373,8.5,74830,1032.0,"Crime ,Drama ,Horror",21.0,5.0,2017.0
216,Twin Peaks,1,5,TV Series,8.0,4865,8.5,74830,1032.0,"Crime ,Drama ,Horror",4.0,6.0,2017.0
216,Twin Peaks,1,6,TV Series,8.1,4631,8.5,74830,1032.0,"Crime ,Drama ,Horror",11.0,6.0,2017.0
216,Twin Peaks,1,7,TV Series,8.6,4785,8.5,74830,1032.0,"Crime ,Drama ,Horror",18.0,6.0,2017.0
216,Twin Peaks,1,8,TV Series,8.8,7873,8.5,74830,1032.0,"Crime ,Drama ,Horror",25.0,6.0,2017.0
216,Twin Peaks,1,9,TV Series,8.3,4164,8.5,74830,1032.0,"Crime ,Drama ,Horror",9.0,7.0,2017.0
217,Trailer Park Boys,1,1,TV Series,7.4,1022,8.5,49857,30.0,"Comedy ,Crime",22.0,4.0,2001.0
217,Trailer Park Boys,1,2,TV Series,7.6,836,8.5,49857,30.0,"Comedy ,Crime",29.0,4.0,2001.0
217,Trailer Park Boys,1,3,TV Series,8.0,805,8.5,49857,30.0,"Comedy ,Crime",6.0,5.0,2001.0
217,Trailer Park Boys,5,6,TV Series,8.3,489,8.5,49857,30.0,"Comedy ,Crime",22.0,5.0,2005.0
217,Trailer Park Boys,5,5,TV Series,8.6,510,8.5,49857,30.0,"Comedy ,Crime",15.0,5.0,2005.0
217,Trailer Park Boys,5,4,TV Series,8.4,479,8.5,49857,30.0,"Comedy ,Crime",8.0,5.0,2005.0
217,Trailer Park Boys,5,3,TV Series,8.5,539,8.5,49857,30.0,"Comedy ,Crime",1.0,5.0,2005.0
217,Trailer Park Boys,5,2,TV Series,8.6,509,8.5,49857,30.0,"Comedy ,Crime",24.0,4.0,2005.0
217,Trailer Park Boys,5,1,TV Series,8.4,513,8.5,49857,30.0,"Comedy ,Crime",17.0,4.0,2005.0
217,Trailer Park Boys,4,9,TV Series,8.6,461,8.5,49857,30.0,"Comedy ,Crime",12.0,12.0,2004.0
217,Trailer Park Boys,4,8,TV Series,8.9,581,8.5,49857,30.0,"Comedy ,Crime",30.0,5.0,2004.0
217,Trailer Park Boys,4,7,TV Series,8.6,548,8.5,49857,30.0,"Comedy ,Crime",23.0,5.0,2004.0
217,Trailer Park Boys,4,6,TV Series,8.5,567,8.5,49857,30.0,"Comedy ,Crime",16.0,5.0,2004.0
217,Trailer Park Boys,4,5,TV Series,9.0,735,8.5,49857,30.0,"Comedy ,Crime",9.0,5.0,2004.0
217,Trailer Park Boys,4,2,TV Series,8.6,581,8.5,49857,30.0,"Comedy ,Crime",18.0,4.0,2004.0
217,Trailer Park Boys,4,1,TV Series,8.5,584,8.5,49857,30.0,"Comedy ,Crime",11.0,4.0,2004.0
217,Trailer Park Boys,3,8,TV Series,8.7,590,8.5,49857,30.0,"Comedy ,Crime",22.0,6.0,2003.0
217,Trailer Park Boys,3,7,TV Series,8.6,574,8.5,49857,30.0,"Comedy ,Crime",15.0,6.0,2003.0
217,Trailer Park Boys,3,6,TV Series,8.7,603,8.5,49857,30.0,"Comedy ,Crime",8.0,6.0,2003.0
217,Trailer Park Boys,3,5,TV Series,9.1,884,8.5,49857,30.0,"Comedy ,Crime",1.0,6.0,2003.0
217,Trailer Park Boys,3,4,TV Series,8.7,670,8.5,49857,30.0,"Comedy ,Crime",25.0,5.0,2003.0
217,Trailer Park Boys,3,3,TV Series,8.9,702,8.5,49857,30.0,"Comedy ,Crime",35.0,15.0,2003.0
217,Trailer Park Boys,3,2,TV Series,8.5,605,8.5,49857,30.0,"Comedy ,Crime",11.0,5.0,2003.0
217,Trailer Park Boys,3,1,TV Series,8.4,603,8.5,49857,30.0,"Comedy ,Crime",4.0,5.0,2003.0
217,Trailer Park Boys,2,7,TV Series,8.8,713,8.5,49857,30.0,"Comedy ,Crime",4.0,8.0,2002.0
217,Trailer Park Boys,2,6,TV Series,8.5,654,8.5,49857,30.0,"Comedy ,Crime",28.0,7.0,2002.0
217,Trailer Park Boys,2,5,TV Series,8.8,731,8.5,49857,30.0,"Comedy ,Crime",21.0,7.0,2002.0
217,Trailer Park Boys,2,4,TV Series,8.4,686,8.5,49857,30.0,"Comedy ,Crime",14.0,7.0,2002.0
217,Trailer Park Boys,2,1,TV Series,8.2,675,8.5,49857,30.0,"Comedy ,Crime",23.0,6.0,2002.0
217,Trailer Park Boys,1,6,TV Series,8.5,746,8.5,49857,30.0,"Comedy ,Crime",27.0,5.0,2001.0
217,Trailer Park Boys,1,5,TV Series,7.9,698,8.5,49857,30.0,"Comedy ,Crime",20.0,5.0,2001.0
217,Trailer Park Boys,1,4,TV Series,8.0,749,8.5,49857,30.0,"Comedy ,Crime",13.0,5.0,2001.0
217,Trailer Park Boys,5,8,TV Series,8.2,475,8.5,49857,30.0,"Comedy ,Crime",5.0,6.0,2005.0
217,Trailer Park Boys,5,7,TV Series,8.5,508,8.5,49857,30.0,"Comedy ,Crime",29.0,5.0,2005.0
217,Trailer Park Boys,5,9,TV Series,8.9,572,8.5,49857,30.0,"Comedy ,Crime",12.0,6.0,2005.0
217,Trailer Park Boys,9,2,TV Series,7.5,298,8.5,49857,30.0,"Comedy ,Crime",27.0,3.0,2015.0
217,Trailer Park Boys,9,1,TV Series,7.5,311,8.5,49857,30.0,"Comedy ,Crime",27.0,3.0,2015.0
217,Trailer Park Boys,8,10,TV Series,8.4,342,8.5,49857,30.0,"Comedy ,Crime",5.0,9.0,2014.0
217,Trailer Park Boys,8,9,TV Series,7.7,303,8.5,49857,30.0,"Comedy ,Crime",5.0,9.0,2014.0
217,Trailer Park Boys,8,8,TV Series,7.8,315,8.5,49857,30.0,"Comedy ,Crime",5.0,9.0,2014.0
217,Trailer Park Boys,8,7,TV Series,7.8,345,8.5,49857,30.0,"Comedy ,Crime",5.0,9.0,2014.0
217,Trailer Park Boys,8,6,TV Series,8.1,356,8.5,49857,30.0,"Comedy ,Crime",5.0,9.0,2014.0
217,Trailer Park Boys,8,5,TV Series,8.3,344,8.5,49857,30.0,"Comedy ,Crime",5.0,9.0,2014.0
217,Trailer Park Boys,8,4,TV Series,8.0,342,8.5,49857,30.0,"Comedy ,Crime",5.0,9.0,2014.0
217,Trailer Park Boys,8,3,TV Series,8.1,347,8.5,49857,30.0,"Comedy ,Crime",5.0,9.0,2014.0
217,Trailer Park Boys,8,2,TV Series,7.8,356,8.5,49857,30.0,"Comedy ,Crime",5.0,9.0,2014.0
217,Trailer Park Boys,4,4,TV Series,8.8,605,8.5,49857,30.0,"Comedy ,Crime",2.0,5.0,2004.0
217,Trailer Park Boys,4,3,TV Series,8.6,570,8.5,49857,30.0,"Comedy ,Crime",25.0,4.0,2004.0
217,Trailer Park Boys,7,9,TV Series,8.3,420,8.5,49857,30.0,"Comedy ,Crime",3.0,6.0,2007.0
217,Trailer Park Boys,7,8,TV Series,8.3,430,8.5,49857,30.0,"Comedy ,Crime",27.0,5.0,2007.0
217,Trailer Park Boys,7,7,TV Series,7.9,429,8.5,49857,30.0,"Comedy ,Crime",20.0,5.0,2007.0
217,Trailer Park Boys,7,6,TV Series,8.2,418,8.5,49857,30.0,"Comedy ,Crime",13.0,5.0,2007.0
217,Trailer Park Boys,7,5,TV Series,8.2,422,8.5,49857,30.0,"Comedy ,Crime",6.0,5.0,2007.0
217,Trailer Park Boys,7,4,TV Series,8.4,434,8.5,49857,30.0,"Comedy ,Crime",29.0,4.0,2007.0
217,Trailer Park Boys,7,3,TV Series,8.9,530,8.5,49857,30.0,"Comedy ,Crime",22.0,4.0,2007.0
217,Trailer Park Boys,7,2,TV Series,7.9,419,8.5,49857,30.0,"Comedy ,Crime",15.0,4.0,2007.0
217,Trailer Park Boys,7,1,TV Series,8.0,454,8.5,49857,30.0,"Comedy ,Crime",8.0,4.0,2007.0
217,Trailer Park Boys,6,6,TV Series,8.9,529,8.5,49857,30.0,"Comedy ,Crime",21.0,5.0,2006.0
217,Trailer Park Boys,6,5,TV Series,8.6,484,8.5,49857,30.0,"Comedy ,Crime",14.0,5.0,2006.0
217,Trailer Park Boys,6,4,TV Series,8.2,445,8.5,49857,30.0,"Comedy ,Crime",7.0,5.0,2006.0
217,Trailer Park Boys,6,3,TV Series,8.6,471,8.5,49857,30.0,"Comedy ,Crime",30.0,4.0,2006.0
217,Trailer Park Boys,6,2,TV Series,8.1,436,8.5,49857,30.0,"Comedy ,Crime",23.0,4.0,2006.0
217,Trailer Park Boys,2,3,TV Series,8.4,681,8.5,49857,30.0,"Comedy ,Crime",7.0,7.0,2002.0
217,Trailer Park Boys,2,2,TV Series,8.3,677,8.5,49857,30.0,"Comedy ,Crime",30.0,6.0,2002.0
217,Trailer Park Boys,5,10,TV Series,9.0,568,8.5,49857,30.0,"Comedy ,Crime",19.0,6.0,2005.0
217,Trailer Park Boys,6,1,TV Series,8.1,444,8.5,49857,30.0,"Comedy ,Crime",16.0,4.0,2006.0
217,Trailer Park Boys,9,8,TV Series,7.7,264,8.5,49857,30.0,"Comedy ,Crime",27.0,3.0,2015.0
217,Trailer Park Boys,9,9,TV Series,7.8,293,8.5,49857,30.0,"Comedy ,Crime",27.0,3.0,2015.0
217,Trailer Park Boys,9,10,TV Series,8.0,307,8.5,49857,30.0,"Comedy ,Crime",27.0,3.0,2015.0
217,Trailer Park Boys,10,1,TV Series,7.4,287,8.5,49857,30.0,"Comedy ,Crime",28.0,3.0,2016.0
217,Trailer Park Boys,10,2,TV Series,7.5,260,8.5,49857,30.0,"Comedy ,Crime",28.0,3.0,2016.0
217,Trailer Park Boys,10,3,TV Series,7.5,245,8.5,49857,30.0,"Comedy ,Crime",28.0,3.0,2016.0
217,Trailer Park Boys,10,4,TV Series,7.6,246,8.5,49857,30.0,"Comedy ,Crime",28.0,3.0,2016.0
217,Trailer Park Boys,10,5,TV Series,7.9,259,8.5,49857,30.0,"Comedy ,Crime",28.0,3.0,2016.0
217,Trailer Park Boys,10,6,TV Series,7.5,258,8.5,49857,30.0,"Comedy ,Crime",28.0,3.0,2016.0
217,Trailer Park Boys,10,7,TV Series,7.4,309,8.5,49857,30.0,"Comedy ,Crime",28.0,3.0,2016.0
217,Trailer Park Boys,10,8,TV Series,7.1,286,8.5,49857,30.0,"Comedy ,Crime",28.0,3.0,2016.0
217,Trailer Park Boys,10,9,TV Series,7.4,259,8.5,49857,30.0,"Comedy ,Crime",28.0,3.0,2016.0
217,Trailer Park Boys,10,10,TV Series,8.1,318,8.5,49857,30.0,"Comedy ,Crime",28.0,3.0,2016.0
217,Trailer Park Boys,11,1,TV Series,7.9,263,8.5,49857,30.0,"Comedy ,Crime",31.0,3.0,2017.0
217,Trailer Park Boys,7,10,TV Series,9.1,657,8.5,49857,30.0,"Comedy ,Crime",10.0,6.0,2007.0
217,Trailer Park Boys,8,1,TV Series,8.1,421,8.5,49857,30.0,"Comedy ,Crime",5.0,9.0,2014.0
217,Trailer Park Boys,11,4,TV Series,8.5,316,8.5,49857,30.0,"Comedy ,Crime",31.0,3.0,2017.0
217,Trailer Park Boys,11,5,TV Series,7.8,237,8.5,49857,30.0,"Comedy ,Crime",31.0,3.0,2017.0
217,Trailer Park Boys,11,6,TV Series,7.7,225,8.5,49857,30.0,"Comedy ,Crime",31.0,3.0,2017.0
217,Trailer Park Boys,11,7,TV Series,7.8,222,8.5,49857,30.0,"Comedy ,Crime",31.0,3.0,2017.0
217,Trailer Park Boys,11,8,TV Series,8.1,237,8.5,49857,30.0,"Comedy ,Crime",31.0,3.0,2017.0
217,Trailer Park Boys,11,9,TV Series,7.9,226,8.5,49857,30.0,"Comedy ,Crime",31.0,3.0,2017.0
217,Trailer Park Boys,11,10,TV Series,7.9,233,8.5,49857,30.0,"Comedy ,Crime",31.0,3.0,2017.0
217,Trailer Park Boys,12,1,TV Series,8.0,262,8.5,49857,30.0,"Comedy ,Crime",30.0,3.0,2018.0
217,Trailer Park Boys,12,2,TV Series,8.4,263,8.5,49857,30.0,"Comedy ,Crime",30.0,3.0,2018.0
217,Trailer Park Boys,12,3,TV Series,8.0,235,8.5,49857,30.0,"Comedy ,Crime",30.0,3.0,2018.0
217,Trailer Park Boys,12,4,TV Series,8.0,220,8.5,49857,30.0,"Comedy ,Crime",30.0,3.0,2018.0
217,Trailer Park Boys,9,3,TV Series,7.7,283,8.5,49857,30.0,"Comedy ,Crime",27.0,3.0,2015.0
217,Trailer Park Boys,9,4,TV Series,7.5,271,8.5,49857,30.0,"Comedy ,Crime",27.0,3.0,2015.0
217,Trailer Park Boys,9,5,TV Series,7.7,271,8.5,49857,30.0,"Comedy ,Crime",27.0,3.0,2015.0
217,Trailer Park Boys,12,6,TV Series,8.4,244,8.5,49857,30.0,"Comedy ,Crime",30.0,3.0,2018.0
217,Trailer Park Boys,12,5,TV Series,8.2,232,8.5,49857,30.0,"Comedy ,Crime",30.0,3.0,2018.0
217,Trailer Park Boys,12,7,TV Series,8.0,222,8.5,49857,30.0,"Comedy ,Crime",30.0,3.0,2018.0
217,Trailer Park Boys,11,3,TV Series,7.8,242,8.5,49857,30.0,"Comedy ,Crime",31.0,3.0,2017.0
217,Trailer Park Boys,11,2,TV Series,7.9,245,8.5,49857,30.0,"Comedy ,Crime",31.0,3.0,2017.0
217,Trailer Park Boys,12,10,TV Series,9.2,397,8.5,49857,30.0,"Comedy ,Crime",30.0,3.0,2018.0
217,Trailer Park Boys,9,7,TV Series,8.1,293,8.5,49857,30.0,"Comedy ,Crime",27.0,3.0,2015.0
217,Trailer Park Boys,9,6,TV Series,7.6,277,8.5,49857,30.0,"Comedy ,Crime",27.0,3.0,2015.0
217,Trailer Park Boys,12,8,TV Series,8.2,233,8.5,49857,30.0,"Comedy ,Crime",30.0,3.0,2018.0
217,Trailer Park Boys,12,9,TV Series,8.6,240,8.5,49857,30.0,"Comedy ,Crime",30.0,3.0,2018.0
218,Brass Eye,1,3,TV Series,7.7,192,8.6,11481,25.0,Comedy,12.0,2.0,1997.0
218,Brass Eye,1,2,TV Series,8.6,269,8.6,11481,25.0,Comedy,5.0,2.0,1997.0
218,Brass Eye,1,5,TV Series,8.2,187,8.6,11481,25.0,Comedy,26.0,2.0,1997.0
218,Brass Eye,1,4,TV Series,8.0,195,8.6,11481,25.0,Comedy,19.0,2.0,1997.0
218,Brass Eye,2,0,TV Series,9.3,860,8.6,11481,25.0,Comedy,26.0,7.0,2001.0
218,Brass Eye,1,6,TV Series,8.0,170,8.6,11481,25.0,Comedy,5.0,3.0,1997.0
218,Brass Eye,1,1,TV Series,7.9,247,8.6,11481,25.0,Comedy,29.0,1.0,1997.0
219,Skam,1,3,TV Series,7.6,466,8.6,38137,30.0,"Drama ,Romance",9.0,10.0,2015.0
219,Skam,1,4,TV Series,7.6,442,8.6,38137,30.0,"Drama ,Romance",16.0,10.0,2015.0
219,Skam,2,8,TV Series,8.0,428,8.6,38137,30.0,"Drama ,Romance",6.0,5.0,2016.0
219,Skam,2,7,TV Series,7.7,415,8.6,38137,30.0,"Drama ,Romance",29.0,4.0,2016.0
219,Skam,2,6,TV Series,7.7,420,8.6,38137,30.0,"Drama ,Romance",22.0,4.0,2016.0
219,Skam,2,5,TV Series,8.1,452,8.6,38137,30.0,"Drama ,Romance",1.0,4.0,2016.0
219,Skam,2,4,TV Series,7.4,439,8.6,38137,30.0,"Drama ,Romance",25.0,3.0,2016.0
219,Skam,2,3,TV Series,8.3,486,8.6,38137,30.0,"Drama ,Romance",18.0,3.0,2016.0
219,Skam,2,2,TV Series,7.9,427,8.6,38137,30.0,"Drama ,Romance",11.0,3.0,2016.0
219,Skam,2,1,TV Series,7.7,451,8.6,38137,30.0,"Drama ,Romance",4.0,3.0,2016.0
219,Skam,1,11,TV Series,8.4,474,8.6,38137,30.0,"Drama ,Romance",11.0,12.0,2015.0
219,Skam,1,10,TV Series,8.3,444,8.6,38137,30.0,"Drama ,Romance",4.0,12.0,2015.0
219,Skam,1,9,TV Series,8.2,423,8.6,38137,30.0,"Drama ,Romance",27.0,11.0,2015.0
219,Skam,1,5,TV Series,7.6,431,8.6,38137,30.0,"Drama ,Romance",23.0,10.0,2015.0
219,Skam,1,6,TV Series,7.7,440,8.6,38137,30.0,"Drama ,Romance",30.0,10.0,2015.0
219,Skam,2,11,TV Series,8.1,430,8.6,38137,30.0,"Drama ,Romance",27.0,5.0,2016.0
219,Skam,2,10,TV Series,8.6,470,8.6,38137,30.0,"Drama ,Romance",20.0,5.0,2016.0
219,Skam,3,2,TV Series,8.6,711,8.6,38137,30.0,"Drama ,Romance",14.0,10.0,2016.0
219,Skam,3,3,TV Series,8.8,722,8.6,38137,30.0,"Drama ,Romance",21.0,10.0,2016.0
219,Skam,3,4,TV Series,8.9,760,8.6,38137,30.0,"Drama ,Romance",28.0,10.0,2016.0
219,Skam,3,5,TV Series,9.0,768,8.6,38137,30.0,"Drama ,Romance",4.0,11.0,2016.0
219,Skam,3,6,TV Series,8.9,696,8.6,38137,30.0,"Drama ,Romance",18.0,11.0,2016.0
219,Skam,3,7,TV Series,9.1,783,8.6,38137,30.0,"Drama ,Romance",25.0,11.0,2016.0
219,Skam,3,8,TV Series,9.1,781,8.6,38137,30.0,"Drama ,Romance",2.0,12.0,2016.0
219,Skam,3,9,TV Series,9.4,1092,8.6,38137,30.0,"Drama ,Romance",9.0,12.0,2016.0
219,Skam,3,10,TV Series,9.2,839,8.6,38137,30.0,"Drama ,Romance",16.0,12.0,2016.0
219,Skam,4,1,TV Series,7.9,340,8.6,38137,30.0,"Drama ,Romance",14.0,4.0,2017.0
219,Skam,4,2,TV Series,7.8,298,8.6,38137,30.0,"Drama ,Romance",21.0,4.0,2017.0
219,Skam,4,3,TV Series,7.9,276,8.6,38137,30.0,"Drama ,Romance",28.0,4.0,2017.0
219,Skam,4,4,TV Series,8.1,296,8.6,38137,30.0,"Drama ,Romance",5.0,5.0,2017.0
219,Skam,4,5,TV Series,8.6,327,8.6,38137,30.0,"Drama ,Romance",12.0,5.0,2017.0
219,Skam,1,7,TV Series,7.9,429,8.6,38137,30.0,"Drama ,Romance",13.0,11.0,2015.0
219,Skam,1,8,TV Series,7.9,430,8.6,38137,30.0,"Drama ,Romance",20.0,11.0,2015.0
219,Skam,4,8,TV Series,8.6,323,8.6,38137,30.0,"Drama ,Romance",9.0,6.0,2017.0
219,Skam,4,9,TV Series,8.0,274,8.6,38137,30.0,"Drama ,Romance",16.0,6.0,2017.0
219,Skam,4,10,TV Series,9.3,577,8.6,38137,30.0,"Drama ,Romance",24.0,6.0,2017.0
219,Skam,4,7,TV Series,8.0,269,8.6,38137,30.0,"Drama ,Romance",2.0,6.0,2017.0
219,Skam,3,1,TV Series,8.5,762,8.6,38137,30.0,"Drama ,Romance",7.0,10.0,2016.0
219,Skam,2,12,TV Series,8.0,443,8.6,38137,30.0,"Drama ,Romance",3.0,6.0,2016.0
219,Skam,4,6,TV Series,7.6,271,8.6,38137,30.0,"Drama ,Romance",26.0,5.0,2017.0
219,Skam,2,9,TV Series,8.0,410,8.6,38137,30.0,"Drama ,Romance",13.0,5.0,2016.0
219,Skam,1,1,TV Series,7.0,645,8.6,38137,30.0,"Drama ,Romance",25.0,9.0,2015.0
219,Skam,1,2,TV Series,7.2,477,8.6,38137,30.0,"Drama ,Romance",2.0,10.0,2015.0
220,Letterkenny,7,4,TV Series,8.5,258,8.6,28773,30.0,Comedy,11.0,10.0,2019.0
220,Letterkenny,11,7,TV Series,7.5,114,8.6,28773,30.0,Comedy,19.0,5.0,2023.0
220,Letterkenny,11,6,TV Series,7.6,123,8.6,28773,30.0,Comedy,26.0,12.0,2022.0
220,Letterkenny,10,3,TV Series,8.2,189,8.6,28773,30.0,Comedy,26.0,12.0,2021.0
220,Letterkenny,2,5,TV Series,8.5,399,8.6,28773,30.0,Comedy,25.0,12.0,2016.0
220,Letterkenny,2,4,TV Series,8.7,416,8.6,28773,30.0,Comedy,25.0,12.0,2016.0
220,Letterkenny,2,3,TV Series,8.9,504,8.6,28773,30.0,Comedy,25.0,12.0,2016.0
220,Letterkenny,2,2,TV Series,8.0,418,8.6,28773,30.0,Comedy,25.0,12.0,2016.0
220,Letterkenny,3,3,TV Series,8.5,367,8.6,28773,30.0,Comedy,3.0,7.0,2017.0
220,Letterkenny,3,4,TV Series,8.5,385,8.6,28773,30.0,Comedy,1.0,7.0,2017.0
220,Letterkenny,3,1,TV Series,8.2,374,8.6,28773,30.0,Comedy,1.0,7.0,2017.0
220,Letterkenny,3,2,TV Series,8.4,363,8.6,28773,30.0,Comedy,2.0,7.0,2017.0
220,Letterkenny,11,1,TV Series,7.3,173,8.6,28773,30.0,Comedy,26.0,12.0,2022.0
220,Letterkenny,12,6,TV Series,8.3,146,8.6,28773,30.0,Comedy,26.0,12.0,2023.0
220,Letterkenny,12,5,TV Series,8.5,111,8.6,28773,30.0,Comedy,26.0,12.0,2023.0
220,Letterkenny,11,5,TV Series,7.6,117,8.6,28773,30.0,Comedy,26.0,12.0,2022.0
220,Letterkenny,7,3,TV Series,7.7,266,8.6,28773,30.0,Comedy,11.0,10.0,2019.0
220,Letterkenny,11,4,TV Series,7.8,122,8.6,28773,30.0,Comedy,26.0,12.0,2022.0
220,Letterkenny,11,2,TV Series,7.7,136,8.6,28773,30.0,Comedy,26.0,12.0,2022.0
220,Letterkenny,10,2,TV Series,8.1,185,8.6,28773,30.0,Comedy,25.0,12.0,2021.0
220,Letterkenny,9,6,TV Series,8.1,193,8.6,28773,30.0,Comedy,26.0,12.0,2020.0
220,Letterkenny,9,7,TV Series,8.4,208,8.6,28773,30.0,Comedy,26.0,12.0,2020.0
220,Letterkenny,10,1,TV Series,8.0,210,8.6,28773,30.0,Comedy,26.0,12.0,2021.0
220,Letterkenny,11,3,TV Series,7.9,132,8.6,28773,30.0,Comedy,26.0,12.0,2022.0
220,Letterkenny,12,4,TV Series,7.8,100,8.6,28773,30.0,Comedy,26.0,12.0,2023.0
220,Letterkenny,10,4,TV Series,8.8,212,8.6,28773,30.0,Comedy,26.0,12.0,2021.0
220,Letterkenny,10,5,TV Series,7.7,144,8.6,28773,30.0,Comedy,26.0,12.0,2021.0
220,Letterkenny,10,6,TV Series,8.0,151,8.6,28773,30.0,Comedy,26.0,12.0,2021.0
220,Letterkenny,12,3,TV Series,8.1,104,8.6,28773,30.0,Comedy,26.0,12.0,2023.0
220,Letterkenny,1,5,TV Series,7.8,477,8.6,28773,30.0,Comedy,7.0,2.0,2016.0
220,Letterkenny,1,6,TV Series,8.5,488,8.6,28773,30.0,Comedy,7.0,2.0,2016.0
220,Letterkenny,2,1,TV Series,8.1,447,8.6,28773,30.0,Comedy,25.0,12.0,2016.0
220,Letterkenny,1,4,TV Series,8.0,506,8.6,28773,30.0,Comedy,7.0,2.0,2016.0
220,Letterkenny,1,1,TV Series,7.9,730,8.6,28773,30.0,Comedy,7.0,2.0,2016.0
220,Letterkenny,1,2,TV Series,8.2,642,8.6,28773,30.0,Comedy,7.0,2.0,2016.0
220,Letterkenny,1,3,TV Series,6.4,651,8.6,28773,30.0,Comedy,7.0,2.0,2016.0
220,Letterkenny,2,6,TV Series,8.6,389,8.6,28773,30.0,Comedy,25.0,12.0,2016.0
220,Letterkenny,2,7,TV Series,8.4,354,8.6,28773,30.0,Comedy,15.0,3.0,2017.0
220,Letterkenny,7,5,TV Series,9.0,294,8.6,28773,30.0,Comedy,11.0,10.0,2019.0
220,Letterkenny,7,6,TV Series,8.9,275,8.6,28773,30.0,Comedy,11.0,10.0,2019.0
220,Letterkenny,8,1,TV Series,8.4,259,8.6,28773,30.0,Comedy,25.0,12.0,2019.0
220,Letterkenny,8,2,TV Series,8.3,246,8.6,28773,30.0,Comedy,25.0,12.0,2019.0
220,Letterkenny,8,3,TV Series,7.9,246,8.6,28773,30.0,Comedy,25.0,12.0,2019.0
220,Letterkenny,8,4,TV Series,7.8,221,8.6,28773,30.0,Comedy,25.0,12.0,2019.0
220,Letterkenny,3,7,TV Series,8.3,306,8.6,28773,30.0,Comedy,20.0,10.0,2017.0
220,Letterkenny,4,1,TV Series,8.1,322,8.6,28773,30.0,Comedy,25.0,12.0,2017.0
220,Letterkenny,4,2,TV Series,8.5,359,8.6,28773,30.0,Comedy,25.0,12.0,2017.0
220,Letterkenny,4,3,TV Series,8.4,335,8.6,28773,30.0,Comedy,25.0,12.0,2017.0
220,Letterkenny,4,4,TV Series,8.2,327,8.6,28773,30.0,Comedy,25.0,12.0,2017.0
220,Letterkenny,4,5,TV Series,8.3,307,8.6,28773,30.0,Comedy,25.0,12.0,2017.0
220,Letterkenny,3,5,TV Series,8.4,352,8.6,28773,30.0,Comedy,1.0,7.0,2017.0
220,Letterkenny,3,6,TV Series,8.3,337,8.6,28773,30.0,Comedy,1.0,7.0,2017.0
220,Letterkenny,4,7,TV Series,7.9,228,8.6,28773,30.0,Comedy,23.0,3.0,2018.0
220,Letterkenny,4,6,TV Series,8.1,302,8.6,28773,30.0,Comedy,25.0,12.0,2017.0
220,Letterkenny,5,3,TV Series,7.2,554,8.6,28773,30.0,Comedy,29.0,6.0,2018.0
220,Letterkenny,5,4,TV Series,8.8,347,8.6,28773,30.0,Comedy,29.0,6.0,2018.0
220,Letterkenny,5,5,TV Series,8.7,312,8.6,28773,30.0,Comedy,29.0,6.0,2018.0
220,Letterkenny,5,6,TV Series,8.7,360,8.6,28773,30.0,Comedy,29.0,6.0,2018.0
220,Letterkenny,6,0,TV Series,8.7,287,8.6,28773,30.0,Comedy,23.0,11.0,2018.0
220,Letterkenny,6,1,TV Series,8.0,283,8.6,28773,30.0,Comedy,25.0,12.0,2018.0
220,Letterkenny,6,2,TV Series,8.4,268,8.6,28773,30.0,Comedy,25.0,12.0,2018.0
220,Letterkenny,6,3,TV Series,8.1,257,8.6,28773,30.0,Comedy,25.0,12.0,2018.0
220,Letterkenny,6,4,TV Series,8.8,334,8.6,28773,30.0,Comedy,25.0,12.0,2018.0
220,Letterkenny,6,5,TV Series,8.4,271,8.6,28773,30.0,Comedy,25.0,12.0,2018.0
220,Letterkenny,6,6,TV Series,8.3,272,8.6,28773,30.0,Comedy,25.0,12.0,2018.0
220,Letterkenny,6,7,TV Series,8.8,272,8.6,28773,30.0,Comedy,14.0,2.0,2019.0
220,Letterkenny,7,1,TV Series,7.3,289,8.6,28773,30.0,Comedy,14.0,10.0,2019.0
220,Letterkenny,7,2,TV Series,7.4,261,8.6,28773,30.0,Comedy,11.0,10.0,2019.0
220,Letterkenny,5,1,TV Series,8.5,357,8.6,28773,30.0,Comedy,29.0,6.0,2018.0
220,Letterkenny,5,2,TV Series,7.8,309,8.6,28773,30.0,Comedy,29.0,6.0,2018.0
220,Letterkenny,12,1,TV Series,8.1,138,8.6,28773,30.0,Comedy,26.0,12.0,2023.0
220,Letterkenny,12,2,TV Series,8.1,111,8.6,28773,30.0,Comedy,26.0,12.0,2023.0
220,Letterkenny,10,7,TV Series,8.7,145,8.6,28773,30.0,Comedy,8.0,3.0,2022.0
220,Letterkenny,9,3,TV Series,8.2,209,8.6,28773,30.0,Comedy,26.0,12.0,2020.0
220,Letterkenny,9,4,TV Series,8.0,207,8.6,28773,30.0,Comedy,26.0,12.0,2020.0
220,Letterkenny,9,5,TV Series,8.6,242,8.6,28773,30.0,Comedy,26.0,12.0,2020.0
220,Letterkenny,8,5,TV Series,8.4,234,8.6,28773,30.0,Comedy,25.0,12.0,2019.0
220,Letterkenny,8,6,TV Series,9.3,346,8.6,28773,30.0,Comedy,25.0,12.0,2019.0
220,Letterkenny,8,7,TV Series,9.3,374,8.6,28773,30.0,Comedy,25.0,12.0,2019.0
220,Letterkenny,9,1,TV Series,8.0,279,8.6,28773,30.0,Comedy,26.0,12.0,2020.0
220,Letterkenny,9,2,TV Series,7.9,247,8.6,28773,30.0,Comedy,26.0,12.0,2020.0
221,North & South,1,2,TV Mini Series,8.2,443,8.6,34665,235.0,"Drama ,Romance",21.0,11.0,2004.0
221,North & South,1,1,TV Mini Series,8.0,488,8.6,34665,235.0,"Drama ,Romance",14.0,11.0,2004.0
221,North & South,1,4,TV Mini Series,8.6,467,8.6,34665,235.0,"Drama ,Romance",5.0,12.0,2004.0
221,North & South,1,3,TV Mini Series,8.2,416,8.6,34665,235.0,"Drama ,Romance",28.0,11.0,2004.0
222,Spartacus: Gods of the Arena,1,2,TV Mini Series,8.4,2565,8.5,144548,331.0,"Action ,Adventure ,Biography",28.0,1.0,2011.0
222,Spartacus: Gods of the Arena,1,1,TV Mini Series,8.8,11335,8.5,144548,331.0,"Action ,Adventure ,Biography",21.0,1.0,2011.0
222,Spartacus: Gods of the Arena,1,5,TV Mini Series,8.5,2368,8.5,144548,331.0,"Action ,Adventure ,Biography",18.0,2.0,2011.0
222,Spartacus: Gods of the Arena,1,4,TV Mini Series,8.0,2365,8.5,144548,331.0,"Action ,Adventure ,Biography",11.0,2.0,2011.0
222,Spartacus: Gods of the Arena,1,3,TV Mini Series,8.1,2410,8.5,144548,331.0,"Action ,Adventure ,Biography",4.0,2.0,2011.0
222,Spartacus: Gods of the Arena,1,6,TV Mini Series,9.1,2756,8.5,144548,331.0,"Action ,Adventure ,Biography",25.0,2.0,2011.0
223,Silicon Valley,1,5,TV Series,8.2,2212,8.5,164206,28.0,Comedy,4.0,5.0,2014.0
223,Silicon Valley,1,6,TV Series,8.4,2231,8.5,164206,28.0,Comedy,11.0,5.0,2014.0
223,Silicon Valley,1,7,TV Series,8.5,2216,8.5,164206,28.0,Comedy,18.0,5.0,2014.0
223,Silicon Valley,1,8,TV Series,9.3,3953,8.5,164206,28.0,Comedy,1.0,6.0,2014.0
223,Silicon Valley,2,1,TV Series,8.2,2081,8.5,164206,28.0,Comedy,12.0,4.0,2015.0
223,Silicon Valley,2,2,TV Series,7.9,1796,8.5,164206,28.0,Comedy,19.0,4.0,2015.0
223,Silicon Valley,2,3,TV Series,8.0,1794,8.5,164206,28.0,Comedy,26.0,4.0,2015.0
223,Silicon Valley,3,10,TV Series,8.6,1687,8.5,164206,28.0,Comedy,26.0,6.0,2016.0
223,Silicon Valley,4,1,TV Series,8.1,1724,8.5,164206,28.0,Comedy,23.0,4.0,2017.0
223,Silicon Valley,2,8,TV Series,8.2,1820,8.5,164206,28.0,Comedy,31.0,5.0,2015.0
223,Silicon Valley,2,7,TV Series,8.4,1762,8.5,164206,28.0,Comedy,24.0,5.0,2015.0
223,Silicon Valley,6,3,TV Series,8.3,1411,8.5,164206,28.0,Comedy,10.0,11.0,2019.0
223,Silicon Valley,6,4,TV Series,7.4,1356,8.5,164206,28.0,Comedy,17.0,11.0,2019.0
223,Silicon Valley,6,5,TV Series,7.6,1306,8.5,164206,28.0,Comedy,24.0,11.0,2019.0
223,Silicon Valley,6,6,TV Series,8.4,1538,8.5,164206,28.0,Comedy,1.0,12.0,2019.0
223,Silicon Valley,6,7,TV Series,8.6,3063,8.5,164206,28.0,Comedy,8.0,12.0,2019.0
223,Silicon Valley,2,4,TV Series,7.8,1753,8.5,164206,28.0,Comedy,3.0,5.0,2015.0
223,Silicon Valley,2,5,TV Series,8.0,1737,8.5,164206,28.0,Comedy,10.0,5.0,2015.0
223,Silicon Valley,5,8,TV Series,9.0,2343,8.5,164206,28.0,Comedy,13.0,5.0,2018.0
223,Silicon Valley,6,1,TV Series,8.1,1600,8.5,164206,28.0,Comedy,27.0,10.0,2019.0
223,Silicon Valley,6,2,TV Series,8.0,1424,8.5,164206,28.0,Comedy,3.0,11.0,2019.0
223,Silicon Valley,2,9,TV Series,8.7,1875,8.5,164206,28.0,Comedy,7.0,6.0,2015.0
223,Silicon Valley,2,10,TV Series,9.2,2546,8.5,164206,28.0,Comedy,14.0,6.0,2015.0
223,Silicon Valley,2,6,TV Series,8.7,2024,8.5,164206,28.0,Comedy,17.0,5.0,2015.0
223,Silicon Valley,4,5,TV Series,8.0,1455,8.5,164206,28.0,Comedy,21.0,5.0,2017.0
223,Silicon Valley,4,6,TV Series,7.8,1429,8.5,164206,28.0,Comedy,28.0,5.0,2017.0
223,Silicon Valley,4,7,TV Series,7.9,1404,8.5,164206,28.0,Comedy,4.0,6.0,2017.0
223,Silicon Valley,4,8,TV Series,8.0,1392,8.5,164206,28.0,Comedy,11.0,6.0,2017.0
223,Silicon Valley,4,9,TV Series,8.3,1459,8.5,164206,28.0,Comedy,18.0,6.0,2017.0
223,Silicon Valley,4,10,TV Series,8.4,1604,8.5,164206,28.0,Comedy,25.0,6.0,2017.0
223,Silicon Valley,5,1,TV Series,7.9,1641,8.5,164206,28.0,Comedy,25.0,3.0,2018.0
223,Silicon Valley,5,2,TV Series,7.7,1528,8.5,164206,28.0,Comedy,1.0,4.0,2018.0
223,Silicon Valley,5,3,TV Series,8.1,1519,8.5,164206,28.0,Comedy,8.0,4.0,2018.0
223,Silicon Valley,5,4,TV Series,7.5,1441,8.5,164206,28.0,Comedy,15.0,4.0,2018.0
223,Silicon Valley,5,5,TV Series,8.0,1458,8.5,164206,28.0,Comedy,22.0,4.0,2018.0
223,Silicon Valley,5,6,TV Series,7.7,1366,8.5,164206,28.0,Comedy,29.0,4.0,2018.0
223,Silicon Valley,5,7,TV Series,7.9,1347,8.5,164206,28.0,Comedy,6.0,5.0,2018.0
223,Silicon Valley,3,1,TV Series,8.1,1819,8.5,164206,28.0,Comedy,24.0,4.0,2016.0
223,Silicon Valley,3,2,TV Series,8.0,1631,8.5,164206,28.0,Comedy,1.0,5.0,2016.0
223,Silicon Valley,3,3,TV Series,8.5,1805,8.5,164206,28.0,Comedy,8.0,5.0,2016.0
223,Silicon Valley,3,4,TV Series,8.5,1681,8.5,164206,28.0,Comedy,15.0,5.0,2016.0
223,Silicon Valley,3,5,TV Series,7.9,1559,8.5,164206,28.0,Comedy,22.0,5.0,2016.0
223,Silicon Valley,3,6,TV Series,8.0,1590,8.5,164206,28.0,Comedy,29.0,5.0,2016.0
223,Silicon Valley,3,7,TV Series,8.2,1532,8.5,164206,28.0,Comedy,5.0,6.0,2016.0
223,Silicon Valley,3,8,TV Series,8.4,1519,8.5,164206,28.0,Comedy,12.0,6.0,2016.0
223,Silicon Valley,3,9,TV Series,8.1,1552,8.5,164206,28.0,Comedy,19.0,6.0,2016.0
223,Silicon Valley,4,2,TV Series,8.5,1679,8.5,164206,28.0,Comedy,30.0,4.0,2017.0
223,Silicon Valley,4,3,TV Series,8.4,1582,8.5,164206,28.0,Comedy,7.0,5.0,2017.0
223,Silicon Valley,4,4,TV Series,8.0,1462,8.5,164206,28.0,Comedy,14.0,5.0,2017.0
223,Silicon Valley,1,1,TV Series,7.7,2979,8.5,164206,28.0,Comedy,6.0,4.0,2014.0
223,Silicon Valley,1,2,TV Series,7.7,2412,8.5,164206,28.0,Comedy,13.0,4.0,2014.0
223,Silicon Valley,1,3,TV Series,8.0,2318,8.5,164206,28.0,Comedy,20.0,4.0,2014.0
223,Silicon Valley,1,4,TV Series,7.7,2158,8.5,164206,28.0,Comedy,27.0,4.0,2014.0
224,Regular Show,2,14,TV Series,7.6,2788,8.5,56041,23.0,"Animation ,Action ,Adventure",4.0,4.0,2011.0
224,Regular Show,2,13,TV Series,9.1,3524,8.5,56041,23.0,"Animation ,Action ,Adventure",28.0,3.0,2011.0
224,Regular Show,3,18,TV Series,7.0,2621,8.5,56041,23.0,"Animation ,Action ,Adventure",5.0,3.0,2012.0
224,Regular Show,3,17,TV Series,9.6,3718,8.5,56041,23.0,"Animation ,Action ,Adventure",27.0,2.0,2012.0
224,Regular Show,2,12,TV Series,8.6,3355,8.5,56041,23.0,"Animation ,Action ,Adventure",7.0,3.0,2011.0
224,Regular Show,2,11,TV Series,8.6,3329,8.5,56041,23.0,"Animation ,Action ,Adventure",28.0,2.0,2011.0
224,Regular Show,2,10,TV Series,8.9,3388,8.5,56041,23.0,"Animation ,Action ,Adventure",25.0,2.0,2011.0
224,Regular Show,2,9,TV Series,8.6,3379,8.5,56041,23.0,"Animation ,Action ,Adventure",21.0,2.0,2011.0
224,Regular Show,2,8,TV Series,9.4,3601,8.5,56041,23.0,"Animation ,Action ,Adventure",14.0,2.0,2011.0
224,Regular Show,2,23,TV Series,9.3,3621,8.5,56041,23.0,"Animation ,Action ,Adventure",6.0,6.0,2011.0
224,Regular Show,2,22,TV Series,9.0,3346,8.5,56041,23.0,"Animation ,Action ,Adventure",30.0,5.0,2011.0
224,Regular Show,2,21,TV Series,9.1,3410,8.5,56041,23.0,"Animation ,Action ,Adventure",23.0,5.0,2011.0
224,Regular Show,2,20,TV Series,8.5,3272,8.5,56041,23.0,"Animation ,Action ,Adventure",16.0,5.0,2011.0
224,Regular Show,2,19,TV Series,9.3,3472,8.5,56041,23.0,"Animation ,Action ,Adventure",9.0,5.0,2011.0
224,Regular Show,2,18,TV Series,8.5,3339,8.5,56041,23.0,"Animation ,Action ,Adventure",2.0,5.0,2011.0
224,Regular Show,2,17,TV Series,7.9,2719,8.5,56041,23.0,"Animation ,Action ,Adventure",25.0,4.0,2011.0
224,Regular Show,2,16,TV Series,8.9,3357,8.5,56041,23.0,"Animation ,Action ,Adventure",18.0,4.0,2011.0
224,Regular Show,3,19,TV Series,9.1,3226,8.5,56041,23.0,"Animation ,Action ,Adventure",26.0,3.0,2012.0
224,Regular Show,4,11,TV Series,8.3,2748,8.5,56041,23.0,"Animation ,Action ,Adventure",14.0,1.0,2013.0
224,Regular Show,4,10,TV Series,8.8,3102,8.5,56041,23.0,"Animation ,Action ,Adventure",7.0,1.0,2013.0
224,Regular Show,3,16,TV Series,8.8,3204,8.5,56041,23.0,"Animation ,Action ,Adventure",13.0,2.0,2012.0
224,Regular Show,3,15,TV Series,9.0,3261,8.5,56041,23.0,"Animation ,Action ,Adventure",6.0,2.0,2012.0
224,Regular Show,3,14,TV Series,8.1,2628,8.5,56041,23.0,"Animation ,Action ,Adventure",30.0,1.0,2012.0
224,Regular Show,3,13,TV Series,8.1,2680,8.5,56041,23.0,"Animation ,Action ,Adventure",23.0,1.0,2012.0
224,Regular Show,3,12,TV Series,9.3,3454,8.5,56041,23.0,"Animation ,Action ,Adventure",16.0,1.0,2012.0
224,Regular Show,3,11,TV Series,8.0,2605,8.5,56041,23.0,"Animation ,Action ,Adventure",12.0,12.0,2011.0
224,Regular Show,3,10,TV Series,7.9,2593,8.5,56041,23.0,"Animation ,Action ,Adventure",28.0,11.0,2011.0
224,Regular Show,3,9,TV Series,9.1,3367,8.5,56041,23.0,"Animation ,Action ,Adventure",21.0,11.0,2011.0
224,Regular Show,3,8,TV Series,8.5,3204,8.5,56041,23.0,"Animation ,Action ,Adventure",14.0,11.0,2011.0
224,Regular Show,3,7,TV Series,8.9,3264,8.5,56041,23.0,"Animation ,Action ,Adventure",7.0,11.0,2011.0
224,Regular Show,3,6,TV Series,8.8,3291,8.5,56041,23.0,"Animation ,Action ,Adventure",24.0,10.0,2011.0
224,Regular Show,3,5,TV Series,8.9,3264,8.5,56041,23.0,"Animation ,Action ,Adventure",17.0,10.0,2011.0
224,Regular Show,3,4,TV Series,9.2,3408,8.5,56041,23.0,"Animation ,Action ,Adventure",10.0,10.0,2011.0
224,Regular Show,3,35,TV Series,9.0,3221,8.5,56041,23.0,"Animation ,Action ,Adventure",13.0,8.0,2012.0
224,Regular Show,4,27,TV Series,7.8,2461,8.5,56041,23.0,"Animation ,Action ,Adventure",27.0,5.0,2013.0
224,Regular Show,4,26,TV Series,7.6,2514,8.5,56041,23.0,"Animation ,Action ,Adventure",20.0,5.0,2013.0
224,Regular Show,3,32,TV Series,9.0,3208,8.5,56041,23.0,"Animation ,Action ,Adventure",23.0,7.0,2012.0
224,Regular Show,3,31,TV Series,7.8,2524,8.5,56041,23.0,"Animation ,Action ,Adventure",16.0,7.0,2012.0
224,Regular Show,3,30,TV Series,7.9,2539,8.5,56041,23.0,"Animation ,Action ,Adventure",25.0,6.0,2012.0
224,Regular Show,3,29,TV Series,8.1,2586,8.5,56041,23.0,"Animation ,Action ,Adventure",18.0,6.0,2012.0
224,Regular Show,3,28,TV Series,8.6,3154,8.5,56041,23.0,"Animation ,Action ,Adventure",4.0,6.0,2012.0
224,Regular Show,3,27,TV Series,8.3,2730,8.5,56041,23.0,"Animation ,Action ,Adventure",28.0,5.0,2012.0
224,Regular Show,3,26,TV Series,8.5,2864,8.5,56041,23.0,"Animation ,Action ,Adventure",14.0,5.0,2012.0
224,Regular Show,3,25,TV Series,8.4,2935,8.5,56041,23.0,"Animation ,Action ,Adventure",7.0,5.0,2012.0
224,Regular Show,3,24,TV Series,8.8,3161,8.5,56041,23.0,"Animation ,Action ,Adventure",30.0,4.0,2012.0
224,Regular Show,3,23,TV Series,8.9,3248,8.5,56041,23.0,"Animation ,Action ,Adventure",30.0,4.0,2012.0
224,Regular Show,3,22,TV Series,7.4,2631,8.5,56041,23.0,"Animation ,Action ,Adventure",16.0,4.0,2012.0
224,Regular Show,3,21,TV Series,7.3,2690,8.5,56041,23.0,"Animation ,Action ,Adventure",9.0,4.0,2012.0
224,Regular Show,3,20,TV Series,7.9,2562,8.5,56041,23.0,"Animation ,Action ,Adventure",2.0,4.0,2012.0
224,Regular Show,4,12,TV Series,6.8,2564,8.5,56041,23.0,"Animation ,Action ,Adventure",21.0,1.0,2013.0
224,Regular Show,5,6,TV Series,8.9,3072,8.5,56041,23.0,"Animation ,Action ,Adventure",30.0,9.0,2013.0
224,Regular Show,5,5,TV Series,7.2,2513,8.5,56041,23.0,"Animation ,Action ,Adventure",23.0,9.0,2013.0
224,Regular Show,4,9,TV Series,9.4,3411,8.5,56041,23.0,"Animation ,Action ,Adventure",3.0,12.0,2012.0
224,Regular Show,4,8,TV Series,8.6,3126,8.5,56041,23.0,"Animation ,Action ,Adventure",26.0,11.0,2012.0
224,Regular Show,4,7,TV Series,8.4,2804,8.5,56041,23.0,"Animation ,Action ,Adventure",19.0,11.0,2012.0
224,Regular Show,4,6,TV Series,6.8,2594,8.5,56041,23.0,"Animation ,Action ,Adventure",12.0,11.0,2012.0
224,Regular Show,4,5,TV Series,8.9,3172,8.5,56041,23.0,"Animation ,Action ,Adventure",29.0,10.0,2012.0
224,Regular Show,4,4,TV Series,7.9,2517,8.5,56041,23.0,"Animation ,Action ,Adventure",22.0,10.0,2012.0
224,Regular Show,4,3,TV Series,8.9,3186,8.5,56041,23.0,"Animation ,Action ,Adventure",15.0,10.0,2012.0
224,Regular Show,4,2,TV Series,7.3,2577,8.5,56041,23.0,"Animation ,Action ,Adventure",8.0,10.0,2012.0
224,Regular Show,4,1,TV Series,9.7,3954,8.5,56041,23.0,"Animation ,Action ,Adventure",1.0,10.0,2012.0
224,Regular Show,3,39,TV Series,9.0,3250,8.5,56041,23.0,"Animation ,Action ,Adventure",10.0,9.0,2012.0
224,Regular Show,3,38,TV Series,7.8,2489,8.5,56041,23.0,"Animation ,Action ,Adventure",3.0,9.0,2012.0
224,Regular Show,3,37,TV Series,8.3,2701,8.5,56041,23.0,"Animation ,Action ,Adventure",27.0,8.0,2012.0
224,Regular Show,3,36,TV Series,8.9,3236,8.5,56041,23.0,"Animation ,Action ,Adventure",20.0,8.0,2012.0
224,Regular Show,4,28,TV Series,9.1,3165,8.5,56041,23.0,"Animation ,Action ,Adventure",10.0,6.0,2013.0
224,Regular Show,5,22,TV Series,9.6,3566,8.5,56041,23.0,"Animation ,Action ,Adventure",21.0,4.0,2014.0
224,Regular Show,5,21,TV Series,8.3,2656,8.5,56041,23.0,"Animation ,Action ,Adventure",17.0,3.0,2014.0
224,Regular Show,4,25,TV Series,8.8,3083,8.5,56041,23.0,"Animation ,Action ,Adventure",13.0,5.0,2013.0
224,Regular Show,4,24,TV Series,8.0,2463,8.5,56041,23.0,"Animation ,Action ,Adventure",6.0,5.0,2013.0
224,Regular Show,4,23,TV Series,7.9,2451,8.5,56041,23.0,"Animation ,Action ,Adventure",22.0,4.0,2013.0
224,Regular Show,4,22,TV Series,9.1,3158,8.5,56041,23.0,"Animation ,Action ,Adventure",15.0,4.0,2013.0
224,Regular Show,4,21,TV Series,8.0,2474,8.5,56041,23.0,"Animation ,Action ,Adventure",8.0,4.0,2013.0
224,Regular Show,4,20,TV Series,8.3,2743,8.5,56041,23.0,"Animation ,Action ,Adventure",1.0,4.0,2013.0
224,Regular Show,4,19,TV Series,9.4,3287,8.5,56041,23.0,"Animation ,Action ,Adventure",25.0,3.0,2013.0
224,Regular Show,4,18,TV Series,8.2,2572,8.5,56041,23.0,"Animation ,Action ,Adventure",4.0,3.0,2013.0
224,Regular Show,4,17,TV Series,7.7,2542,8.5,56041,23.0,"Animation ,Action ,Adventure",25.0,2.0,2013.0
224,Regular Show,4,16,TV Series,7.2,2553,8.5,56041,23.0,"Animation ,Action ,Adventure",18.0,2.0,2013.0
224,Regular Show,4,15,TV Series,8.3,2569,8.5,56041,23.0,"Animation ,Action ,Adventure",11.0,2.0,2013.0
224,Regular Show,4,14,TV Series,7.8,2490,8.5,56041,23.0,"Animation ,Action ,Adventure",28.0,1.0,2013.0
224,Regular Show,4,13,TV Series,9.0,3160,8.5,56041,23.0,"Animation ,Action ,Adventure",28.0,1.0,2013.0
224,Regular Show,5,7,TV Series,8.3,2668,8.5,56041,23.0,"Animation ,Action ,Adventure",14.0,10.0,2013.0
224,Regular Show,6,1,TV Series,8.3,2558,8.5,56041,23.0,"Animation ,Action ,Adventure",9.0,10.0,2014.0
224,Regular Show,5,37,TV Series,8.9,3039,8.5,56041,23.0,"Animation ,Action ,Adventure",14.0,8.0,2014.0
224,Regular Show,5,4,TV Series,8.0,2435,8.5,56041,23.0,"Animation ,Action ,Adventure",16.0,9.0,2013.0
224,Regular Show,5,3,TV Series,7.9,2442,8.5,56041,23.0,"Animation ,Action ,Adventure",9.0,9.0,2013.0
224,Regular Show,5,2,TV Series,7.9,2447,8.5,56041,23.0,"Animation ,Action ,Adventure",2.0,9.0,2013.0
224,Regular Show,5,1,TV Series,8.8,3111,8.5,56041,23.0,"Animation ,Action ,Adventure",2.0,9.0,2013.0
224,Regular Show,4,37,TV Series,9.3,3299,8.5,56041,23.0,"Animation ,Action ,Adventure",12.0,8.0,2013.0
224,Regular Show,4,36,TV Series,8.0,2427,8.5,56041,23.0,"Animation ,Action ,Adventure",5.0,8.0,2013.0
224,Regular Show,4,35,TV Series,8.0,2444,8.5,56041,23.0,"Animation ,Action ,Adventure",29.0,7.0,2013.0
224,Regular Show,4,34,TV Series,7.3,2502,8.5,56041,23.0,"Animation ,Action ,Adventure",22.0,7.0,2013.0
224,Regular Show,4,33,TV Series,7.9,2461,8.5,56041,23.0,"Animation ,Action ,Adventure",15.0,7.0,2013.0
224,Regular Show,4,32,TV Series,8.4,2725,8.5,56041,23.0,"Animation ,Action ,Adventure",15.0,7.0,2013.0
224,Regular Show,4,31,TV Series,7.8,2485,8.5,56041,23.0,"Animation ,Action ,Adventure",1.0,7.0,2013.0
224,Regular Show,4,30,TV Series,9.0,3177,8.5,56041,23.0,"Animation ,Action ,Adventure",24.0,6.0,2013.0
224,Regular Show,4,29,TV Series,8.9,3107,8.5,56041,23.0,"Animation ,Action ,Adventure",17.0,6.0,2013.0
224,Regular Show,5,23,TV Series,8.1,2454,8.5,56041,23.0,"Animation ,Action ,Adventure",21.0,4.0,2014.0
224,Regular Show,6,18,TV Series,9.2,3084,8.5,56041,23.0,"Animation ,Action ,Adventure",26.0,2.0,2015.0
224,Regular Show,6,17,TV Series,8.8,3021,8.5,56041,23.0,"Animation ,Action ,Adventure",19.0,2.0,2015.0
224,Regular Show,5,20,TV Series,8.3,2622,8.5,56041,23.0,"Animation ,Action ,Adventure",10.0,3.0,2014.0
224,Regular Show,5,19,TV Series,8.1,2427,8.5,56041,23.0,"Animation ,Action ,Adventure",3.0,3.0,2014.0
224,Regular Show,5,18,TV Series,7.9,2391,8.5,56041,23.0,"Animation ,Action ,Adventure",24.0,2.0,2014.0
224,Regular Show,5,17,TV Series,8.3,2632,8.5,56041,23.0,"Animation ,Action ,Adventure",10.0,2.0,2014.0
224,Regular Show,5,16,TV Series,8.6,3030,8.5,56041,23.0,"Animation ,Action ,Adventure",27.0,1.0,2014.0
224,Regular Show,5,15,TV Series,8.8,3051,8.5,56041,23.0,"Animation ,Action ,Adventure",13.0,1.0,2014.0
224,Regular Show,5,14,TV Series,9.2,3100,8.5,56041,23.0,"Animation ,Action ,Adventure",31.0,12.0,2013.0
224,Regular Show,5,13,TV Series,7.9,2435,8.5,56041,23.0,"Animation ,Action ,Adventure",2.0,12.0,2013.0
224,Regular Show,5,12,TV Series,9.2,3148,8.5,56041,23.0,"Animation ,Action ,Adventure",25.0,11.0,2013.0
224,Regular Show,5,11,TV Series,7.1,2510,8.5,56041,23.0,"Animation ,Action ,Adventure",18.0,11.0,2013.0
224,Regular Show,5,10,TV Series,9.0,3108,8.5,56041,23.0,"Animation ,Action ,Adventure",11.0,11.0,2013.0
224,Regular Show,5,9,TV Series,7.8,2448,8.5,56041,23.0,"Animation ,Action ,Adventure",4.0,11.0,2013.0
224,Regular Show,5,8,TV Series,9.0,3096,8.5,56041,23.0,"Animation ,Action ,Adventure",21.0,10.0,2013.0
224,Regular Show,6,2,TV Series,8.1,2470,8.5,56041,23.0,"Animation ,Action ,Adventure",16.0,10.0,2014.0
224,Regular Show,7,5,TV Series,8.7,3100,8.5,56041,23.0,"Animation ,Action ,Adventure",27.0,8.0,2015.0
224,Regular Show,7,4,TV Series,8.0,2334,8.5,56041,23.0,"Animation ,Action ,Adventure",20.0,8.0,2015.0
224,Regular Show,5,36,TV Series,7.4,2447,8.5,56041,23.0,"Animation ,Action ,Adventure",7.0,8.0,2014.0
224,Regular Show,5,35,TV Series,7.6,2404,8.5,56041,23.0,"Animation ,Action ,Adventure",31.0,7.0,2014.0
224,Regular Show,5,34,TV Series,8.5,2940,8.5,56041,23.0,"Animation ,Action ,Adventure",24.0,7.0,2014.0
224,Regular Show,5,33,TV Series,7.9,2394,8.5,56041,23.0,"Animation ,Action ,Adventure",17.0,7.0,2014.0
224,Regular Show,5,32,TV Series,8.0,2381,8.5,56041,23.0,"Animation ,Action ,Adventure",10.0,7.0,2014.0
224,Regular Show,5,31,TV Series,7.8,2418,8.5,56041,23.0,"Animation ,Action ,Adventure",3.0,7.0,2014.0
224,Regular Show,5,30,TV Series,7.6,2421,8.5,56041,23.0,"Animation ,Action ,Adventure",19.0,6.0,2014.0
224,Regular Show,5,29,TV Series,8.6,3079,8.5,56041,23.0,"Animation ,Action ,Adventure",26.0,6.0,2014.0
224,Regular Show,5,28,TV Series,8.1,2457,8.5,56041,23.0,"Animation ,Action ,Adventure",12.0,6.0,2014.0
224,Regular Show,5,27,TV Series,8.8,3030,8.5,56041,23.0,"Animation ,Action ,Adventure",5.0,6.0,2014.0
224,Regular Show,5,26,TV Series,8.8,3071,8.5,56041,23.0,"Animation ,Action ,Adventure",12.0,5.0,2014.0
224,Regular Show,5,25,TV Series,8.0,2443,8.5,56041,23.0,"Animation ,Action ,Adventure",5.0,5.0,2014.0
224,Regular Show,5,24,TV Series,7.9,2385,8.5,56041,23.0,"Animation ,Action ,Adventure",28.0,4.0,2014.0
224,Regular Show,6,19,TV Series,9.1,3055,8.5,56041,23.0,"Animation ,Action ,Adventure",5.0,2.0,2015.0
224,Regular Show,7,21,TV Series,8.6,2920,8.5,56041,23.0,"Animation ,Action ,Adventure",19.0,3.0,2016.0
224,Regular Show,7,20,TV Series,8.4,2612,8.5,56041,23.0,"Animation ,Action ,Adventure",12.0,3.0,2016.0
224,Regular Show,6,16,TV Series,9.2,3156,8.5,56041,23.0,"Animation ,Action ,Adventure",12.0,2.0,2015.0
224,Regular Show,6,15,TV Series,7.9,2348,8.5,56041,23.0,"Animation ,Action ,Adventure",29.0,1.0,2015.0
224,Regular Show,6,14,TV Series,8.7,3046,8.5,56041,23.0,"Animation ,Action ,Adventure",22.0,1.0,2015.0
224,Regular Show,6,12,TV Series,8.1,2427,8.5,56041,23.0,"Animation ,Action ,Adventure",15.0,1.0,2015.0
224,Regular Show,6,11,TV Series,8.5,3045,8.5,56041,23.0,"Animation ,Action ,Adventure",8.0,1.0,2015.0
224,Regular Show,6,10,TV Series,8.8,3139,8.5,56041,23.0,"Animation ,Action ,Adventure",11.0,12.0,2014.0
224,Regular Show,6,9,TV Series,9.5,3213,8.5,56041,23.0,"Animation ,Action ,Adventure",4.0,12.0,2014.0
224,Regular Show,6,8,TV Series,9.5,3286,8.5,56041,23.0,"Animation ,Action ,Adventure",20.0,11.0,2014.0
224,Regular Show,6,7,TV Series,8.3,2647,8.5,56041,23.0,"Animation ,Action ,Adventure",13.0,11.0,2014.0
224,Regular Show,6,6,TV Series,8.1,2467,8.5,56041,23.0,"Animation ,Action ,Adventure",6.0,11.0,2014.0
224,Regular Show,6,5,TV Series,8.1,2460,8.5,56041,23.0,"Animation ,Action ,Adventure",6.0,11.0,2014.0
224,Regular Show,6,4,TV Series,8.4,2645,8.5,56041,23.0,"Animation ,Action ,Adventure",30.0,10.0,2014.0
224,Regular Show,6,3,TV Series,8.1,2455,8.5,56041,23.0,"Animation ,Action ,Adventure",23.0,10.0,2014.0
224,Regular Show,7,6,TV Series,8.2,2451,8.5,56041,23.0,"Animation ,Action ,Adventure",3.0,9.0,2015.0
224,Regular Show,8,1,TV Series,8.4,2642,8.5,56041,23.0,"Animation ,Action ,Adventure",26.0,9.0,2016.0
224,Regular Show,7,36,TV Series,9.5,3366,8.5,56041,23.0,"Animation ,Action ,Adventure",30.0,6.0,2016.0
224,Regular Show,7,3,TV Series,8.6,3090,8.5,56041,23.0,"Animation ,Action ,Adventure",13.0,8.0,2015.0
224,Regular Show,7,2,TV Series,8.3,2524,8.5,56041,23.0,"Animation ,Action ,Adventure",6.0,8.0,2015.0
224,Regular Show,7,1,TV Series,8.6,3020,8.5,56041,23.0,"Animation ,Action ,Adventure",6.0,7.0,2015.0
224,Regular Show,6,30,TV Series,8.3,2492,8.5,56041,23.0,"Animation ,Action ,Adventure",29.0,6.0,2015.0
224,Regular Show,6,29,TV Series,8.1,2410,8.5,56041,23.0,"Animation ,Action ,Adventure",29.0,6.0,2015.0
224,Regular Show,6,28,TV Series,8.6,2944,8.5,56041,23.0,"Animation ,Action ,Adventure",29.0,6.0,2015.0
224,Regular Show,6,27,TV Series,8.5,2933,8.5,56041,23.0,"Animation ,Action ,Adventure",22.0,6.0,2015.0
224,Regular Show,6,26,TV Series,9.5,3275,8.5,56041,23.0,"Animation ,Action ,Adventure",9.0,4.0,2015.0
224,Regular Show,6,25,TV Series,8.2,2437,8.5,56041,23.0,"Animation ,Action ,Adventure",2.0,4.0,2015.0
224,Regular Show,6,24,TV Series,8.2,2425,8.5,56041,23.0,"Animation ,Action ,Adventure",26.0,3.0,2015.0
224,Regular Show,6,23,TV Series,7.6,2371,8.5,56041,23.0,"Animation ,Action ,Adventure",19.0,3.0,2015.0
224,Regular Show,6,22,TV Series,8.1,2347,8.5,56041,23.0,"Animation ,Action ,Adventure",12.0,3.0,2015.0
224,Regular Show,6,21,TV Series,9.1,3063,8.5,56041,23.0,"Animation ,Action ,Adventure",5.0,3.0,2015.0
224,Regular Show,7,22,TV Series,8.9,3039,8.5,56041,23.0,"Animation ,Action ,Adventure",26.0,3.0,2016.0
224,Regular Show,8,17,TV Series,8.5,2892,8.5,56041,23.0,"Animation ,Action ,Adventure",14.0,10.0,2016.0
224,Regular Show,8,16,TV Series,8.5,2882,8.5,56041,23.0,"Animation ,Action ,Adventure",13.0,10.0,2016.0
224,Regular Show,7,19,TV Series,8.1,2403,8.5,56041,23.0,"Animation ,Action ,Adventure",5.0,3.0,2016.0
224,Regular Show,7,18,TV Series,8.4,2620,8.5,56041,23.0,"Animation ,Action ,Adventure",3.0,12.0,2015.0
224,Regular Show,7,17,TV Series,8.4,2658,8.5,56041,23.0,"Animation ,Action ,Adventure",2.0,12.0,2015.0
224,Regular Show,7,16,TV Series,8.4,2599,8.5,56041,23.0,"Animation ,Action ,Adventure",2.0,12.0,2015.0
224,Regular Show,7,15,TV Series,8.6,2972,8.5,56041,23.0,"Animation ,Action ,Adventure",30.0,11.0,2015.0
224,Regular Show,7,14,TV Series,8.5,2854,8.5,56041,23.0,"Animation ,Action ,Adventure",13.0,11.0,2015.0
224,Regular Show,7,13,TV Series,7.9,2309,8.5,56041,23.0,"Animation ,Action ,Adventure",12.0,11.0,2015.0
224,Regular Show,7,12,TV Series,8.2,2434,8.5,56041,23.0,"Animation ,Action ,Adventure",11.0,11.0,2015.0
224,Regular Show,7,11,TV Series,8.4,2651,8.5,56041,23.0,"Animation ,Action ,Adventure",10.0,11.0,2015.0
224,Regular Show,7,10,TV Series,7.3,2366,8.5,56041,23.0,"Animation ,Action ,Adventure",9.0,11.0,2015.0
224,Regular Show,7,9,TV Series,8.8,3030,8.5,56041,23.0,"Animation ,Action ,Adventure",29.0,10.0,2015.0
224,Regular Show,7,8,TV Series,8.2,2431,8.5,56041,23.0,"Animation ,Action ,Adventure",17.0,9.0,2015.0
224,Regular Show,7,7,TV Series,7.7,2325,8.5,56041,23.0,"Animation ,Action ,Adventure",10.0,9.0,2015.0
224,Regular Show,8,2,TV Series,8.1,2428,8.5,56041,23.0,"Animation ,Action ,Adventure",26.0,9.0,2016.0
224,Regular Show,7,35,TV Series,8.3,2503,8.5,56041,23.0,"Animation ,Action ,Adventure",23.0,6.0,2016.0
224,Regular Show,7,34,TV Series,8.2,2415,8.5,56041,23.0,"Animation ,Action ,Adventure",16.0,6.0,2016.0
224,Regular Show,7,33,TV Series,8.3,2489,8.5,56041,23.0,"Animation ,Action ,Adventure",9.0,6.0,2016.0
224,Regular Show,7,32,TV Series,8.4,2610,8.5,56041,23.0,"Animation ,Action ,Adventure",2.0,6.0,2016.0
224,Regular Show,7,31,TV Series,8.6,2885,8.5,56041,23.0,"Animation ,Action ,Adventure",2.0,6.0,2016.0
224,Regular Show,8,26,TV Series,9.5,3303,8.5,56041,23.0,"Animation ,Action ,Adventure",16.0,1.0,2017.0
224,Regular Show,8,25,TV Series,9.6,3294,8.5,56041,23.0,"Animation ,Action ,Adventure",14.0,1.0,2017.0
224,Regular Show,8,24,TV Series,9.2,3100,8.5,56041,23.0,"Animation ,Action ,Adventure",14.0,1.0,2017.0
224,Regular Show,8,23,TV Series,8.5,2882,8.5,56041,23.0,"Animation ,Action ,Adventure",1.0,12.0,2016.0
224,Regular Show,8,22,TV Series,9.5,3238,8.5,56041,23.0,"Animation ,Action ,Adventure",17.0,11.0,2016.0
224,Regular Show,8,21,TV Series,8.5,2870,8.5,56041,23.0,"Animation ,Action ,Adventure",10.0,11.0,2016.0
224,Regular Show,8,20,TV Series,8.7,2913,8.5,56041,23.0,"Animation ,Action ,Adventure",3.0,11.0,2016.0
224,Regular Show,8,19,TV Series,8.5,2905,8.5,56041,23.0,"Animation ,Action ,Adventure",27.0,10.0,2016.0
224,Regular Show,7,30,TV Series,8.3,2420,8.5,56041,23.0,"Animation ,Action ,Adventure",26.0,5.0,2016.0
224,Regular Show,7,29,TV Series,8.1,2327,8.5,56041,23.0,"Animation ,Action ,Adventure",19.0,5.0,2016.0
224,Regular Show,7,28,TV Series,8.4,2551,8.5,56041,23.0,"Animation ,Action ,Adventure",12.0,5.0,2016.0
224,Regular Show,7,27,TV Series,8.9,3019,8.5,56041,23.0,"Animation ,Action ,Adventure",5.0,5.0,2016.0
224,Regular Show,7,26,TV Series,8.0,2283,8.5,56041,23.0,"Animation ,Action ,Adventure",23.0,4.0,2016.0
224,Regular Show,7,25,TV Series,8.2,2429,8.5,56041,23.0,"Animation ,Action ,Adventure",16.0,4.0,2016.0
224,Regular Show,7,24,TV Series,8.6,2966,8.5,56041,23.0,"Animation ,Action ,Adventure",9.0,4.0,2016.0
224,Regular Show,7,23,TV Series,9.4,3173,8.5,56041,23.0,"Animation ,Action ,Adventure",2.0,4.0,2016.0
224,Regular Show,8,18,TV Series,8.4,2639,8.5,56041,23.0,"Animation ,Action ,Adventure",20.0,10.0,2016.0
224,Regular Show,8,15,TV Series,9.4,3120,8.5,56041,23.0,"Animation ,Action ,Adventure",12.0,10.0,2016.0
224,Regular Show,8,14,TV Series,8.6,2907,8.5,56041,23.0,"Animation ,Action ,Adventure",11.0,10.0,2016.0
224,Regular Show,8,13,TV Series,9.2,3038,8.5,56041,23.0,"Animation ,Action ,Adventure",10.0,10.0,2016.0
224,Regular Show,8,12,TV Series,8.3,2602,8.5,56041,23.0,"Animation ,Action ,Adventure",7.0,10.0,2016.0
224,Regular Show,8,11,TV Series,8.2,2437,8.5,56041,23.0,"Animation ,Action ,Adventure",6.0,10.0,2016.0
224,Regular Show,8,10,TV Series,7.9,2300,8.5,56041,23.0,"Animation ,Action ,Adventure",5.0,10.0,2016.0
224,Regular Show,8,9,TV Series,8.2,2508,8.5,56041,23.0,"Animation ,Action ,Adventure",4.0,10.0,2016.0
224,Regular Show,8,8,TV Series,8.0,2378,8.5,56041,23.0,"Animation ,Action ,Adventure",3.0,10.0,2016.0
224,Regular Show,8,7,TV Series,8.9,3039,8.5,56041,23.0,"Animation ,Action ,Adventure",30.0,9.0,2016.0
224,Regular Show,8,6,TV Series,8.2,2454,8.5,56041,23.0,"Animation ,Action ,Adventure",29.0,9.0,2016.0
224,Regular Show,8,5,TV Series,7.7,2313,8.5,56041,23.0,"Animation ,Action ,Adventure",28.0,9.0,2016.0
224,Regular Show,8,4,TV Series,8.1,2402,8.5,56041,23.0,"Animation ,Action ,Adventure",27.0,9.0,2016.0
224,Regular Show,8,3,TV Series,8.7,2925,8.5,56041,23.0,"Animation ,Action ,Adventure",27.0,9.0,2016.0
224,Regular Show,8,27,TV Series,9.9,6316,8.5,56041,23.0,"Animation ,Action ,Adventure",16.0,1.0,2017.0
224,Regular Show,2,7,TV Series,9.1,3476,8.5,56041,23.0,"Animation ,Action ,Adventure",7.0,2.0,2011.0
224,Regular Show,2,6,TV Series,8.0,2829,8.5,56041,23.0,"Animation ,Action ,Adventure",31.0,1.0,2011.0
224,Regular Show,2,5,TV Series,8.4,3383,8.5,56041,23.0,"Animation ,Action ,Adventure",24.0,1.0,2011.0
224,Regular Show,2,4,TV Series,8.7,3437,8.5,56041,23.0,"Animation ,Action ,Adventure",17.0,1.0,2011.0
224,Regular Show,2,3,TV Series,8.4,3394,8.5,56041,23.0,"Animation ,Action ,Adventure",10.0,1.0,2011.0
224,Regular Show,2,2,TV Series,8.8,3452,8.5,56041,23.0,"Animation ,Action ,Adventure",3.0,1.0,2011.0
224,Regular Show,2,1,TV Series,9.1,3635,8.5,56041,23.0,"Animation ,Action ,Adventure",29.0,11.0,2010.0
224,Regular Show,1,12,TV Series,9.2,3829,8.5,56041,23.0,"Animation ,Action ,Adventure",22.0,11.0,2010.0
224,Regular Show,3,3,TV Series,8.9,3280,8.5,56041,23.0,"Animation ,Action ,Adventure",5.0,10.0,2011.0
224,Regular Show,3,34,TV Series,8.1,2541,8.5,56041,23.0,"Animation ,Action ,Adventure",6.0,8.0,2012.0
224,Regular Show,3,33,TV Series,7.9,2542,8.5,56041,23.0,"Animation ,Action ,Adventure",30.0,7.0,2012.0
224,Regular Show,2,28,TV Series,9.1,3353,8.5,56041,23.0,"Animation ,Action ,Adventure",1.0,8.0,2011.0
224,Regular Show,2,27,TV Series,8.7,3298,8.5,56041,23.0,"Animation ,Action ,Adventure",25.0,7.0,2011.0
224,Regular Show,2,26,TV Series,8.9,3273,8.5,56041,23.0,"Animation ,Action ,Adventure",18.0,7.0,2011.0
224,Regular Show,2,25,TV Series,8.8,3329,8.5,56041,23.0,"Animation ,Action ,Adventure",11.0,7.0,2011.0
224,Regular Show,2,24,TV Series,8.9,3347,8.5,56041,23.0,"Animation ,Action ,Adventure",13.0,6.0,2011.0
224,Regular Show,3,2,TV Series,8.4,3241,8.5,56041,23.0,"Animation ,Action ,Adventure",26.0,9.0,2011.0
224,Regular Show,3,1,TV Series,8.9,3297,8.5,56041,23.0,"Animation ,Action ,Adventure",19.0,9.0,2011.0
224,Regular Show,1,8,TV Series,7.5,2969,8.5,56041,23.0,"Animation ,Action ,Adventure",25.0,10.0,2010.0
224,Regular Show,1,7,TV Series,8.8,3603,8.5,56041,23.0,"Animation ,Action ,Adventure",18.0,10.0,2010.0
224,Regular Show,1,6,TV Series,8.3,3592,8.5,56041,23.0,"Animation ,Action ,Adventure",11.0,10.0,2010.0
224,Regular Show,1,5,TV Series,8.5,3607,8.5,56041,23.0,"Animation ,Action ,Adventure",4.0,10.0,2010.0
224,Regular Show,1,4,TV Series,8.9,3722,8.5,56041,23.0,"Animation ,Action ,Adventure",27.0,9.0,2010.0
224,Regular Show,1,3,TV Series,8.5,3690,8.5,56041,23.0,"Animation ,Action ,Adventure",20.0,9.0,2010.0
224,Regular Show,1,2,TV Series,8.7,3806,8.5,56041,23.0,"Animation ,Action ,Adventure",13.0,9.0,2010.0
224,Regular Show,1,1,TV Series,8.7,4054,8.5,56041,23.0,"Animation ,Action ,Adventure",6.0,9.0,2010.0
224,Regular Show,2,15,TV Series,8.6,3341,8.5,56041,23.0,"Animation ,Action ,Adventure",11.0,4.0,2011.0
224,Regular Show,1,11,TV Series,8.5,3531,8.5,56041,23.0,"Animation ,Action ,Adventure",15.0,11.0,2010.0
224,Regular Show,1,10,TV Series,8.7,3585,8.5,56041,23.0,"Animation ,Action ,Adventure",8.0,11.0,2010.0
224,Regular Show,1,9,TV Series,9.0,3644,8.5,56041,23.0,"Animation ,Action ,Adventure",1.0,11.0,2010.0
225,Doctor Who,1,2,TV Series,7.5,9093,8.6,244704,45.0,"Adventure ,Drama ,Sci-Fi",17.0,3.0,2006.0
225,Doctor Who,1,1,TV Series,7.5,10341,8.6,244704,45.0,"Adventure ,Drama ,Sci-Fi",17.0,3.0,2006.0
225,Doctor Who,1,4,TV Series,6.9,8226,8.6,244704,45.0,"Adventure ,Drama ,Sci-Fi",31.0,3.0,2006.0
225,Doctor Who,1,3,TV Series,7.4,8491,8.6,244704,45.0,"Adventure ,Drama ,Sci-Fi",24.0,3.0,2006.0
225,Doctor Who,3,9,TV Series,9.2,9885,8.6,244704,45.0,"Adventure ,Drama ,Sci-Fi",7.0,9.0,2007.0
225,Doctor Who,3,10,TV Series,9.8,23686,8.6,244704,45.0,"Adventure ,Drama ,Sci-Fi",14.0,9.0,2007.0
225,Doctor Who,2,7,TV Series,6.7,7570,8.6,244704,45.0,"Adventure ,Drama ,Sci-Fi",10.0,11.0,2006.0
225,Doctor Who,1,7,TV Series,7.0,7849,8.6,244704,45.0,"Adventure ,Drama ,Sci-Fi",21.0,4.0,2006.0
225,Doctor Who,2,3,TV Series,8.2,8424,8.6,244704,45.0,"Adventure ,Drama ,Sci-Fi",13.0,10.0,2006.0
225,Doctor Who,2,4,TV Series,9.2,12634,8.6,244704,45.0,"Adventure ,Drama ,Sci-Fi",20.0,10.0,2006.0
225,Doctor Who,2,8,TV Series,8.6,8470,8.6,244704,45.0,"Adventure ,Drama ,Sci-Fi",17.0,11.0,2006.0
225,Doctor Who,2,2,TV Series,7.7,7943,8.6,244704,45.0,"Adventure ,Drama ,Sci-Fi",6.0,10.0,2006.0
225,Doctor Who,2,5,TV Series,7.7,7483,8.6,244704,45.0,"Adventure ,Drama ,Sci-Fi",27.0,10.0,2006.0
225,Doctor Who,2,6,TV Series,7.8,7389,8.6,244704,45.0,"Adventure ,Drama ,Sci-Fi",3.0,11.0,2006.0
225,Doctor Who,4,12,TV Series,9.0,8360,8.6,244704,45.0,"Adventure ,Drama ,Sci-Fi",25.0,7.0,2008.0
225,Doctor Who,4,11,TV Series,8.9,8525,8.6,244704,45.0,"Adventure ,Drama ,Sci-Fi",18.0,7.0,2008.0
225,Doctor Who,6,0,TV Series,8.5,8400,8.6,244704,45.0,"Adventure ,Drama ,Sci-Fi",25.0,12.0,2010.0
225,Doctor Who,6,1,TV Series,8.8,8196,8.6,244704,45.0,"Adventure ,Drama ,Sci-Fi",23.0,4.0,2011.0
225,Doctor Who,2,9,TV Series,8.7,8674,8.6,244704,45.0,"Adventure ,Drama ,Sci-Fi",1.0,12.0,2006.0
225,Doctor Who,3,4,TV Series,7.0,7226,8.6,244704,45.0,"Adventure ,Drama ,Sci-Fi",27.0,7.0,2007.0
225,Doctor Who,3,5,TV Series,6.9,7211,8.6,244704,45.0,"Adventure ,Drama ,Sci-Fi",3.0,8.0,2007.0
225,Doctor Who,3,6,TV Series,6.5,7218,8.6,244704,45.0,"Adventure ,Drama ,Sci-Fi",10.0,8.0,2007.0
225,Doctor Who,3,7,TV Series,7.2,7042,8.6,244704,45.0,"Adventure ,Drama ,Sci-Fi",17.0,8.0,2007.0
225,Doctor Who,3,8,TV Series,8.9,9008,8.6,244704,45.0,"Adventure ,Drama ,Sci-Fi",24.0,8.0,2007.0
225,Doctor Who,1,9,TV Series,9.0,10267,8.6,244704,45.0,"Adventure ,Drama ,Sci-Fi",5.0,5.0,2006.0
225,Doctor Who,1,10,TV Series,9.0,9512,8.6,244704,45.0,"Adventure ,Drama ,Sci-Fi",12.0,5.0,2006.0
225,Doctor Who,3,11,TV Series,8.7,8056,8.6,244704,45.0,"Adventure ,Drama ,Sci-Fi",21.0,9.0,2007.0
225,Doctor Who,1,8,TV Series,8.3,8608,8.6,244704,45.0,"Adventure ,Drama ,Sci-Fi",28.0,4.0,2006.0
225,Doctor Who,1,11,TV Series,7.1,7502,8.6,244704,45.0,"Adventure ,Drama ,Sci-Fi",19.0,5.0,2006.0
225,Doctor Who,1,12,TV Series,8.6,8437,8.6,244704,45.0,"Adventure ,Drama ,Sci-Fi",2.0,6.0,2006.0
225,Doctor Who,2,0,TV Series,8.0,8442,8.6,244704,45.0,"Adventure ,Drama ,Sci-Fi",29.0,9.0,2006.0
225,Doctor Who,1,13,TV Series,9.0,9037,8.6,244704,45.0,"Adventure ,Drama ,Sci-Fi",9.0,6.0,2006.0
225,Doctor Who,3,1,TV Series,7.9,7692,8.6,244704,45.0,"Adventure ,Drama ,Sci-Fi",6.0,7.0,2007.0
225,Doctor Who,3,2,TV Series,7.6,7681,8.6,244704,45.0,"Adventure ,Drama ,Sci-Fi",13.0,7.0,2007.0
225,Doctor Who,2,1,TV Series,7.4,7885,8.6,244704,45.0,"Adventure ,Drama ,Sci-Fi",29.0,9.0,2006.0
225,Doctor Who,4,6,TV Series,7.5,7421,8.6,244704,45.0,"Adventure ,Drama ,Sci-Fi",6.0,6.0,2008.0
225,Doctor Who,4,7,TV Series,7.7,7308,8.6,244704,45.0,"Adventure ,Drama ,Sci-Fi",13.0,6.0,2008.0
225,Doctor Who,4,8,TV Series,9.3,10701,8.6,244704,45.0,"Adventure ,Drama ,Sci-Fi",20.0,6.0,2008.0
225,Doctor Who,4,9,TV Series,9.4,11014,8.6,244704,45.0,"Adventure ,Drama ,Sci-Fi",27.0,6.0,2008.0
225,Doctor Who,4,10,TV Series,9.0,9985,8.6,244704,45.0,"Adventure ,Drama ,Sci-Fi",11.0,7.0,2008.0
225,Doctor Who,7,2,TV Series,7.2,6802,8.6,244704,45.0,"Adventure ,Drama ,Sci-Fi",8.0,9.0,2012.0
225,Doctor Who,7,3,TV Series,7.2,6538,8.6,244704,45.0,"Adventure ,Drama ,Sci-Fi",15.0,9.0,2012.0
225,Doctor Who,4,13,TV Series,9.2,9521,8.6,244704,45.0,"Adventure ,Drama ,Sci-Fi",1.0,8.0,2008.0
225,Doctor Who,2,10,TV Series,6.2,8776,8.6,244704,45.0,"Adventure ,Drama ,Sci-Fi",8.0,12.0,2006.0
225,Doctor Who,2,11,TV Series,5.8,7831,8.6,244704,45.0,"Adventure ,Drama ,Sci-Fi",15.0,12.0,2006.0
225,Doctor Who,2,12,TV Series,8.4,7709,8.6,244704,45.0,"Adventure ,Drama ,Sci-Fi",22.0,12.0,2006.0
225,Doctor Who,2,13,TV Series,9.2,10266,8.6,244704,45.0,"Adventure ,Drama ,Sci-Fi",22.0,12.0,2006.0
225,Doctor Who,3,0,TV Series,7.6,7952,8.6,244704,45.0,"Adventure ,Drama ,Sci-Fi",6.0,7.0,2007.0
225,Doctor Who,8,3,TV Series,6.9,7108,8.6,244704,45.0,"Adventure ,Drama ,Sci-Fi",6.0,9.0,2014.0
225,Doctor Who,8,4,TV Series,8.8,8821,8.6,244704,45.0,"Adventure ,Drama ,Sci-Fi",13.0,9.0,2014.0
225,Doctor Who,3,3,TV Series,8.0,7896,8.6,244704,45.0,"Adventure ,Drama ,Sci-Fi",20.0,7.0,2007.0
225,Doctor Who,5,9,TV Series,7.3,6484,8.6,244704,45.0,"Adventure ,Drama ,Sci-Fi",19.0,6.0,2010.0
225,Doctor Who,5,10,TV Series,9.3,12578,8.6,244704,45.0,"Adventure ,Drama ,Sci-Fi",26.0,6.0,2010.0
225,Doctor Who,5,11,TV Series,8.0,7250,8.6,244704,45.0,"Adventure ,Drama ,Sci-Fi",10.0,7.0,2010.0
225,Doctor Who,5,12,TV Series,9.0,8137,8.6,244704,45.0,"Adventure ,Drama ,Sci-Fi",17.0,7.0,2010.0
225,Doctor Who,5,13,TV Series,9.1,8358,8.6,244704,45.0,"Adventure ,Drama ,Sci-Fi",24.0,7.0,2010.0
225,Doctor Who,3,13,TV Series,8.3,8337,8.6,244704,45.0,"Adventure ,Drama ,Sci-Fi",5.0,10.0,2007.0
225,Doctor Who,4,0,TV Series,7.6,7895,8.6,244704,45.0,"Adventure ,Drama ,Sci-Fi",18.0,4.0,2008.0
225,Doctor Who,6,2,TV Series,8.8,7608,8.6,244704,45.0,"Adventure ,Drama ,Sci-Fi",30.0,4.0,2011.0
225,Doctor Who,3,12,TV Series,8.7,8093,8.6,244704,45.0,"Adventure ,Drama ,Sci-Fi",28.0,9.0,2007.0
225,Doctor Who,4,1,TV Series,7.7,7598,8.6,244704,45.0,"Adventure ,Drama ,Sci-Fi",25.0,4.0,2008.0
225,Doctor Who,4,2,TV Series,8.0,7775,8.6,244704,45.0,"Adventure ,Drama ,Sci-Fi",2.0,5.0,2008.0
225,Doctor Who,4,4,TV Series,7.4,6745,8.6,244704,45.0,"Adventure ,Drama ,Sci-Fi",16.0,5.0,2008.0
225,Doctor Who,4,3,TV Series,8.0,7427,8.6,244704,45.0,"Adventure ,Drama ,Sci-Fi",9.0,5.0,2008.0
225,Doctor Who,6,8,TV Series,7.9,6886,8.6,244704,45.0,"Adventure ,Drama ,Sci-Fi",27.0,8.0,2011.0
225,Doctor Who,6,9,TV Series,7.0,5942,8.6,244704,45.0,"Adventure ,Drama ,Sci-Fi",3.0,9.0,2011.0
225,Doctor Who,4,5,TV Series,7.5,6679,8.6,244704,45.0,"Adventure ,Drama ,Sci-Fi",30.0,5.0,2008.0
225,Doctor Who,6,11,TV Series,8.0,6442,8.6,244704,45.0,"Adventure ,Drama ,Sci-Fi",17.0,9.0,2011.0
225,Doctor Who,6,12,TV Series,7.5,6029,8.6,244704,45.0,"Adventure ,Drama ,Sci-Fi",24.0,9.0,2011.0
225,Doctor Who,6,13,TV Series,8.4,7213,8.6,244704,45.0,"Adventure ,Drama ,Sci-Fi",1.0,10.0,2011.0
225,Doctor Who,7,0,TV Series,7.1,6360,8.6,244704,45.0,"Adventure ,Drama ,Sci-Fi",25.0,12.0,2011.0
225,Doctor Who,7,1,TV Series,8.5,8142,8.6,244704,45.0,"Adventure ,Drama ,Sci-Fi",1.0,9.0,2012.0
225,Doctor Who,9,6,TV Series,7.3,5442,8.6,244704,45.0,"Adventure ,Drama ,Sci-Fi",24.0,10.0,2015.0
225,Doctor Who,9,7,TV Series,7.7,5334,8.6,244704,45.0,"Adventure ,Drama ,Sci-Fi",31.0,10.0,2015.0
225,Doctor Who,7,4,TV Series,7.4,6379,8.6,244704,45.0,"Adventure ,Drama ,Sci-Fi",22.0,9.0,2012.0
225,Doctor Who,5,1,TV Series,8.7,9482,8.6,244704,45.0,"Adventure ,Drama ,Sci-Fi",17.0,4.0,2010.0
225,Doctor Who,5,2,TV Series,7.5,7418,8.6,244704,45.0,"Adventure ,Drama ,Sci-Fi",24.0,4.0,2010.0
225,Doctor Who,5,3,TV Series,6.6,7172,8.6,244704,45.0,"Adventure ,Drama ,Sci-Fi",1.0,5.0,2010.0
225,Doctor Who,5,4,TV Series,8.6,8046,8.6,244704,45.0,"Adventure ,Drama ,Sci-Fi",8.0,5.0,2010.0
225,Doctor Who,5,5,TV Series,8.5,7453,8.6,244704,45.0,"Adventure ,Drama ,Sci-Fi",15.0,5.0,2010.0
225,Doctor Who,5,6,TV Series,7.0,6911,8.6,244704,45.0,"Adventure ,Drama ,Sci-Fi",22.0,5.0,2010.0
225,Doctor Who,5,7,TV Series,8.1,7309,8.6,244704,45.0,"Adventure ,Drama ,Sci-Fi",5.0,6.0,2010.0
225,Doctor Who,5,8,TV Series,7.2,6494,8.6,244704,45.0,"Adventure ,Drama ,Sci-Fi",12.0,6.0,2010.0
225,Doctor Who,7,13,TV Series,7.2,5817,8.6,244704,45.0,"Adventure ,Drama ,Sci-Fi",11.0,5.0,2013.0
225,Doctor Who,7,14,TV Series,9.0,8559,8.6,244704,45.0,"Adventure ,Drama ,Sci-Fi",18.0,5.0,2013.0
225,Doctor Who,8,0,TV Series,8.4,7806,8.6,244704,45.0,"Adventure ,Drama ,Sci-Fi",25.0,12.0,2013.0
225,Doctor Who,8,1,TV Series,7.8,8666,8.6,244704,45.0,"Adventure ,Drama ,Sci-Fi",23.0,8.0,2014.0
225,Doctor Who,8,2,TV Series,7.5,6968,8.6,244704,45.0,"Adventure ,Drama ,Sci-Fi",30.0,8.0,2014.0
225,Doctor Who,10,9,TV Series,7.0,4265,8.6,244704,45.0,"Adventure ,Drama ,Sci-Fi",10.0,6.0,2017.0
225,Doctor Who,10,10,TV Series,6.8,4262,8.6,244704,45.0,"Adventure ,Drama ,Sci-Fi",17.0,6.0,2017.0
225,Doctor Who,8,5,TV Series,7.8,6630,8.6,244704,45.0,"Adventure ,Drama ,Sci-Fi",20.0,9.0,2014.0
225,Doctor Who,6,3,TV Series,6.6,6699,8.6,244704,45.0,"Adventure ,Drama ,Sci-Fi",7.0,5.0,2011.0
225,Doctor Who,6,4,TV Series,8.9,8803,8.6,244704,45.0,"Adventure ,Drama ,Sci-Fi",14.0,5.0,2011.0
225,Doctor Who,6,5,TV Series,7.1,6083,8.6,244704,45.0,"Adventure ,Drama ,Sci-Fi",21.0,5.0,2011.0
225,Doctor Who,6,6,TV Series,7.3,6024,8.6,244704,45.0,"Adventure ,Drama ,Sci-Fi",28.0,5.0,2011.0
225,Doctor Who,6,7,TV Series,9.0,8508,8.6,244704,45.0,"Adventure ,Drama ,Sci-Fi",4.0,6.0,2011.0
225,Doctor Who,7,10,TV Series,7.6,5987,8.6,244704,45.0,"Adventure ,Drama ,Sci-Fi",20.0,4.0,2013.0
225,Doctor Who,7,11,TV Series,7.4,6033,8.6,244704,45.0,"Adventure ,Drama ,Sci-Fi",27.0,4.0,2013.0
225,Doctor Who,6,10,TV Series,8.4,6921,8.6,244704,45.0,"Adventure ,Drama ,Sci-Fi",10.0,9.0,2011.0
225,Doctor Who,9,1,TV Series,8.4,6765,8.6,244704,45.0,"Adventure ,Drama ,Sci-Fi",19.0,9.0,2015.0
225,Doctor Who,9,2,TV Series,8.4,6113,8.6,244704,45.0,"Adventure ,Drama ,Sci-Fi",26.0,9.0,2015.0
225,Doctor Who,9,3,TV Series,8.1,5868,8.6,244704,45.0,"Adventure ,Drama ,Sci-Fi",3.0,10.0,2015.0
225,Doctor Who,9,4,TV Series,8.0,5557,8.6,244704,45.0,"Adventure ,Drama ,Sci-Fi",10.0,10.0,2015.0
225,Doctor Who,9,5,TV Series,7.4,5589,8.6,244704,45.0,"Adventure ,Drama ,Sci-Fi",17.0,10.0,2015.0
225,Doctor Who,12,2,TV Series,6.5,5935,8.6,244704,45.0,"Adventure ,Drama ,Sci-Fi",5.0,1.0,2020.0
225,Doctor Who,12,3,TV Series,4.2,6692,8.6,244704,45.0,"Adventure ,Drama ,Sci-Fi",12.0,1.0,2020.0
225,Doctor Who,9,8,TV Series,8.4,5776,8.6,244704,45.0,"Adventure ,Drama ,Sci-Fi",7.0,11.0,2015.0
225,Doctor Who,7,5,TV Series,8.9,8984,8.6,244704,45.0,"Adventure ,Drama ,Sci-Fi",29.0,9.0,2012.0
225,Doctor Who,7,6,TV Series,8.3,7462,8.6,244704,45.0,"Adventure ,Drama ,Sci-Fi",25.0,12.0,2012.0
225,Doctor Who,7,7,TV Series,7.8,6491,8.6,244704,45.0,"Adventure ,Drama ,Sci-Fi",30.0,3.0,2013.0
225,Doctor Who,7,8,TV Series,7.3,6971,8.6,244704,45.0,"Adventure ,Drama ,Sci-Fi",6.0,4.0,2013.0
225,Doctor Who,7,9,TV Series,7.1,6037,8.6,244704,45.0,"Adventure ,Drama ,Sci-Fi",13.0,4.0,2013.0
225,Doctor Who,Unknown,Unknown,TV Series,7.4,5572,8.6,244704,45.0,"Adventure ,Drama ,Sci-Fi",26.0,7.0,2009.0
225,Doctor Who,Unknown,Unknown,TV Series,8.8,7167,8.6,244704,45.0,"Adventure ,Drama ,Sci-Fi",19.0,12.0,2009.0
225,Doctor Who,7,12,TV Series,7.2,5788,8.6,244704,45.0,"Adventure ,Drama ,Sci-Fi",4.0,5.0,2013.0
225,Doctor Who,10,4,TV Series,7.3,4784,8.6,244704,45.0,"Adventure ,Drama ,Sci-Fi",6.0,5.0,2017.0
225,Doctor Who,10,5,TV Series,7.9,4922,8.6,244704,45.0,"Adventure ,Drama ,Sci-Fi",13.0,5.0,2017.0
225,Doctor Who,10,6,TV Series,8.3,5063,8.6,244704,45.0,"Adventure ,Drama ,Sci-Fi",20.0,5.0,2017.0
225,Doctor Who,10,7,TV Series,7.6,4467,8.6,244704,45.0,"Adventure ,Drama ,Sci-Fi",27.0,5.0,2017.0
225,Doctor Who,10,8,TV Series,7.1,4339,8.6,244704,45.0,"Adventure ,Drama ,Sci-Fi",3.0,6.0,2017.0
225,Doctor Who,8,7,TV Series,6.6,6659,8.6,244704,45.0,"Adventure ,Drama ,Sci-Fi",4.0,10.0,2014.0
225,Doctor Who,8,8,TV Series,8.4,6627,8.6,244704,45.0,"Adventure ,Drama ,Sci-Fi",11.0,10.0,2014.0
225,Doctor Who,10,11,TV Series,9.1,5932,8.6,244704,45.0,"Adventure ,Drama ,Sci-Fi",24.0,6.0,2017.0
225,Doctor Who,8,6,TV Series,7.2,5870,8.6,244704,45.0,"Adventure ,Drama ,Sci-Fi",27.0,9.0,2014.0
225,Doctor Who,8,9,TV Series,8.3,6261,8.6,244704,45.0,"Adventure ,Drama ,Sci-Fi",18.0,10.0,2014.0
225,Doctor Who,8,10,TV Series,6.1,6079,8.6,244704,45.0,"Adventure ,Drama ,Sci-Fi",25.0,10.0,2014.0
225,Doctor Who,8,12,TV Series,7.8,6310,8.6,244704,45.0,"Adventure ,Drama ,Sci-Fi",8.0,11.0,2014.0
225,Doctor Who,8,11,TV Series,8.5,6571,8.6,244704,45.0,"Adventure ,Drama ,Sci-Fi",1.0,11.0,2014.0
225,Doctor Who,Unknown,Unknown,TV Series,9.3,19693,8.6,244704,45.0,"Adventure ,Drama ,Sci-Fi",23.0,11.0,2013.0
225,Doctor Who,Unknown,Unknown,TV Series,8.5,6349,8.6,244704,45.0,"Adventure ,Drama ,Sci-Fi",25.0,12.0,2015.0
225,Doctor Who,9,0,TV Series,8.1,6282,8.6,244704,45.0,"Adventure ,Drama ,Sci-Fi",25.0,12.0,2014.0
225,Doctor Who,11,7,TV Series,6.3,6969,8.6,244704,45.0,"Adventure ,Drama ,Sci-Fi",18.0,11.0,2018.0
225,Doctor Who,11,8,TV Series,5.8,6575,8.6,244704,45.0,"Adventure ,Drama ,Sci-Fi",25.0,11.0,2018.0
225,Doctor Who,11,9,TV Series,6.3,6343,8.6,244704,45.0,"Adventure ,Drama ,Sci-Fi",2.0,12.0,2018.0
225,Doctor Who,11,10,TV Series,5.3,5828,8.6,244704,45.0,"Adventure ,Drama ,Sci-Fi",9.0,12.0,2018.0
225,Doctor Who,12,1,TV Series,6.7,6597,8.6,244704,45.0,"Adventure ,Drama ,Sci-Fi",1.0,1.0,2020.0
225,Doctor Who,9,9,TV Series,5.8,5760,8.6,244704,45.0,"Adventure ,Drama ,Sci-Fi",14.0,11.0,2015.0
225,Doctor Who,12,4,TV Series,6.5,5428,8.6,244704,45.0,"Adventure ,Drama ,Sci-Fi",19.0,1.0,2020.0
225,Doctor Who,9,11,TV Series,9.6,12710,8.6,244704,45.0,"Adventure ,Drama ,Sci-Fi",28.0,11.0,2015.0
225,Doctor Who,9,10,TV Series,8.5,6346,8.6,244704,45.0,"Adventure ,Drama ,Sci-Fi",21.0,11.0,2015.0
225,Doctor Who,9,12,TV Series,8.6,7133,8.6,244704,45.0,"Adventure ,Drama ,Sci-Fi",5.0,12.0,2015.0
225,Doctor Who,10,0,TV Series,7.3,5817,8.6,244704,45.0,"Adventure ,Drama ,Sci-Fi",25.0,12.0,2016.0
225,Doctor Who,10,2,TV Series,7.2,5016,8.6,244704,45.0,"Adventure ,Drama ,Sci-Fi",22.0,4.0,2017.0
225,Doctor Who,10,1,TV Series,7.8,5784,8.6,244704,45.0,"Adventure ,Drama ,Sci-Fi",15.0,4.0,2017.0
225,Doctor Who,10,12,TV Series,9.0,5949,8.6,244704,45.0,"Adventure ,Drama ,Sci-Fi",1.0,7.0,2017.0
225,Doctor Who,Unknown,Unknown,TV Series,8.2,6403,8.6,244704,45.0,"Adventure ,Drama ,Sci-Fi",26.0,12.0,2009.0
225,Doctor Who,10,3,TV Series,7.2,4822,8.6,244704,45.0,"Adventure ,Drama ,Sci-Fi",29.0,4.0,2017.0
225,Doctor Who,13,3,TV Series,6.0,3432,8.6,244704,45.0,"Adventure ,Drama ,Sci-Fi",14.0,11.0,2021.0
225,Doctor Who,13,4,TV Series,7.7,3776,8.6,244704,45.0,"Adventure ,Drama ,Sci-Fi",21.0,11.0,2021.0
225,Doctor Who,13,5,TV Series,6.2,3126,8.6,244704,45.0,"Adventure ,Drama ,Sci-Fi",28.0,11.0,2021.0
225,Doctor Who,13,6,TV Series,5.4,3226,8.6,244704,45.0,"Adventure ,Drama ,Sci-Fi",5.0,12.0,2021.0
225,Doctor Who,Unknown,Unknown,TV Series,7.4,5572,8.6,244704,45.0,"Adventure ,Drama ,Sci-Fi",27.0,6.0,2009.0
225,Doctor Who,11,2,TV Series,6.1,8890,8.6,244704,45.0,"Adventure ,Drama ,Sci-Fi",14.0,10.0,2018.0
225,Doctor Who,11,3,TV Series,7.1,10449,8.6,244704,45.0,"Adventure ,Drama ,Sci-Fi",21.0,10.0,2018.0
225,Doctor Who,11,1,TV Series,7.0,11337,8.6,244704,45.0,"Adventure ,Drama ,Sci-Fi",7.0,10.0,2018.0
225,Doctor Who,11,0,TV Series,8.3,7697,8.6,244704,45.0,"Adventure ,Drama ,Sci-Fi",25.0,12.0,2017.0
225,Doctor Who,Unknown,Unknown,TV Series,7.0,9548,8.6,244704,45.0,"Adventure ,Drama ,Sci-Fi",25.0,11.0,2023.0
225,Doctor Who,11,6,TV Series,6.6,7820,8.6,244704,45.0,"Adventure ,Drama ,Sci-Fi",11.0,11.0,2018.0
225,Doctor Who,11,5,TV Series,5.1,7692,8.6,244704,45.0,"Adventure ,Drama ,Sci-Fi",4.0,11.0,2018.0
225,Doctor Who,11,4,TV Series,5.1,8242,8.6,244704,45.0,"Adventure ,Drama ,Sci-Fi",28.0,10.0,2018.0
225,Doctor Who,1,6,TV Series,8.6,9058,8.6,244704,45.0,"Adventure ,Drama ,Sci-Fi",14.0,4.0,2006.0
225,Doctor Who,Unknown,Unknown,TV Series,7.6,4111,8.6,244704,45.0,"Adventure ,Drama ,Sci-Fi",23.0,10.0,2022.0
225,Doctor Who,Unknown,Unknown,TV Series,6.0,5767,8.6,244704,45.0,"Adventure ,Drama ,Sci-Fi",1.0,1.0,2019.0
225,Doctor Who,Unknown,Unknown,TV Series,8.9,7182,8.6,244704,45.0,"Adventure ,Drama ,Sci-Fi",2.0,1.0,2010.0
225,Doctor Who,Unknown,Unknown,TV Series,8.2,5824,8.6,244704,45.0,"Adventure ,Drama ,Sci-Fi",2.0,12.0,2023.0
225,Doctor Who,Unknown,Unknown,TV Series,8.3,4938,8.6,244704,45.0,"Adventure ,Drama ,Sci-Fi",9.0,12.0,2023.0
225,Doctor Who,Unknown,Unknown,TV Series,7.1,5121,8.6,244704,45.0,"Adventure ,Drama ,Sci-Fi",25.0,12.0,2023.0
225,Doctor Who,12,5,TV Series,7.6,5983,8.6,244704,45.0,"Adventure ,Drama ,Sci-Fi",26.0,1.0,2020.0
225,Doctor Who,12,9,TV Series,6.6,4458,8.6,244704,45.0,"Adventure ,Drama ,Sci-Fi",23.0,2.0,2020.0
225,Doctor Who,12,8,TV Series,7.2,4831,8.6,244704,45.0,"Adventure ,Drama ,Sci-Fi",16.0,2.0,2020.0
225,Doctor Who,12,7,TV Series,5.7,4537,8.6,244704,45.0,"Adventure ,Drama ,Sci-Fi",9.0,2.0,2020.0
225,Doctor Who,12,6,TV Series,5.2,4989,8.6,244704,45.0,"Adventure ,Drama ,Sci-Fi",2.0,2.0,2020.0
225,Doctor Who,Unknown,Unknown,TV Series,6.0,4136,8.6,244704,45.0,"Adventure ,Drama ,Sci-Fi",1.0,1.0,2021.0
225,Doctor Who,13,2,TV Series,7.1,3727,8.6,244704,45.0,"Adventure ,Drama ,Sci-Fi",7.0,11.0,2021.0
225,Doctor Who,13,1,TV Series,6.7,4625,8.6,244704,45.0,"Adventure ,Drama ,Sci-Fi",31.0,10.0,2021.0
225,Doctor Who,12,10,TV Series,5.1,6269,8.6,244704,45.0,"Adventure ,Drama ,Sci-Fi",1.0,3.0,2020.0
225,Doctor Who,Unknown,Unknown,TV Series,6.7,3333,8.6,244704,45.0,"Adventure ,Drama ,Sci-Fi",1.0,1.0,2022.0
225,Doctor Who,1,5,TV Series,7.0,7966,8.6,244704,45.0,"Adventure ,Drama ,Sci-Fi",7.0,4.0,2006.0
225,Doctor Who,Unknown,Unknown,TV Series,4.6,3145,8.6,244704,45.0,"Adventure ,Drama ,Sci-Fi",17.0,4.0,2022.0
226,Extraordinary Attorney Woo,1,12,TV Series,8.1,457,8.6,25314,75.0,Drama,4.0,8.0,2022.0
226,Extraordinary Attorney Woo,1,11,TV Series,8.5,482,8.6,25314,75.0,Drama,3.0,8.0,2022.0
226,Extraordinary Attorney Woo,1,15,TV Series,8.4,416,8.6,25314,75.0,Drama,17.0,8.0,2022.0
226,Extraordinary Attorney Woo,1,2,TV Series,8.1,757,8.6,25314,75.0,Drama,30.0,6.0,2022.0
226,Extraordinary Attorney Woo,1,14,TV Series,8.3,425,8.6,25314,75.0,Drama,11.0,8.0,2022.0
226,Extraordinary Attorney Woo,1,9,TV Series,8.4,571,8.6,25314,75.0,Drama,27.0,7.0,2022.0
226,Extraordinary Attorney Woo,1,6,TV Series,8.3,598,8.6,25314,75.0,Drama,14.0,7.0,2022.0
226,Extraordinary Attorney Woo,1,7,TV Series,8.3,553,8.6,25314,75.0,Drama,20.0,7.0,2022.0
226,Extraordinary Attorney Woo,1,3,TV Series,8.6,735,8.6,25314,75.0,Drama,6.0,7.0,2022.0
226,Extraordinary Attorney Woo,1,13,TV Series,8.2,428,8.6,25314,75.0,Drama,10.0,8.0,2022.0
226,Extraordinary Attorney Woo,1,16,TV Series,9.0,548,8.6,25314,75.0,Drama,18.0,8.0,2022.0
226,Extraordinary Attorney Woo,1,4,TV Series,8.6,652,8.6,25314,75.0,Drama,7.0,7.0,2022.0
226,Extraordinary Attorney Woo,1,1,TV Series,8.5,990,8.6,25314,75.0,Drama,29.0,6.0,2022.0
226,Extraordinary Attorney Woo,1,8,TV Series,9.0,721,8.6,25314,75.0,Drama,21.0,7.0,2022.0
226,Extraordinary Attorney Woo,1,5,TV Series,8.0,594,8.6,25314,75.0,Drama,13.0,7.0,2022.0
226,Extraordinary Attorney Woo,1,10,TV Series,8.5,555,8.6,25314,75.0,Drama,28.0,7.0,2022.0
227,Fullmetal Alchemist,1,39,TV Series,7.9,424,8.5,76796,24.0,"Animation ,Action ,Adventure",10.0,12.0,2005.0
227,Fullmetal Alchemist,1,40,TV Series,8.6,446,8.5,76796,24.0,"Animation ,Action ,Adventure",17.0,12.0,2005.0
227,Fullmetal Alchemist,1,19,TV Series,7.9,475,8.5,76796,24.0,"Animation ,Action ,Adventure",14.0,2.0,2004.0
227,Fullmetal Alchemist,1,2,TV Series,7.7,724,8.5,76796,24.0,"Animation ,Action ,Adventure",11.0,10.0,2003.0
227,Fullmetal Alchemist,1,3,TV Series,8.2,720,8.5,76796,24.0,"Animation ,Action ,Adventure",18.0,10.0,2003.0
227,Fullmetal Alchemist,1,35,TV Series,7.7,437,8.5,76796,24.0,"Animation ,Action ,Adventure",12.0,6.0,2004.0
227,Fullmetal Alchemist,1,34,TV Series,8.4,467,8.5,76796,24.0,"Animation ,Action ,Adventure",5.0,11.0,2005.0
227,Fullmetal Alchemist,1,4,TV Series,7.0,661,8.5,76796,24.0,"Animation ,Action ,Adventure",25.0,10.0,2003.0
227,Fullmetal Alchemist,1,1,TV Series,7.7,799,8.5,76796,24.0,"Animation ,Action ,Adventure",4.0,10.0,2003.0
227,Fullmetal Alchemist,1,18,TV Series,7.6,480,8.5,76796,24.0,"Animation ,Action ,Adventure",7.0,2.0,2004.0
227,Fullmetal Alchemist,1,16,TV Series,7.5,492,8.5,76796,24.0,"Animation ,Action ,Adventure",24.0,1.0,2004.0
227,Fullmetal Alchemist,1,13,TV Series,7.9,533,8.5,76796,24.0,"Animation ,Action ,Adventure",27.0,12.0,2003.0
227,Fullmetal Alchemist,1,17,TV Series,7.9,501,8.5,76796,24.0,"Animation ,Action ,Adventure",5.0,3.0,2005.0
227,Fullmetal Alchemist,1,21,TV Series,8.4,501,8.5,76796,24.0,"Animation ,Action ,Adventure",28.0,2.0,2004.0
227,Fullmetal Alchemist,1,50,TV Series,8.7,489,8.5,76796,24.0,"Animation ,Action ,Adventure",11.0,3.0,2006.0
227,Fullmetal Alchemist,1,20,TV Series,8.2,490,8.5,76796,24.0,"Animation ,Action ,Adventure",21.0,2.0,2004.0
227,Fullmetal Alchemist,1,31,TV Series,8.1,450,8.5,76796,24.0,"Animation ,Action ,Adventure",15.0,10.0,2005.0
227,Fullmetal Alchemist,1,48,TV Series,8.0,436,8.5,76796,24.0,"Animation ,Action ,Adventure",25.0,2.0,2006.0
227,Fullmetal Alchemist,1,49,TV Series,8.2,439,8.5,76796,24.0,"Animation ,Action ,Adventure",4.0,3.0,2006.0
227,Fullmetal Alchemist,1,32,TV Series,7.6,442,8.5,76796,24.0,"Animation ,Action ,Adventure",22.0,10.0,2005.0
227,Fullmetal Alchemist,1,33,TV Series,7.7,437,8.5,76796,24.0,"Animation ,Action ,Adventure",29.0,10.0,2005.0
227,Fullmetal Alchemist,1,37,TV Series,7.7,464,8.5,76796,24.0,"Animation ,Action ,Adventure",26.0,11.0,2005.0
227,Fullmetal Alchemist,1,38,TV Series,7.4,426,8.5,76796,24.0,"Animation ,Action ,Adventure",3.0,12.0,2005.0
227,Fullmetal Alchemist,1,36,TV Series,7.5,432,8.5,76796,24.0,"Animation ,Action ,Adventure",19.0,11.0,2005.0
227,Fullmetal Alchemist,1,5,TV Series,7.7,622,8.5,76796,24.0,"Animation ,Action ,Adventure",1.0,11.0,2003.0
227,Fullmetal Alchemist,1,6,TV Series,7.8,612,8.5,76796,24.0,"Animation ,Action ,Adventure",8.0,11.0,2003.0
227,Fullmetal Alchemist,1,7,TV Series,9.0,882,8.5,76796,24.0,"Animation ,Action ,Adventure",15.0,11.0,2003.0
227,Fullmetal Alchemist,1,15,TV Series,8.3,524,8.5,76796,24.0,"Animation ,Action ,Adventure",17.0,1.0,2004.0
227,Fullmetal Alchemist,1,14,TV Series,7.8,508,8.5,76796,24.0,"Animation ,Action ,Adventure",10.0,1.0,2004.0
227,Fullmetal Alchemist,1,9,TV Series,7.8,561,8.5,76796,24.0,"Animation ,Action ,Adventure",29.0,11.0,2003.0
227,Fullmetal Alchemist,1,8,TV Series,8.1,581,8.5,76796,24.0,"Animation ,Action ,Adventure",22.0,11.0,2003.0
227,Fullmetal Alchemist,1,10,TV Series,7.4,558,8.5,76796,24.0,"Animation ,Action ,Adventure",6.0,12.0,2003.0
227,Fullmetal Alchemist,1,11,TV Series,7.4,524,8.5,76796,24.0,"Animation ,Action ,Adventure",13.0,12.0,2003.0
227,Fullmetal Alchemist,1,42,TV Series,8.7,453,8.5,76796,24.0,"Animation ,Action ,Adventure",14.0,1.0,2006.0
227,Fullmetal Alchemist,1,43,TV Series,8.1,429,8.5,76796,24.0,"Animation ,Action ,Adventure",21.0,1.0,2006.0
227,Fullmetal Alchemist,1,12,TV Series,7.5,520,8.5,76796,24.0,"Animation ,Action ,Adventure",20.0,12.0,2003.0
227,Fullmetal Alchemist,1,41,TV Series,8.5,444,8.5,76796,24.0,"Animation ,Action ,Adventure",7.0,1.0,2006.0
227,Fullmetal Alchemist,1,46,TV Series,8.0,426,8.5,76796,24.0,"Animation ,Action ,Adventure",11.0,2.0,2006.0
227,Fullmetal Alchemist,1,47,TV Series,8.4,438,8.5,76796,24.0,"Animation ,Action ,Adventure",18.0,2.0,2006.0
227,Fullmetal Alchemist,1,22,TV Series,8.5,507,8.5,76796,24.0,"Animation ,Action ,Adventure",6.0,3.0,2004.0
227,Fullmetal Alchemist,1,23,TV Series,7.7,479,8.5,76796,24.0,"Animation ,Action ,Adventure",16.0,4.0,2005.0
227,Fullmetal Alchemist,1,24,TV Series,7.7,468,8.5,76796,24.0,"Animation ,Action ,Adventure",23.0,4.0,2005.0
227,Fullmetal Alchemist,1,25,TV Series,8.9,643,8.5,76796,24.0,"Animation ,Action ,Adventure",30.0,4.0,2005.0
227,Fullmetal Alchemist,1,44,TV Series,8.2,432,8.5,76796,24.0,"Animation ,Action ,Adventure",28.0,1.0,2006.0
227,Fullmetal Alchemist,1,45,TV Series,8.1,430,8.5,76796,24.0,"Animation ,Action ,Adventure",4.0,2.0,2006.0
227,Fullmetal Alchemist,1,27,TV Series,8.0,469,8.5,76796,24.0,"Animation ,Action ,Adventure",17.0,9.0,2005.0
227,Fullmetal Alchemist,1,26,TV Series,7.3,459,8.5,76796,24.0,"Animation ,Action ,Adventure",7.0,5.0,2005.0
227,Fullmetal Alchemist,1,29,TV Series,8.1,459,8.5,76796,24.0,"Animation ,Action ,Adventure",1.0,10.0,2005.0
227,Fullmetal Alchemist,1,28,TV Series,7.9,463,8.5,76796,24.0,"Animation ,Action ,Adventure",24.0,9.0,2005.0
227,Fullmetal Alchemist,1,30,TV Series,8.0,442,8.5,76796,24.0,"Animation ,Action ,Adventure",8.0,10.0,2005.0
228,Schitt's Creek,1,1,TV Series,7.0,2824,8.5,143201,22.0,Comedy,11.0,2.0,2015.0
228,Schitt's Creek,1,2,TV Series,7.1,2344,8.5,143201,22.0,Comedy,11.0,2.0,2015.0
228,Schitt's Creek,1,4,TV Series,7.4,2020,8.5,143201,22.0,Comedy,25.0,2.0,2015.0
228,Schitt's Creek,1,3,TV Series,7.5,2193,8.5,143201,22.0,Comedy,18.0,2.0,2015.0
228,Schitt's Creek,3,8,TV Series,7.9,1439,8.5,143201,22.0,Comedy,28.0,2.0,2017.0
228,Schitt's Creek,3,7,TV Series,7.6,1417,8.5,143201,22.0,Comedy,21.0,2.0,2017.0
228,Schitt's Creek,3,6,TV Series,7.5,1422,8.5,143201,22.0,Comedy,14.0,2.0,2017.0
228,Schitt's Creek,3,3,TV Series,8.1,1529,8.5,143201,22.0,Comedy,24.0,1.0,2017.0
228,Schitt's Creek,3,2,TV Series,7.8,1491,8.5,143201,22.0,Comedy,17.0,1.0,2017.0
228,Schitt's Creek,3,1,TV Series,7.8,1535,8.5,143201,22.0,Comedy,10.0,1.0,2017.0
228,Schitt's Creek,2,13,TV Series,8.9,2347,8.5,143201,22.0,Comedy,29.0,3.0,2016.0
228,Schitt's Creek,4,2,TV Series,8.0,1429,8.5,143201,22.0,Comedy,16.0,1.0,2018.0
228,Schitt's Creek,4,1,TV Series,7.9,1458,8.5,143201,22.0,Comedy,9.0,1.0,2018.0
228,Schitt's Creek,3,13,TV Series,8.9,1924,8.5,143201,22.0,Comedy,4.0,4.0,2017.0
228,Schitt's Creek,3,12,TV Series,8.4,1501,8.5,143201,22.0,Comedy,28.0,3.0,2017.0
228,Schitt's Creek,3,11,TV Series,8.1,1443,8.5,143201,22.0,Comedy,22.0,3.0,2017.0
228,Schitt's Creek,3,10,TV Series,7.4,1400,8.5,143201,22.0,Comedy,14.0,3.0,2017.0
228,Schitt's Creek,3,9,TV Series,8.1,1429,8.5,143201,22.0,Comedy,7.0,3.0,2017.0
228,Schitt's Creek,5,14,TV Series,9.1,1891,8.5,143201,22.0,Comedy,9.0,4.0,2019.0
228,Schitt's Creek,5,13,TV Series,8.9,1717,8.5,143201,22.0,Comedy,2.0,4.0,2019.0
228,Schitt's Creek,5,12,TV Series,8.1,1278,8.5,143201,22.0,Comedy,26.0,3.0,2019.0
228,Schitt's Creek,3,5,TV Series,7.8,1459,8.5,143201,22.0,Comedy,7.0,2.0,2017.0
228,Schitt's Creek,3,4,TV Series,7.7,1445,8.5,143201,22.0,Comedy,31.0,1.0,2017.0
228,Schitt's Creek,5,9,TV Series,8.2,1392,8.5,143201,22.0,Comedy,5.0,3.0,2019.0
228,Schitt's Creek,5,8,TV Series,8.1,1351,8.5,143201,22.0,Comedy,26.0,2.0,2019.0
228,Schitt's Creek,5,7,TV Series,7.7,1272,8.5,143201,22.0,Comedy,19.0,2.0,2019.0
228,Schitt's Creek,5,6,TV Series,7.7,1292,8.5,143201,22.0,Comedy,12.0,2.0,2019.0
228,Schitt's Creek,5,5,TV Series,8.3,1448,8.5,143201,22.0,Comedy,5.0,2.0,2019.0
228,Schitt's Creek,5,4,TV Series,7.7,1282,8.5,143201,22.0,Comedy,29.0,1.0,2019.0
228,Schitt's Creek,5,3,TV Series,7.9,1312,8.5,143201,22.0,Comedy,22.0,1.0,2019.0
228,Schitt's Creek,5,2,TV Series,7.8,1333,8.5,143201,22.0,Comedy,15.0,1.0,2019.0
228,Schitt's Creek,5,1,TV Series,7.9,1452,8.5,143201,22.0,Comedy,19.0,1.0,2019.0
228,Schitt's Creek,4,13,TV Series,8.6,1532,8.5,143201,22.0,Comedy,19.0,12.0,2018.0
228,Schitt's Creek,4,12,TV Series,9.0,1974,8.5,143201,22.0,Comedy,10.0,4.0,2018.0
228,Schitt's Creek,6,14,TV Series,9.3,2452,8.5,143201,22.0,Comedy,7.0,4.0,2020.0
228,Schitt's Creek,4,8,TV Series,8.0,1354,8.5,143201,22.0,Comedy,13.0,3.0,2018.0
228,Schitt's Creek,4,7,TV Series,8.3,1425,8.5,143201,22.0,Comedy,6.0,3.0,2018.0
228,Schitt's Creek,6,11,TV Series,8.4,1273,8.5,143201,22.0,Comedy,17.0,3.0,2020.0
228,Schitt's Creek,6,10,TV Series,8.1,1234,8.5,143201,22.0,Comedy,10.0,3.0,2020.0
228,Schitt's Creek,6,9,TV Series,7.8,1209,8.5,143201,22.0,Comedy,3.0,3.0,2020.0
228,Schitt's Creek,6,8,TV Series,8.6,1423,8.5,143201,22.0,Comedy,25.0,2.0,2020.0
228,Schitt's Creek,6,13,TV Series,9.2,1861,8.5,143201,22.0,Comedy,31.0,3.0,2020.0
228,Schitt's Creek,6,12,TV Series,8.7,1383,8.5,143201,22.0,Comedy,24.0,3.0,2020.0
228,Schitt's Creek,6,7,TV Series,8.3,1338,8.5,143201,22.0,Comedy,18.0,2.0,2020.0
228,Schitt's Creek,6,6,TV Series,7.6,1240,8.5,143201,22.0,Comedy,11.0,2.0,2020.0
228,Schitt's Creek,6,5,TV Series,8.3,1302,8.5,143201,22.0,Comedy,4.0,2.0,2020.0
228,Schitt's Creek,6,4,TV Series,7.7,1224,8.5,143201,22.0,Comedy,28.0,1.0,2020.0
228,Schitt's Creek,6,3,TV Series,7.7,1244,8.5,143201,22.0,Comedy,21.0,1.0,2020.0
228,Schitt's Creek,6,2,TV Series,8.2,1363,8.5,143201,22.0,Comedy,14.0,1.0,2020.0
228,Schitt's Creek,6,1,TV Series,8.0,1373,8.5,143201,22.0,Comedy,7.0,1.0,2020.0
228,Schitt's Creek,5,11,TV Series,9.1,2129,8.5,143201,22.0,Comedy,19.0,3.0,2019.0
228,Schitt's Creek,5,10,TV Series,7.4,1340,8.5,143201,22.0,Comedy,12.0,3.0,2019.0
228,Schitt's Creek,2,12,TV Series,7.9,1507,8.5,143201,22.0,Comedy,22.0,3.0,2016.0
228,Schitt's Creek,2,11,TV Series,7.7,1480,8.5,143201,22.0,Comedy,15.0,3.0,2016.0
228,Schitt's Creek,2,10,TV Series,7.6,1464,8.5,143201,22.0,Comedy,8.0,3.0,2016.0
228,Schitt's Creek,2,9,TV Series,8.1,1558,8.5,143201,22.0,Comedy,1.0,3.0,2016.0
228,Schitt's Creek,2,8,TV Series,8.0,1544,8.5,143201,22.0,Comedy,23.0,2.0,2016.0
228,Schitt's Creek,2,7,TV Series,7.5,1485,8.5,143201,22.0,Comedy,16.0,2.0,2016.0
228,Schitt's Creek,2,6,TV Series,7.6,1537,8.5,143201,22.0,Comedy,9.0,2.0,2016.0
228,Schitt's Creek,4,11,TV Series,8.0,1335,8.5,143201,22.0,Comedy,3.0,4.0,2018.0
228,Schitt's Creek,4,10,TV Series,7.7,1360,8.5,143201,22.0,Comedy,27.0,3.0,2018.0
228,Schitt's Creek,4,9,TV Series,8.5,1834,8.5,143201,22.0,Comedy,20.0,3.0,2018.0
228,Schitt's Creek,2,2,TV Series,7.8,1669,8.5,143201,22.0,Comedy,16.0,3.0,2016.0
228,Schitt's Creek,2,1,TV Series,7.7,1722,8.5,143201,22.0,Comedy,16.0,3.0,2016.0
228,Schitt's Creek,4,6,TV Series,8.8,2182,8.5,143201,22.0,Comedy,27.0,2.0,2018.0
228,Schitt's Creek,4,5,TV Series,8.1,1409,8.5,143201,22.0,Comedy,6.0,2.0,2018.0
228,Schitt's Creek,4,4,TV Series,7.7,1380,8.5,143201,22.0,Comedy,30.0,1.0,2018.0
228,Schitt's Creek,4,3,TV Series,7.4,1357,8.5,143201,22.0,Comedy,23.0,1.0,2018.0
228,Schitt's Creek,2,5,TV Series,7.8,1578,8.5,143201,22.0,Comedy,2.0,2.0,2016.0
228,Schitt's Creek,2,4,TV Series,7.6,1562,8.5,143201,22.0,Comedy,26.0,1.0,2016.0
228,Schitt's Creek,2,3,TV Series,7.4,1584,8.5,143201,22.0,Comedy,19.0,1.0,2016.0
228,Schitt's Creek,1,13,TV Series,7.9,1757,8.5,143201,22.0,Comedy,6.0,5.0,2015.0
228,Schitt's Creek,1,12,TV Series,7.8,1727,8.5,143201,22.0,Comedy,29.0,4.0,2015.0
228,Schitt's Creek,1,11,TV Series,7.3,1735,8.5,143201,22.0,Comedy,22.0,4.0,2015.0
228,Schitt's Creek,1,10,TV Series,7.9,1844,8.5,143201,22.0,Comedy,15.0,4.0,2015.0
228,Schitt's Creek,1,9,TV Series,7.5,1802,8.5,143201,22.0,Comedy,8.0,4.0,2015.0
228,Schitt's Creek,1,8,TV Series,7.2,1801,8.5,143201,22.0,Comedy,25.0,3.0,2015.0
228,Schitt's Creek,1,7,TV Series,7.5,1865,8.5,143201,22.0,Comedy,18.0,3.0,2015.0
228,Schitt's Creek,1,6,TV Series,7.5,1954,8.5,143201,22.0,Comedy,11.0,3.0,2015.0
228,Schitt's Creek,1,5,TV Series,7.8,2027,8.5,143201,22.0,Comedy,4.0,3.0,2015.0
229,Futurama,2,4,TV Series,8.3,3404,8.5,258935,22.0,"Animation ,Adventure ,Comedy",14.0,11.0,1999.0
229,Futurama,2,3,TV Series,8.0,3113,8.5,258935,22.0,"Animation ,Adventure ,Comedy",7.0,11.0,1999.0
229,Futurama,2,2,TV Series,7.7,3214,8.5,258935,22.0,"Animation ,Adventure ,Comedy",3.0,10.0,1999.0
229,Futurama,2,1,TV Series,8.2,3389,8.5,258935,22.0,"Animation ,Adventure ,Comedy",26.0,9.0,1999.0
229,Futurama,2,17,TV Series,7.6,2716,8.5,258935,22.0,"Animation ,Adventure ,Comedy",30.0,4.0,2000.0
229,Futurama,2,9,TV Series,8.0,3010,8.5,258935,22.0,"Animation ,Adventure ,Comedy",6.0,2.0,2000.0
229,Futurama,2,8,TV Series,8.1,3150,8.5,258935,22.0,"Animation ,Adventure ,Comedy",19.0,12.0,1999.0
229,Futurama,2,7,TV Series,7.6,2933,8.5,258935,22.0,"Animation ,Adventure ,Comedy",12.0,12.0,1999.0
229,Futurama,2,18,TV Series,8.5,3017,8.5,258935,22.0,"Animation ,Adventure ,Comedy",7.0,5.0,2000.0
229,Futurama,2,19,TV Series,7.8,2715,8.5,258935,22.0,"Animation ,Adventure ,Comedy",14.0,5.0,2000.0
229,Futurama,2,20,TV Series,8.5,3054,8.5,258935,22.0,"Animation ,Adventure ,Comedy",21.0,5.0,2000.0
229,Futurama,3,3,TV Series,7.4,2664,8.5,258935,22.0,"Animation ,Adventure ,Comedy",3.0,12.0,2000.0
229,Futurama,1,4,TV Series,8.1,3675,8.5,258935,22.0,"Animation ,Adventure ,Comedy",13.0,4.0,1999.0
229,Futurama,1,3,TV Series,8.2,3855,8.5,258935,22.0,"Animation ,Adventure ,Comedy",6.0,4.0,1999.0
229,Futurama,3,5,TV Series,8.6,3419,8.5,258935,22.0,"Animation ,Adventure ,Comedy",4.0,2.0,2001.0
229,Futurama,3,4,TV Series,8.9,3371,8.5,258935,22.0,"Animation ,Adventure ,Comedy",21.0,1.0,2001.0
229,Futurama,1,9,TV Series,8.0,3467,8.5,258935,22.0,"Animation ,Adventure ,Comedy",18.0,5.0,1999.0
229,Futurama,3,13,TV Series,7.3,2611,8.5,258935,22.0,"Animation ,Adventure ,Comedy",22.0,4.0,2001.0
229,Futurama,3,14,TV Series,8.3,2847,8.5,258935,22.0,"Animation ,Adventure ,Comedy",6.0,5.0,2001.0
229,Futurama,3,15,TV Series,7.6,2594,8.5,258935,22.0,"Animation ,Adventure ,Comedy",13.0,5.0,2001.0
229,Futurama,1,5,TV Series,7.8,3456,8.5,258935,22.0,"Animation ,Adventure ,Comedy",20.0,4.0,1999.0
229,Futurama,1,6,TV Series,8.2,3584,8.5,258935,22.0,"Animation ,Adventure ,Comedy",27.0,4.0,1999.0
229,Futurama,1,7,TV Series,7.7,3392,8.5,258935,22.0,"Animation ,Adventure ,Comedy",4.0,5.0,1999.0
229,Futurama,1,8,TV Series,8.0,3365,8.5,258935,22.0,"Animation ,Adventure ,Comedy",11.0,5.0,1999.0
229,Futurama,4,1,TV Series,9.1,3572,8.5,258935,22.0,"Animation ,Adventure ,Comedy",9.0,12.0,2001.0
229,Futurama,2,5,TV Series,7.6,3001,8.5,258935,22.0,"Animation ,Adventure ,Comedy",21.0,11.0,1999.0
229,Futurama,2,6,TV Series,7.9,3013,8.5,258935,22.0,"Animation ,Adventure ,Comedy",21.0,11.0,1999.0
229,Futurama,4,4,TV Series,7.7,2548,8.5,258935,22.0,"Animation ,Adventure ,Comedy",10.0,2.0,2002.0
229,Futurama,2,11,TV Series,7.5,2795,8.5,258935,22.0,"Animation ,Adventure ,Comedy",20.0,2.0,2000.0
229,Futurama,2,10,TV Series,7.5,2816,8.5,258935,22.0,"Animation ,Adventure ,Comedy",13.0,2.0,2000.0
229,Futurama,4,6,TV Series,7.5,2462,8.5,258935,22.0,"Animation ,Adventure ,Comedy",3.0,3.0,2002.0
229,Futurama,4,5,TV Series,8.6,3033,8.5,258935,22.0,"Animation ,Adventure ,Comedy",17.0,2.0,2002.0
229,Futurama,5,9,TV Series,9.1,3779,8.5,258935,22.0,"Animation ,Adventure ,Comedy",1.0,6.0,2003.0
229,Futurama,5,10,TV Series,8.9,3018,8.5,258935,22.0,"Animation ,Adventure ,Comedy",8.0,6.0,2003.0
229,Futurama,3,6,TV Series,7.2,2563,8.5,258935,22.0,"Animation ,Adventure ,Comedy",11.0,2.0,2001.0
229,Futurama,3,7,TV Series,8.5,2854,8.5,258935,22.0,"Animation ,Adventure ,Comedy",18.0,2.0,2001.0
229,Futurama,2,12,TV Series,7.6,2760,8.5,258935,22.0,"Animation ,Adventure ,Comedy",27.0,2.0,2000.0
229,Futurama,2,13,TV Series,8.0,2934,8.5,258935,22.0,"Animation ,Adventure ,Comedy",19.0,3.0,2000.0
229,Futurama,2,14,TV Series,8.0,2861,8.5,258935,22.0,"Animation ,Adventure ,Comedy",2.0,4.0,2000.0
229,Futurama,2,15,TV Series,7.5,2731,8.5,258935,22.0,"Animation ,Adventure ,Comedy",9.0,4.0,2000.0
229,Futurama,2,16,TV Series,7.8,2847,8.5,258935,22.0,"Animation ,Adventure ,Comedy",16.0,4.0,2000.0
229,Futurama,5,2,TV Series,9.5,6848,8.5,258935,22.0,"Animation ,Adventure ,Comedy",17.0,11.0,2002.0
229,Futurama,5,3,TV Series,7.3,2376,8.5,258935,22.0,"Animation ,Adventure ,Comedy",8.0,12.0,2002.0
229,Futurama,5,4,TV Series,7.8,2405,8.5,258935,22.0,"Animation ,Adventure ,Comedy",22.0,12.0,2002.0
229,Futurama,5,5,TV Series,7.5,2432,8.5,258935,22.0,"Animation ,Adventure ,Comedy",12.0,1.0,2003.0
229,Futurama,3,1,TV Series,7.5,2775,8.5,258935,22.0,"Animation ,Adventure ,Comedy",5.0,11.0,2000.0
229,Futurama,3,2,TV Series,8.4,2992,8.5,258935,22.0,"Animation ,Adventure ,Comedy",26.0,11.0,2000.0
229,Futurama,5,8,TV Series,8.7,2783,8.5,258935,22.0,"Animation ,Adventure ,Comedy",6.0,4.0,2003.0
229,Futurama,3,12,TV Series,8.1,2702,8.5,258935,22.0,"Animation ,Adventure ,Comedy",8.0,4.0,2001.0
229,Futurama,6,2,TV Series,7.9,660,8.5,258935,22.0,"Animation ,Adventure ,Comedy",23.0,3.0,2008.0
229,Futurama,6,3,TV Series,7.9,657,8.5,258935,22.0,"Animation ,Adventure ,Comedy",23.0,3.0,2008.0
229,Futurama,6,4,TV Series,8.2,681,8.5,258935,22.0,"Animation ,Adventure ,Comedy",23.0,3.0,2008.0
229,Futurama,3,8,TV Series,7.1,2589,8.5,258935,22.0,"Animation ,Adventure ,Comedy",25.0,2.0,2001.0
229,Futurama,3,9,TV Series,7.5,2541,8.5,258935,22.0,"Animation ,Adventure ,Comedy",4.0,3.0,2001.0
229,Futurama,3,10,TV Series,9.4,5448,8.5,258935,22.0,"Animation ,Adventure ,Comedy",11.0,3.0,2001.0
229,Futurama,3,11,TV Series,7.7,2584,8.5,258935,22.0,"Animation ,Adventure ,Comedy",1.0,4.0,2001.0
229,Futurama,6,5,TV Series,7.3,596,8.5,258935,22.0,"Animation ,Adventure ,Comedy",19.0,10.0,2008.0
229,Futurama,4,2,TV Series,7.7,2566,8.5,258935,22.0,"Animation ,Adventure ,Comedy",23.0,12.0,2001.0
229,Futurama,4,3,TV Series,8.2,2684,8.5,258935,22.0,"Animation ,Adventure ,Comedy",6.0,1.0,2002.0
229,Futurama,6,8,TV Series,7.2,589,8.5,258935,22.0,"Animation ,Adventure ,Comedy",19.0,10.0,2008.0
229,Futurama,4,8,TV Series,8.8,3517,8.5,258935,22.0,"Animation ,Adventure ,Comedy",17.0,3.0,2002.0
229,Futurama,4,7,TV Series,7.6,2520,8.5,258935,22.0,"Animation ,Adventure ,Comedy",10.0,3.0,2002.0
229,Futurama,6,10,TV Series,7.3,564,8.5,258935,22.0,"Animation ,Adventure ,Comedy",26.0,4.0,2009.0
229,Futurama,6,9,TV Series,7.2,565,8.5,258935,22.0,"Animation ,Adventure ,Comedy",26.0,4.0,2009.0
229,Futurama,8,12,TV Series,8.0,2023,8.5,258935,22.0,"Animation ,Adventure ,Comedy",1.0,9.0,2011.0
229,Futurama,8,13,TV Series,7.9,2195,8.5,258935,22.0,"Animation ,Adventure ,Comedy",8.0,9.0,2011.0
229,Futurama,6,11,TV Series,7.3,560,8.5,258935,22.0,"Animation ,Adventure ,Comedy",26.0,4.0,2009.0
229,Futurama,6,12,TV Series,7.3,564,8.5,258935,22.0,"Animation ,Adventure ,Comedy",26.0,4.0,2009.0
229,Futurama,4,9,TV Series,7.7,2496,8.5,258935,22.0,"Animation ,Adventure ,Comedy",31.0,3.0,2002.0
229,Futurama,4,10,TV Series,7.0,2416,8.5,258935,22.0,"Animation ,Adventure ,Comedy",7.0,4.0,2002.0
229,Futurama,4,11,TV Series,7.6,2427,8.5,258935,22.0,"Animation ,Adventure ,Comedy",14.0,4.0,2002.0
229,Futurama,4,12,TV Series,8.3,2940,8.5,258935,22.0,"Animation ,Adventure ,Comedy",21.0,4.0,2002.0
229,Futurama,5,1,TV Series,7.9,2429,8.5,258935,22.0,"Animation ,Adventure ,Comedy",10.0,11.0,2002.0
229,Futurama,7,2,TV Series,7.1,2445,8.5,258935,22.0,"Animation ,Adventure ,Comedy",24.0,6.0,2010.0
229,Futurama,7,3,TV Series,7.6,2499,8.5,258935,22.0,"Animation ,Adventure ,Comedy",1.0,7.0,2010.0
229,Futurama,7,4,TV Series,7.2,2302,8.5,258935,22.0,"Animation ,Adventure ,Comedy",8.0,7.0,2010.0
229,Futurama,7,5,TV Series,7.3,2300,8.5,258935,22.0,"Animation ,Adventure ,Comedy",15.0,7.0,2010.0
229,Futurama,5,6,TV Series,7.7,2420,8.5,258935,22.0,"Animation ,Adventure ,Comedy",2.0,3.0,2003.0
229,Futurama,5,7,TV Series,8.3,2534,8.5,258935,22.0,"Animation ,Adventure ,Comedy",30.0,3.0,2003.0
229,Futurama,7,8,TV Series,7.2,2183,8.5,258935,22.0,"Animation ,Adventure ,Comedy",5.0,8.0,2010.0
229,Futurama,7,9,TV Series,7.9,2276,8.5,258935,22.0,"Animation ,Adventure ,Comedy",12.0,8.0,2010.0
229,Futurama,7,10,TV Series,8.3,2355,8.5,258935,22.0,"Animation ,Adventure ,Comedy",19.0,8.0,2010.0
229,Futurama,5,11,TV Series,8.2,2551,8.5,258935,22.0,"Animation ,Adventure ,Comedy",15.0,6.0,2003.0
229,Futurama,5,12,TV Series,7.6,2398,8.5,258935,22.0,"Animation ,Adventure ,Comedy",13.0,7.0,2003.0
229,Futurama,5,13,TV Series,7.2,2413,8.5,258935,22.0,"Animation ,Adventure ,Comedy",20.0,7.0,2003.0
229,Futurama,5,14,TV Series,7.7,2352,8.5,258935,22.0,"Animation ,Adventure ,Comedy",23.0,7.0,2003.0
229,Futurama,5,15,TV Series,7.5,2353,8.5,258935,22.0,"Animation ,Adventure ,Comedy",3.0,8.0,2003.0
229,Futurama,5,16,TV Series,9.1,3760,8.5,258935,22.0,"Animation ,Adventure ,Comedy",10.0,8.0,2003.0
229,Futurama,6,1,TV Series,7.8,684,8.5,258935,22.0,"Animation ,Adventure ,Comedy",23.0,3.0,2008.0
229,Futurama,8,5,TV Series,7.5,1974,8.5,258935,22.0,"Animation ,Adventure ,Comedy",14.0,7.0,2011.0
229,Futurama,8,6,TV Series,6.8,1999,8.5,258935,22.0,"Animation ,Adventure ,Comedy",21.0,7.0,2011.0
229,Futurama,8,7,TV Series,7.3,1938,8.5,258935,22.0,"Animation ,Adventure ,Comedy",28.0,7.0,2011.0
229,Futurama,8,8,TV Series,7.3,1959,8.5,258935,22.0,"Animation ,Adventure ,Comedy",4.0,8.0,2011.0
229,Futurama,6,6,TV Series,7.2,587,8.5,258935,22.0,"Animation ,Adventure ,Comedy",19.0,10.0,2008.0
229,Futurama,6,7,TV Series,7.2,584,8.5,258935,22.0,"Animation ,Adventure ,Comedy",19.0,10.0,2008.0
229,Futurama,8,11,TV Series,7.7,1984,8.5,258935,22.0,"Animation ,Adventure ,Comedy",25.0,8.0,2011.0
229,Futurama,10,2,TV Series,7.9,1920,8.5,258935,22.0,"Animation ,Adventure ,Comedy",19.0,6.0,2013.0
229,Futurama,10,3,TV Series,7.3,1836,8.5,258935,22.0,"Animation ,Adventure ,Comedy",26.0,6.0,2013.0
229,Futurama,7,11,TV Series,7.2,2073,8.5,258935,22.0,"Animation ,Adventure ,Comedy",26.0,8.0,2010.0
229,Futurama,7,12,TV Series,7.5,2039,8.5,258935,22.0,"Animation ,Adventure ,Comedy",2.0,9.0,2010.0
229,Futurama,6,13,TV Series,7.4,556,8.5,258935,22.0,"Animation ,Adventure ,Comedy",30.0,8.0,2009.0
229,Futurama,6,14,TV Series,7.1,549,8.5,258935,22.0,"Animation ,Adventure ,Comedy",30.0,8.0,2009.0
229,Futurama,6,15,TV Series,7.3,541,8.5,258935,22.0,"Animation ,Adventure ,Comedy",30.0,8.0,2009.0
229,Futurama,6,16,TV Series,7.5,564,8.5,258935,22.0,"Animation ,Adventure ,Comedy",30.0,8.0,2009.0
229,Futurama,7,1,TV Series,7.8,2709,8.5,258935,22.0,"Animation ,Adventure ,Comedy",24.0,6.0,2010.0
229,Futurama,9,8,TV Series,7.6,1922,8.5,258935,22.0,"Animation ,Adventure ,Comedy",1.0,8.0,2012.0
229,Futurama,9,9,TV Series,7.3,1829,8.5,258935,22.0,"Animation ,Adventure ,Comedy",8.0,8.0,2012.0
229,Futurama,9,10,TV Series,7.6,1895,8.5,258935,22.0,"Animation ,Adventure ,Comedy",15.0,8.0,2012.0
229,Futurama,9,11,TV Series,7.5,1796,8.5,258935,22.0,"Animation ,Adventure ,Comedy",22.0,8.0,2012.0
229,Futurama,7,6,TV Series,8.5,2829,8.5,258935,22.0,"Animation ,Adventure ,Comedy",22.0,7.0,2010.0
229,Futurama,7,7,TV Series,9.3,4272,8.5,258935,22.0,"Animation ,Adventure ,Comedy",29.0,7.0,2010.0
229,Futurama,10,1,TV Series,7.2,1893,8.5,258935,22.0,"Animation ,Adventure ,Comedy",19.0,6.0,2013.0
229,Futurama,8,4,TV Series,8.1,2119,8.5,258935,22.0,"Animation ,Adventure ,Comedy",7.0,7.0,2011.0
229,Futurama,10,11,TV Series,8.5,2173,8.5,258935,22.0,"Animation ,Adventure ,Comedy",21.0,8.0,2013.0
229,Futurama,10,12,TV Series,7.9,2131,8.5,258935,22.0,"Animation ,Adventure ,Comedy",28.0,8.0,2013.0
229,Futurama,10,13,TV Series,9.4,4527,8.5,258935,22.0,"Animation ,Adventure ,Comedy",4.0,9.0,2013.0
229,Futurama,7,13,TV Series,6.4,2128,8.5,258935,22.0,"Animation ,Adventure ,Comedy",21.0,11.0,2010.0
229,Futurama,8,1,TV Series,7.4,2163,8.5,258935,22.0,"Animation ,Adventure ,Comedy",23.0,6.0,2011.0
229,Futurama,8,2,TV Series,7.6,2127,8.5,258935,22.0,"Animation ,Adventure ,Comedy",23.0,6.0,2011.0
229,Futurama,8,3,TV Series,7.5,1991,8.5,258935,22.0,"Animation ,Adventure ,Comedy",30.0,6.0,2011.0
229,Futurama,11,1,TV Series,7.3,2592,8.5,258935,22.0,"Animation ,Adventure ,Comedy",24.0,7.0,2023.0
229,Futurama,8,9,TV Series,7.1,1874,8.5,258935,22.0,"Animation ,Adventure ,Comedy",11.0,8.0,2011.0
229,Futurama,8,10,TV Series,7.7,1988,8.5,258935,22.0,"Animation ,Adventure ,Comedy",18.0,8.0,2011.0
229,Futurama,11,4,TV Series,6.8,1410,8.5,258935,22.0,"Animation ,Adventure ,Comedy",14.0,8.0,2023.0
229,Futurama,9,2,TV Series,7.5,1952,8.5,258935,22.0,"Animation ,Adventure ,Comedy",20.0,6.0,2012.0
229,Futurama,9,1,TV Series,7.7,2176,8.5,258935,22.0,"Animation ,Adventure ,Comedy",20.0,6.0,2012.0
229,Futurama,11,6,TV Series,7.5,1253,8.5,258935,22.0,"Animation ,Adventure ,Comedy",28.0,8.0,2023.0
229,Futurama,11,5,TV Series,7.6,1314,8.5,258935,22.0,"Animation ,Adventure ,Comedy",21.0,8.0,2023.0
229,Futurama,14,7,TV Series,7.3,0,8.5,258935,22.0,"Animation ,Adventure ,Comedy",35.0,15.0,2050.0
229,Futurama,14,8,TV Series,7.3,0,8.5,258935,22.0,"Animation ,Adventure ,Comedy",35.0,15.0,2050.0
229,Futurama,11,7,TV Series,6.3,1394,8.5,258935,22.0,"Animation ,Adventure ,Comedy",4.0,9.0,2023.0
229,Futurama,11,8,TV Series,7.0,1048,8.5,258935,22.0,"Animation ,Adventure ,Comedy",11.0,9.0,2023.0
229,Futurama,9,3,TV Series,7.5,1990,8.5,258935,22.0,"Animation ,Adventure ,Comedy",27.0,6.0,2012.0
229,Futurama,9,4,TV Series,7.2,1880,8.5,258935,22.0,"Animation ,Adventure ,Comedy",4.0,7.0,2012.0
229,Futurama,9,5,TV Series,7.0,1853,8.5,258935,22.0,"Animation ,Adventure ,Comedy",11.0,7.0,2012.0
229,Futurama,9,6,TV Series,6.9,1890,8.5,258935,22.0,"Animation ,Adventure ,Comedy",18.0,7.0,2012.0
229,Futurama,9,7,TV Series,7.2,1888,8.5,258935,22.0,"Animation ,Adventure ,Comedy",25.0,7.0,2012.0
229,Futurama,12,4,TV Series,7.7,0,8.5,258935,22.0,"Animation ,Adventure ,Comedy",35.0,15.0,2024.0
229,Futurama,12,5,TV Series,7.7,0,8.5,258935,22.0,"Animation ,Adventure ,Comedy",35.0,15.0,2024.0
229,Futurama,12,6,TV Series,7.7,0,8.5,258935,22.0,"Animation ,Adventure ,Comedy",35.0,15.0,2024.0
229,Futurama,12,7,TV Series,7.7,0,8.5,258935,22.0,"Animation ,Adventure ,Comedy",35.0,15.0,2024.0
229,Futurama,9,12,TV Series,7.1,1814,8.5,258935,22.0,"Animation ,Adventure ,Comedy",29.0,8.0,2012.0
229,Futurama,9,13,TV Series,7.2,2011,8.5,258935,22.0,"Animation ,Adventure ,Comedy",29.0,8.0,2012.0
229,Futurama,12,10,TV Series,7.7,0,8.5,258935,22.0,"Animation ,Adventure ,Comedy",35.0,15.0,2024.0
229,Futurama,13,1,TV Series,7.3,0,8.5,258935,22.0,"Animation ,Adventure ,Comedy",35.0,15.0,2050.0
229,Futurama,13,2,TV Series,7.3,0,8.5,258935,22.0,"Animation ,Adventure ,Comedy",35.0,15.0,2050.0
229,Futurama,10,4,TV Series,6.6,1887,8.5,258935,22.0,"Animation ,Adventure ,Comedy",3.0,7.0,2013.0
229,Futurama,10,5,TV Series,7.2,1813,8.5,258935,22.0,"Animation ,Adventure ,Comedy",10.0,7.0,2013.0
229,Futurama,10,6,TV Series,6.8,2115,8.5,258935,22.0,"Animation ,Adventure ,Comedy",17.0,7.0,2013.0
229,Futurama,10,7,TV Series,7.1,1825,8.5,258935,22.0,"Animation ,Adventure ,Comedy",24.0,7.0,2013.0
229,Futurama,10,8,TV Series,7.1,1819,8.5,258935,22.0,"Animation ,Adventure ,Comedy",31.0,7.0,2013.0
229,Futurama,10,9,TV Series,7.0,1779,8.5,258935,22.0,"Animation ,Adventure ,Comedy",7.0,8.0,2013.0
229,Futurama,10,10,TV Series,8.5,2526,8.5,258935,22.0,"Animation ,Adventure ,Comedy",14.0,8.0,2013.0
229,Futurama,13,10,TV Series,7.3,0,8.5,258935,22.0,"Animation ,Adventure ,Comedy",35.0,15.0,2050.0
229,Futurama,14,1,TV Series,7.3,0,8.5,258935,22.0,"Animation ,Adventure ,Comedy",35.0,15.0,2050.0
229,Futurama,14,2,TV Series,7.3,0,8.5,258935,22.0,"Animation ,Adventure ,Comedy",35.0,15.0,2050.0
229,Futurama,14,3,TV Series,7.3,0,8.5,258935,22.0,"Animation ,Adventure ,Comedy",35.0,15.0,2050.0
229,Futurama,11,2,TV Series,6.8,1757,8.5,258935,22.0,"Animation ,Adventure ,Comedy",31.0,7.0,2023.0
229,Futurama,11,3,TV Series,6.7,1582,8.5,258935,22.0,"Animation ,Adventure ,Comedy",7.0,8.0,2023.0
229,Futurama,14,6,TV Series,7.3,0,8.5,258935,22.0,"Animation ,Adventure ,Comedy",35.0,15.0,2050.0
229,Futurama,13,9,TV Series,7.3,0,8.5,258935,22.0,"Animation ,Adventure ,Comedy",35.0,15.0,2050.0
229,Futurama,13,8,TV Series,7.3,0,8.5,258935,22.0,"Animation ,Adventure ,Comedy",35.0,15.0,2050.0
229,Futurama,1,1,TV Series,8.6,4926,8.5,258935,22.0,"Animation ,Adventure ,Comedy",28.0,3.0,1999.0
229,Futurama,1,2,TV Series,8.0,3962,8.5,258935,22.0,"Animation ,Adventure ,Comedy",4.0,4.0,1999.0
229,Futurama,11,9,TV Series,4.4,1711,8.5,258935,22.0,"Animation ,Adventure ,Comedy",18.0,9.0,2023.0
229,Futurama,11,10,TV Series,8.1,1193,8.5,258935,22.0,"Animation ,Adventure ,Comedy",25.0,9.0,2023.0
229,Futurama,12,1,TV Series,7.7,0,8.5,258935,22.0,"Animation ,Adventure ,Comedy",35.0,15.0,2024.0
229,Futurama,12,2,TV Series,7.7,0,8.5,258935,22.0,"Animation ,Adventure ,Comedy",35.0,15.0,2024.0
229,Futurama,12,3,TV Series,7.7,0,8.5,258935,22.0,"Animation ,Adventure ,Comedy",35.0,15.0,2024.0
229,Futurama,12,8,TV Series,7.7,0,8.5,258935,22.0,"Animation ,Adventure ,Comedy",35.0,15.0,2024.0
229,Futurama,12,9,TV Series,7.7,0,8.5,258935,22.0,"Animation ,Adventure ,Comedy",35.0,15.0,2024.0
229,Futurama,13,7,TV Series,7.3,0,8.5,258935,22.0,"Animation ,Adventure ,Comedy",35.0,15.0,2050.0
229,Futurama,13,5,TV Series,7.3,0,8.5,258935,22.0,"Animation ,Adventure ,Comedy",35.0,15.0,2050.0
229,Futurama,13,6,TV Series,7.3,0,8.5,258935,22.0,"Animation ,Adventure ,Comedy",35.0,15.0,2050.0
229,Futurama,13,3,TV Series,7.3,0,8.5,258935,22.0,"Animation ,Adventure ,Comedy",35.0,15.0,2050.0
229,Futurama,13,4,TV Series,7.3,0,8.5,258935,22.0,"Animation ,Adventure ,Comedy",35.0,15.0,2050.0
229,Futurama,14,10,TV Series,7.3,0,8.5,258935,22.0,"Animation ,Adventure ,Comedy",35.0,15.0,2050.0
229,Futurama,14,9,TV Series,7.3,0,8.5,258935,22.0,"Animation ,Adventure ,Comedy",35.0,15.0,2050.0
229,Futurama,14,5,TV Series,7.3,0,8.5,258935,22.0,"Animation ,Adventure ,Comedy",35.0,15.0,2050.0
229,Futurama,14,4,TV Series,7.3,0,8.5,258935,22.0,"Animation ,Adventure ,Comedy",35.0,15.0,2050.0
230,The Rehearsal,1,2,TV Series,8.2,1837,8.5,25366,30.0,"Documentary ,Comedy",22.0,7.0,2022.0
230,The Rehearsal,1,1,TV Series,9.0,2746,8.5,25366,30.0,"Documentary ,Comedy",15.0,7.0,2022.0
230,The Rehearsal,1,6,TV Series,9.1,1668,8.5,25366,30.0,"Documentary ,Comedy",19.0,8.0,2022.0
230,The Rehearsal,2,1,TV Series,7.3,0,8.5,25366,30.0,"Documentary ,Comedy",35.0,15.0,2050.0
230,The Rehearsal,1,3,TV Series,8.6,1706,8.5,25366,30.0,"Documentary ,Comedy",29.0,7.0,2022.0
230,The Rehearsal,1,5,TV Series,8.6,1499,8.5,25366,30.0,"Documentary ,Comedy",12.0,8.0,2022.0
230,The Rehearsal,1,4,TV Series,9.4,2239,8.5,25366,30.0,"Documentary ,Comedy",5.0,8.0,2022.0
231,From the Earth to the Moon,1,9,TV Mini Series,7.8,368,8.6,13104,60.0,"Action ,Drama ,History",3.0,5.0,1998.0
231,From the Earth to the Moon,1,3,TV Mini Series,7.7,446,8.6,13104,60.0,"Action ,Drama ,History",12.0,4.0,1998.0
231,From the Earth to the Moon,1,4,TV Mini Series,8.0,452,8.6,13104,60.0,"Action ,Drama ,History",12.0,4.0,1998.0
231,From the Earth to the Moon,1,8,TV Mini Series,7.1,408,8.6,13104,60.0,"Action ,Drama ,History",26.0,4.0,1998.0
231,From the Earth to the Moon,1,5,TV Mini Series,8.7,500,8.6,13104,60.0,"Action ,Drama ,History",19.0,4.0,1998.0
231,From the Earth to the Moon,1,6,TV Mini Series,8.4,429,8.6,13104,60.0,"Action ,Drama ,History",19.0,4.0,1998.0
231,From the Earth to the Moon,1,1,TV Mini Series,8.1,548,8.6,13104,60.0,"Action ,Drama ,History",5.0,4.0,1998.0
231,From the Earth to the Moon,1,2,TV Mini Series,8.4,514,8.6,13104,60.0,"Action ,Drama ,History",5.0,4.0,1998.0
231,From the Earth to the Moon,1,7,TV Mini Series,8.3,447,8.6,13104,60.0,"Action ,Drama ,History",26.0,4.0,1998.0
231,From the Earth to the Moon,1,12,TV Mini Series,8.0,347,8.6,13104,60.0,"Action ,Drama ,History",10.0,5.0,1998.0
231,From the Earth to the Moon,1,11,TV Mini Series,7.4,380,8.6,13104,60.0,"Action ,Drama ,History",10.0,5.0,1998.0
231,From the Earth to the Moon,1,10,TV Mini Series,8.4,414,8.6,13104,60.0,"Action ,Drama ,History",3.0,5.0,1998.0
232,Rurouni Kenshin: Trust and Betrayal,1,1,TV Mini Series,8.6,182,8.6,16051,118.0,"Animation ,Action ,Adventure",22.0,8.0,2000.0
232,Rurouni Kenshin: Trust and Betrayal,1,4,TV Mini Series,9.2,193,8.6,16051,118.0,"Animation ,Action ,Adventure",14.0,11.0,2000.0
232,Rurouni Kenshin: Trust and Betrayal,1,3,TV Mini Series,8.6,174,8.6,16051,118.0,"Animation ,Action ,Adventure",14.0,11.0,2000.0
232,Rurouni Kenshin: Trust and Betrayal,1,2,TV Mini Series,8.4,165,8.6,16051,118.0,"Animation ,Action ,Adventure",22.0,8.0,2000.0
233,The Expanse,1,7,TV Series,7.7,3657,8.5,170063,60.0,"Drama ,Mystery ,Sci-Fi",19.0,1.0,2016.0
233,The Expanse,1,6,TV Series,7.8,3753,8.5,170063,60.0,"Drama ,Mystery ,Sci-Fi",12.0,1.0,2016.0
233,The Expanse,1,5,TV Series,7.6,3898,8.5,170063,60.0,"Drama ,Mystery ,Sci-Fi",5.0,1.0,2016.0
233,The Expanse,1,8,TV Series,8.5,3783,8.5,170063,60.0,"Drama ,Mystery ,Sci-Fi",26.0,1.0,2016.0
233,The Expanse,1,9,TV Series,8.5,3687,8.5,170063,60.0,"Drama ,Mystery ,Sci-Fi",2.0,2.0,2016.0
233,The Expanse,1,10,TV Series,8.5,3923,8.5,170063,60.0,"Drama ,Mystery ,Sci-Fi",2.0,2.0,2016.0
233,The Expanse,2,1,TV Series,8.0,3546,8.5,170063,60.0,"Drama ,Mystery ,Sci-Fi",1.0,2.0,2017.0
233,The Expanse,2,2,TV Series,8.7,3677,8.5,170063,60.0,"Drama ,Mystery ,Sci-Fi",1.0,2.0,2017.0
233,The Expanse,2,3,TV Series,8.0,3232,8.5,170063,60.0,"Drama ,Mystery ,Sci-Fi",8.0,2.0,2017.0
233,The Expanse,2,4,TV Series,8.8,3610,8.5,170063,60.0,"Drama ,Mystery ,Sci-Fi",15.0,2.0,2017.0
233,The Expanse,2,5,TV Series,9.4,5691,8.5,170063,60.0,"Drama ,Mystery ,Sci-Fi",22.0,2.0,2017.0
233,The Expanse,2,6,TV Series,8.3,3151,8.5,170063,60.0,"Drama ,Mystery ,Sci-Fi",1.0,3.0,2017.0
233,The Expanse,2,7,TV Series,7.9,3017,8.5,170063,60.0,"Drama ,Mystery ,Sci-Fi",8.0,3.0,2017.0
233,The Expanse,2,8,TV Series,8.1,2963,8.5,170063,60.0,"Drama ,Mystery ,Sci-Fi",15.0,3.0,2017.0
233,The Expanse,2,11,TV Series,8.6,3106,8.5,170063,60.0,"Drama ,Mystery ,Sci-Fi",5.0,4.0,2017.0
233,The Expanse,2,12,TV Series,8.5,3070,8.5,170063,60.0,"Drama ,Mystery ,Sci-Fi",12.0,4.0,2017.0
233,The Expanse,2,13,TV Series,8.7,3361,8.5,170063,60.0,"Drama ,Mystery ,Sci-Fi",19.0,4.0,2017.0
233,The Expanse,3,1,TV Series,8.5,3723,8.5,170063,60.0,"Drama ,Mystery ,Sci-Fi",11.0,4.0,2018.0
233,The Expanse,3,3,TV Series,8.6,3313,8.5,170063,60.0,"Drama ,Mystery ,Sci-Fi",25.0,4.0,2018.0
233,The Expanse,3,2,TV Series,8.7,3549,8.5,170063,60.0,"Drama ,Mystery ,Sci-Fi",18.0,4.0,2018.0
233,The Expanse,3,4,TV Series,8.7,3303,8.5,170063,60.0,"Drama ,Mystery ,Sci-Fi",2.0,5.0,2018.0
233,The Expanse,3,5,TV Series,9.3,4109,8.5,170063,60.0,"Drama ,Mystery ,Sci-Fi",9.0,5.0,2018.0
233,The Expanse,3,7,TV Series,8.3,3267,8.5,170063,60.0,"Drama ,Mystery ,Sci-Fi",23.0,5.0,2018.0
233,The Expanse,3,6,TV Series,9.4,4189,8.5,170063,60.0,"Drama ,Mystery ,Sci-Fi",16.0,5.0,2018.0
233,The Expanse,3,10,TV Series,8.8,3064,8.5,170063,60.0,"Drama ,Mystery ,Sci-Fi",13.0,6.0,2018.0
233,The Expanse,3,11,TV Series,8.4,2846,8.5,170063,60.0,"Drama ,Mystery ,Sci-Fi",20.0,6.0,2018.0
233,The Expanse,3,8,TV Series,9.0,3529,8.5,170063,60.0,"Drama ,Mystery ,Sci-Fi",30.0,5.0,2018.0
233,The Expanse,3,9,TV Series,8.2,2892,8.5,170063,60.0,"Drama ,Mystery ,Sci-Fi",6.0,6.0,2018.0
233,The Expanse,1,3,TV Series,7.8,4345,8.5,170063,60.0,"Drama ,Mystery ,Sci-Fi",16.0,12.0,2015.0
233,The Expanse,1,4,TV Series,8.5,4618,8.5,170063,60.0,"Drama ,Mystery ,Sci-Fi",16.0,12.0,2015.0
233,The Expanse,4,2,TV Series,8.5,3013,8.5,170063,60.0,"Drama ,Mystery ,Sci-Fi",13.0,12.0,2019.0
233,The Expanse,4,1,TV Series,8.4,3348,8.5,170063,60.0,"Drama ,Mystery ,Sci-Fi",13.0,12.0,2019.0
233,The Expanse,5,7,TV Series,7.9,2995,8.5,170063,60.0,"Drama ,Mystery ,Sci-Fi",13.0,1.0,2021.0
233,The Expanse,5,8,TV Series,7.6,3134,8.5,170063,60.0,"Drama ,Mystery ,Sci-Fi",20.0,1.0,2021.0
233,The Expanse,4,3,TV Series,8.3,2892,8.5,170063,60.0,"Drama ,Mystery ,Sci-Fi",13.0,12.0,2019.0
233,The Expanse,4,4,TV Series,8.2,2818,8.5,170063,60.0,"Drama ,Mystery ,Sci-Fi",13.0,12.0,2019.0
233,The Expanse,4,5,TV Series,8.2,2771,8.5,170063,60.0,"Drama ,Mystery ,Sci-Fi",13.0,12.0,2019.0
233,The Expanse,4,6,TV Series,8.5,2798,8.5,170063,60.0,"Drama ,Mystery ,Sci-Fi",13.0,12.0,2019.0
233,The Expanse,4,7,TV Series,8.3,2720,8.5,170063,60.0,"Drama ,Mystery ,Sci-Fi",13.0,12.0,2019.0
233,The Expanse,4,8,TV Series,8.5,2768,8.5,170063,60.0,"Drama ,Mystery ,Sci-Fi",13.0,12.0,2019.0
233,The Expanse,4,9,TV Series,9.1,3042,8.5,170063,60.0,"Drama ,Mystery ,Sci-Fi",13.0,12.0,2019.0
233,The Expanse,4,10,TV Series,8.9,3180,8.5,170063,60.0,"Drama ,Mystery ,Sci-Fi",13.0,12.0,2019.0
233,The Expanse,5,1,TV Series,8.0,3135,8.5,170063,60.0,"Drama ,Mystery ,Sci-Fi",16.0,12.0,2020.0
233,The Expanse,5,2,TV Series,8.4,3077,8.5,170063,60.0,"Drama ,Mystery ,Sci-Fi",16.0,12.0,2020.0
233,The Expanse,5,3,TV Series,8.6,3133,8.5,170063,60.0,"Drama ,Mystery ,Sci-Fi",16.0,12.0,2020.0
233,The Expanse,5,4,TV Series,9.4,4372,8.5,170063,60.0,"Drama ,Mystery ,Sci-Fi",23.0,12.0,2020.0
233,The Expanse,2,9,TV Series,8.0,2940,8.5,170063,60.0,"Drama ,Mystery ,Sci-Fi",22.0,3.0,2017.0
233,The Expanse,2,10,TV Series,8.1,2930,8.5,170063,60.0,"Drama ,Mystery ,Sci-Fi",29.0,3.0,2017.0
233,The Expanse,6,5,TV Series,8.2,2235,8.5,170063,60.0,"Drama ,Mystery ,Sci-Fi",7.0,1.0,2022.0
233,The Expanse,6,6,TV Series,8.9,4251,8.5,170063,60.0,"Drama ,Mystery ,Sci-Fi",14.0,1.0,2022.0
233,The Expanse,5,9,TV Series,7.8,2874,8.5,170063,60.0,"Drama ,Mystery ,Sci-Fi",27.0,1.0,2021.0
233,The Expanse,5,10,TV Series,8.6,3778,8.5,170063,60.0,"Drama ,Mystery ,Sci-Fi",3.0,2.0,2021.0
233,The Expanse,6,1,TV Series,7.7,2585,8.5,170063,60.0,"Drama ,Mystery ,Sci-Fi",10.0,12.0,2021.0
233,The Expanse,6,2,TV Series,8.1,2322,8.5,170063,60.0,"Drama ,Mystery ,Sci-Fi",17.0,12.0,2021.0
233,The Expanse,6,3,TV Series,8.3,2331,8.5,170063,60.0,"Drama ,Mystery ,Sci-Fi",24.0,12.0,2021.0
233,The Expanse,6,4,TV Series,7.9,2158,8.5,170063,60.0,"Drama ,Mystery ,Sci-Fi",31.0,12.0,2021.0
233,The Expanse,3,12,TV Series,8.7,2886,8.5,170063,60.0,"Drama ,Mystery ,Sci-Fi",27.0,6.0,2018.0
233,The Expanse,3,13,TV Series,9.3,3960,8.5,170063,60.0,"Drama ,Mystery ,Sci-Fi",27.0,6.0,2018.0
233,The Expanse,5,5,TV Series,8.6,2908,8.5,170063,60.0,"Drama ,Mystery ,Sci-Fi",30.0,12.0,2020.0
233,The Expanse,5,6,TV Series,8.1,2688,8.5,170063,60.0,"Drama ,Mystery ,Sci-Fi",6.0,1.0,2021.0
233,The Expanse,1,1,TV Series,7.5,5515,8.5,170063,60.0,"Drama ,Mystery ,Sci-Fi",23.0,11.0,2015.0
233,The Expanse,1,2,TV Series,7.5,4606,8.5,170063,60.0,"Drama ,Mystery ,Sci-Fi",15.0,12.0,2015.0
234,Hannibal,1,4,TV Series,7.7,6068,8.5,273846,1680.0,"Crime ,Drama ,Horror",29.0,4.0,2013.0
234,Hannibal,1,3,TV Series,8.1,6812,8.5,273846,1680.0,"Crime ,Drama ,Horror",18.0,4.0,2013.0
234,Hannibal,3,13,TV Series,9.7,14994,8.5,273846,1680.0,"Crime ,Drama ,Horror",29.0,8.0,2015.0
234,Hannibal,2,8,TV Series,8.4,5587,8.5,273846,1680.0,"Crime ,Drama ,Horror",18.0,4.0,2014.0
234,Hannibal,1,7,TV Series,8.6,6362,8.5,273846,1680.0,"Crime ,Drama ,Horror",9.0,5.0,2013.0
234,Hannibal,1,8,TV Series,8.9,6572,8.5,273846,1680.0,"Crime ,Drama ,Horror",16.0,5.0,2013.0
234,Hannibal,1,11,TV Series,8.5,5816,8.5,273846,1680.0,"Crime ,Drama ,Horror",6.0,6.0,2013.0
234,Hannibal,1,12,TV Series,8.8,5922,8.5,273846,1680.0,"Crime ,Drama ,Horror",13.0,6.0,2013.0
234,Hannibal,1,9,TV Series,8.2,5887,8.5,273846,1680.0,"Crime ,Drama ,Horror",23.0,5.0,2013.0
234,Hannibal,1,10,TV Series,8.7,6137,8.5,273846,1680.0,"Crime ,Drama ,Horror",30.0,5.0,2013.0
234,Hannibal,2,1,TV Series,8.8,6579,8.5,273846,1680.0,"Crime ,Drama ,Horror",28.0,2.0,2014.0
234,Hannibal,1,13,TV Series,9.2,7165,8.5,273846,1680.0,"Crime ,Drama ,Horror",20.0,6.0,2013.0
234,Hannibal,2,2,TV Series,9.0,6278,8.5,273846,1680.0,"Crime ,Drama ,Horror",7.0,3.0,2014.0
234,Hannibal,2,3,TV Series,8.6,5809,8.5,273846,1680.0,"Crime ,Drama ,Horror",14.0,3.0,2014.0
234,Hannibal,2,5,TV Series,9.2,6494,8.5,273846,1680.0,"Crime ,Drama ,Horror",28.0,3.0,2014.0
234,Hannibal,2,4,TV Series,9.2,6433,8.5,273846,1680.0,"Crime ,Drama ,Horror",21.0,3.0,2014.0
234,Hannibal,2,7,TV Series,9.2,6200,8.5,273846,1680.0,"Crime ,Drama ,Horror",11.0,4.0,2014.0
234,Hannibal,2,6,TV Series,9.2,6390,8.5,273846,1680.0,"Crime ,Drama ,Horror",4.0,4.0,2014.0
234,Hannibal,2,10,TV Series,8.9,5812,8.5,273846,1680.0,"Crime ,Drama ,Horror",2.0,5.0,2014.0
234,Hannibal,2,11,TV Series,8.9,5699,8.5,273846,1680.0,"Crime ,Drama ,Horror",9.0,5.0,2014.0
234,Hannibal,2,12,TV Series,9.2,6396,8.5,273846,1680.0,"Crime ,Drama ,Horror",16.0,5.0,2014.0
234,Hannibal,2,13,TV Series,9.8,21267,8.5,273846,1680.0,"Crime ,Drama ,Horror",23.0,5.0,2014.0
234,Hannibal,3,1,TV Series,8.2,6662,8.5,273846,1680.0,"Crime ,Drama ,Horror",4.0,6.0,2015.0
234,Hannibal,3,2,TV Series,8.0,5608,8.5,273846,1680.0,"Crime ,Drama ,Horror",11.0,6.0,2015.0
234,Hannibal,3,3,TV Series,8.0,5149,8.5,273846,1680.0,"Crime ,Drama ,Horror",18.0,6.0,2015.0
234,Hannibal,3,4,TV Series,7.9,5057,8.5,273846,1680.0,"Crime ,Drama ,Horror",25.0,6.0,2015.0
234,Hannibal,3,5,TV Series,9.0,5907,8.5,273846,1680.0,"Crime ,Drama ,Horror",2.0,7.0,2015.0
234,Hannibal,3,6,TV Series,8.7,5225,8.5,273846,1680.0,"Crime ,Drama ,Horror",9.0,7.0,2015.0
234,Hannibal,3,7,TV Series,9.3,6650,8.5,273846,1680.0,"Crime ,Drama ,Horror",18.0,7.0,2015.0
234,Hannibal,3,8,TV Series,8.5,4681,8.5,273846,1680.0,"Crime ,Drama ,Horror",25.0,7.0,2015.0
234,Hannibal,3,9,TV Series,8.3,4375,8.5,273846,1680.0,"Crime ,Drama ,Horror",1.0,8.0,2015.0
234,Hannibal,3,10,TV Series,8.5,4427,8.5,273846,1680.0,"Crime ,Drama ,Horror",8.0,8.0,2015.0
234,Hannibal,1,5,TV Series,7.9,6275,8.5,273846,1680.0,"Crime ,Drama ,Horror",25.0,4.0,2013.0
234,Hannibal,1,6,TV Series,8.5,6160,8.5,273846,1680.0,"Crime ,Drama ,Horror",2.0,5.0,2013.0
234,Hannibal,3,11,TV Series,8.6,4418,8.5,273846,1680.0,"Crime ,Drama ,Horror",15.0,8.0,2015.0
234,Hannibal,3,12,TV Series,8.9,4867,8.5,273846,1680.0,"Crime ,Drama ,Horror",22.0,8.0,2015.0
234,Hannibal,2,9,TV Series,8.5,5509,8.5,273846,1680.0,"Crime ,Drama ,Horror",25.0,4.0,2014.0
234,Hannibal,1,1,TV Series,8.3,8661,8.5,273846,1680.0,"Crime ,Drama ,Horror",4.0,4.0,2013.0
234,Hannibal,1,2,TV Series,8.2,7306,8.5,273846,1680.0,"Crime ,Drama ,Horror",11.0,4.0,2013.0
235,Derry Girls,1,5,TV Series,7.6,1254,8.5,56180,30.0,Comedy,1.0,2.0,2018.0
235,Derry Girls,2,6,TV Series,8.8,1290,8.5,56180,30.0,Comedy,9.0,4.0,2019.0
235,Derry Girls,3,1,TV Series,8.1,1068,8.5,56180,30.0,Comedy,7.0,10.0,2022.0
235,Derry Girls,2,1,TV Series,8.3,1202,8.5,56180,30.0,Comedy,5.0,3.0,2019.0
235,Derry Girls,1,6,TV Series,8.4,1379,8.5,56180,30.0,Comedy,8.0,2.0,2018.0
235,Derry Girls,2,2,TV Series,7.8,1096,8.5,56180,30.0,Comedy,12.0,3.0,2019.0
235,Derry Girls,2,3,TV Series,8.3,1097,8.5,56180,30.0,Comedy,19.0,3.0,2019.0
235,Derry Girls,2,5,TV Series,8.5,1076,8.5,56180,30.0,Comedy,2.0,4.0,2019.0
235,Derry Girls,2,4,TV Series,8.5,1151,8.5,56180,30.0,Comedy,26.0,3.0,2019.0
235,Derry Girls,1,4,TV Series,7.9,1265,8.5,56180,30.0,Comedy,25.0,1.0,2018.0
235,Derry Girls,1,1,TV Series,8.1,1722,8.5,56180,30.0,Comedy,21.0,12.0,2018.0
235,Derry Girls,3,6,TV Series,8.2,894,8.5,56180,30.0,Comedy,7.0,10.0,2022.0
235,Derry Girls,3,7,TV Series,9.1,1514,8.5,56180,30.0,Comedy,7.0,10.0,2022.0
235,Derry Girls,3,4,TV Series,8.2,909,8.5,56180,30.0,Comedy,7.0,10.0,2022.0
235,Derry Girls,3,5,TV Series,7.8,956,8.5,56180,30.0,Comedy,7.0,10.0,2022.0
235,Derry Girls,3,2,TV Series,8.2,935,8.5,56180,30.0,Comedy,7.0,10.0,2023.0
235,Derry Girls,3,3,TV Series,7.9,887,8.5,56180,30.0,Comedy,7.0,10.0,2022.0
235,Derry Girls,1,2,TV Series,8.0,1440,8.5,56180,30.0,Comedy,11.0,1.0,2018.0
235,Derry Girls,1,3,TV Series,8.0,1357,8.5,56180,30.0,Comedy,18.0,1.0,2018.0
236,Westworld,1,8,TV Series,8.7,15069,8.5,529228,62.0,"Drama ,Mystery ,Sci-Fi",20.0,11.0,2016.0
236,Westworld,1,7,TV Series,9.4,21410,8.5,529228,62.0,"Drama ,Mystery ,Sci-Fi",13.0,11.0,2016.0
236,Westworld,1,5,TV Series,8.6,15803,8.5,529228,62.0,"Drama ,Mystery ,Sci-Fi",30.0,10.0,2016.0
236,Westworld,1,6,TV Series,8.8,15984,8.5,529228,62.0,"Drama ,Mystery ,Sci-Fi",6.0,11.0,2016.0
236,Westworld,1,4,TV Series,8.6,16546,8.5,529228,62.0,"Drama ,Mystery ,Sci-Fi",23.0,10.0,2016.0
236,Westworld,1,3,TV Series,8.2,16585,8.5,529228,62.0,"Drama ,Mystery ,Sci-Fi",16.0,10.0,2016.0
236,Westworld,1,1,TV Series,8.8,23862,8.5,529228,62.0,"Drama ,Mystery ,Sci-Fi",2.0,10.0,2016.0
236,Westworld,1,2,TV Series,8.5,18132,8.5,529228,62.0,"Drama ,Mystery ,Sci-Fi",9.0,10.0,2016.0
236,Westworld,4,1,TV Series,7.2,5308,8.5,529228,62.0,"Drama ,Mystery ,Sci-Fi",26.0,6.0,2022.0
236,Westworld,4,2,TV Series,7.6,4457,8.5,529228,62.0,"Drama ,Mystery ,Sci-Fi",3.0,7.0,2022.0
236,Westworld,1,9,TV Series,9.3,19642,8.5,529228,62.0,"Drama ,Mystery ,Sci-Fi",27.0,11.0,2016.0
236,Westworld,1,10,TV Series,9.7,31670,8.5,529228,62.0,"Drama ,Mystery ,Sci-Fi",4.0,12.0,2016.0
236,Westworld,2,7,TV Series,8.5,11267,8.5,529228,62.0,"Drama ,Mystery ,Sci-Fi",3.0,6.0,2018.0
236,Westworld,2,8,TV Series,9.2,18696,8.5,529228,62.0,"Drama ,Mystery ,Sci-Fi",10.0,6.0,2018.0
236,Westworld,2,3,TV Series,7.9,10933,8.5,529228,62.0,"Drama ,Mystery ,Sci-Fi",6.0,5.0,2018.0
236,Westworld,2,4,TV Series,8.9,14243,8.5,529228,62.0,"Drama ,Mystery ,Sci-Fi",13.0,5.0,2018.0
236,Westworld,2,10,TV Series,8.7,12707,8.5,529228,62.0,"Drama ,Mystery ,Sci-Fi",24.0,6.0,2018.0
236,Westworld,2,9,TV Series,8.7,11222,8.5,529228,62.0,"Drama ,Mystery ,Sci-Fi",17.0,6.0,2018.0
236,Westworld,3,1,TV Series,8.2,11565,8.5,529228,62.0,"Drama ,Mystery ,Sci-Fi",15.0,3.0,2020.0
236,Westworld,3,2,TV Series,8.1,9439,8.5,529228,62.0,"Drama ,Mystery ,Sci-Fi",22.0,3.0,2020.0
236,Westworld,3,4,TV Series,8.7,10234,8.5,529228,62.0,"Drama ,Mystery ,Sci-Fi",5.0,4.0,2020.0
236,Westworld,3,3,TV Series,8.1,8924,8.5,529228,62.0,"Drama ,Mystery ,Sci-Fi",29.0,3.0,2020.0
236,Westworld,2,5,TV Series,7.8,11896,8.5,529228,62.0,"Drama ,Mystery ,Sci-Fi",20.0,5.0,2018.0
236,Westworld,2,6,TV Series,8.0,10244,8.5,529228,62.0,"Drama ,Mystery ,Sci-Fi",27.0,5.0,2018.0
236,Westworld,2,1,TV Series,8.1,13613,8.5,529228,62.0,"Drama ,Mystery ,Sci-Fi",22.0,4.0,2018.0
236,Westworld,2,2,TV Series,8.0,11670,8.5,529228,62.0,"Drama ,Mystery ,Sci-Fi",29.0,4.0,2018.0
236,Westworld,4,3,TV Series,8.2,4586,8.5,529228,62.0,"Drama ,Mystery ,Sci-Fi",10.0,7.0,2022.0
236,Westworld,4,4,TV Series,8.7,5795,8.5,529228,62.0,"Drama ,Mystery ,Sci-Fi",17.0,7.0,2022.0
236,Westworld,4,5,TV Series,8.6,4903,8.5,529228,62.0,"Drama ,Mystery ,Sci-Fi",24.0,7.0,2022.0
236,Westworld,4,6,TV Series,8.1,4173,8.5,529228,62.0,"Drama ,Mystery ,Sci-Fi",31.0,7.0,2022.0
236,Westworld,4,7,TV Series,8.2,4186,8.5,529228,62.0,"Drama ,Mystery ,Sci-Fi",7.0,8.0,2022.0
236,Westworld,4,8,TV Series,6.9,4844,8.5,529228,62.0,"Drama ,Mystery ,Sci-Fi",14.0,8.0,2022.0
236,Westworld,3,6,TV Series,8.2,8475,8.5,529228,62.0,"Drama ,Mystery ,Sci-Fi",19.0,4.0,2020.0
236,Westworld,3,5,TV Series,7.9,9668,8.5,529228,62.0,"Drama ,Mystery ,Sci-Fi",12.0,4.0,2020.0
236,Westworld,3,7,TV Series,7.8,8006,8.5,529228,62.0,"Drama ,Mystery ,Sci-Fi",26.0,4.0,2020.0
236,Westworld,3,8,TV Series,7.2,9822,8.5,529228,62.0,"Drama ,Mystery ,Sci-Fi",3.0,5.0,2020.0
237,Umbre,1,5,TV Series,8.4,179,8.7,11329,45.0,"Crime ,Drama ,Thriller",18.0,1.0,2015.0
237,Umbre,1,6,TV Series,8.4,179,8.7,11329,45.0,"Crime ,Drama ,Thriller",25.0,1.0,2015.0
237,Umbre,1,4,TV Series,8.6,190,8.7,11329,45.0,"Crime ,Drama ,Thriller",11.0,1.0,2015.0
237,Umbre,1,3,TV Series,8.0,201,8.7,11329,45.0,"Crime ,Drama ,Thriller",4.0,1.0,2015.0
237,Umbre,1,7,TV Series,8.4,173,8.7,11329,45.0,"Crime ,Drama ,Thriller",1.0,2.0,2015.0
237,Umbre,1,2,TV Series,8.2,213,8.7,11329,45.0,"Crime ,Drama ,Thriller",28.0,12.0,2014.0
237,Umbre,2,1,TV Series,8.8,191,8.7,11329,45.0,"Crime ,Drama ,Thriller",12.0,11.0,2017.0
237,Umbre,2,2,TV Series,8.6,161,8.7,11329,45.0,"Crime ,Drama ,Thriller",19.0,11.0,2017.0
237,Umbre,2,5,TV Series,8.8,176,8.7,11329,45.0,"Crime ,Drama ,Thriller",10.0,12.0,2017.0
237,Umbre,2,6,TV Series,9.0,211,8.7,11329,45.0,"Crime ,Drama ,Thriller",17.0,12.0,2017.0
237,Umbre,2,3,TV Series,8.7,154,8.7,11329,45.0,"Crime ,Drama ,Thriller",26.0,11.0,2017.0
237,Umbre,2,4,TV Series,9.0,171,8.7,11329,45.0,"Crime ,Drama ,Thriller",3.0,12.0,2017.0
237,Umbre,3,2,TV Series,8.8,168,8.7,11329,45.0,"Crime ,Drama ,Thriller",20.0,11.0,2019.0
237,Umbre,3,1,TV Series,8.8,191,8.7,11329,45.0,"Crime ,Drama ,Thriller",20.0,11.0,2019.0
237,Umbre,3,3,TV Series,9.0,162,8.7,11329,45.0,"Crime ,Drama ,Thriller",27.0,11.0,2019.0
237,Umbre,3,4,TV Series,9.1,155,8.7,11329,45.0,"Crime ,Drama ,Thriller",4.0,12.0,2019.0
237,Umbre,3,6,TV Series,9.4,199,8.7,11329,45.0,"Crime ,Drama ,Thriller",18.0,12.0,2019.0
237,Umbre,3,5,TV Series,9.1,166,8.7,11329,45.0,"Crime ,Drama ,Thriller",11.0,12.0,2019.0
237,Umbre,3,7,TV Series,9.4,239,8.7,11329,45.0,"Crime ,Drama ,Thriller",18.0,12.0,2019.0
237,Umbre,1,8,TV Series,8.3,178,8.7,11329,45.0,"Crime ,Drama ,Thriller",8.0,2.0,2015.0
237,Umbre,1,1,TV Series,8.0,263,8.7,11329,45.0,"Crime ,Drama ,Thriller",28.0,12.0,2014.0
238,My Brilliant Friend,3,2,TV Series,8.6,312,8.6,17491,60.0,Drama,6.0,3.0,2022.0
238,My Brilliant Friend,3,3,TV Series,8.2,251,8.6,17491,60.0,Drama,14.0,3.0,2022.0
238,My Brilliant Friend,1,1,TV Series,8.1,825,8.6,17491,60.0,Drama,18.0,11.0,2018.0
238,My Brilliant Friend,1,8,TV Series,8.7,556,8.6,17491,60.0,Drama,10.0,12.0,2018.0
238,My Brilliant Friend,2,1,TV Series,8.2,489,8.6,17491,60.0,Drama,16.0,3.0,2020.0
238,My Brilliant Friend,1,4,TV Series,8.4,585,8.6,17491,60.0,Drama,26.0,11.0,2018.0
238,My Brilliant Friend,1,5,TV Series,8.1,532,8.6,17491,60.0,Drama,2.0,12.0,2018.0
238,My Brilliant Friend,2,3,TV Series,8.3,393,8.6,17491,60.0,Drama,17.0,2.0,2020.0
238,My Brilliant Friend,2,2,TV Series,8.3,404,8.6,17491,60.0,Drama,10.0,2.0,2020.0
238,My Brilliant Friend,2,4,TV Series,8.4,391,8.6,17491,60.0,Drama,17.0,2.0,2020.0
238,My Brilliant Friend,2,5,TV Series,8.5,384,8.6,17491,60.0,Drama,24.0,2.0,2020.0
238,My Brilliant Friend,2,7,TV Series,8.6,376,8.6,17491,60.0,Drama,2.0,3.0,2020.0
238,My Brilliant Friend,2,6,TV Series,8.4,359,8.6,17491,60.0,Drama,24.0,2.0,2020.0
238,My Brilliant Friend,1,6,TV Series,8.8,599,8.6,17491,60.0,Drama,3.0,12.0,2018.0
238,My Brilliant Friend,1,7,TV Series,8.1,498,8.6,17491,60.0,Drama,9.0,12.0,2018.0
238,My Brilliant Friend,2,8,TV Series,9.0,465,8.6,17491,60.0,Drama,2.0,3.0,2020.0
238,My Brilliant Friend,3,1,TV Series,8.0,320,8.6,17491,60.0,Drama,28.0,2.0,2022.0
238,My Brilliant Friend,3,4,TV Series,8.2,246,8.6,17491,60.0,Drama,28.0,3.0,2022.0
238,My Brilliant Friend,3,5,TV Series,8.1,235,8.6,17491,60.0,Drama,28.0,3.0,2022.0
238,My Brilliant Friend,3,8,TV Series,8.5,340,8.6,17491,60.0,Drama,18.0,4.0,2022.0
238,My Brilliant Friend,4,1,TV Series,7.3,0,8.6,17491,60.0,Drama,35.0,15.0,2050.0
238,My Brilliant Friend,3,6,TV Series,8.6,270,8.6,17491,60.0,Drama,4.0,4.0,2022.0
238,My Brilliant Friend,3,7,TV Series,8.1,239,8.6,17491,60.0,Drama,11.0,4.0,2022.0
238,My Brilliant Friend,1,3,TV Series,8.3,595,8.6,17491,60.0,Drama,25.0,11.0,2018.0
238,My Brilliant Friend,1,2,TV Series,8.6,707,8.6,17491,60.0,Drama,19.0,11.0,2018.0
239,Wentworth,7,7,TV Series,8.5,318,8.6,24282,45.0,"Crime ,Drama ,Thriller",9.0,7.0,2019.0
239,Wentworth,7,6,TV Series,8.4,314,8.6,24282,45.0,"Crime ,Drama ,Thriller",2.0,7.0,2019.0
239,Wentworth,7,5,TV Series,8.7,308,8.6,24282,45.0,"Crime ,Drama ,Thriller",25.0,6.0,2019.0
239,Wentworth,4,8,TV Series,9.5,531,8.6,24282,45.0,"Crime ,Drama ,Thriller",28.0,6.0,2016.0
239,Wentworth,4,7,TV Series,9.0,402,8.6,24282,45.0,"Crime ,Drama ,Thriller",21.0,6.0,2016.0
239,Wentworth,7,2,TV Series,8.7,326,8.6,24282,45.0,"Crime ,Drama ,Thriller",4.0,6.0,2019.0
239,Wentworth,7,1,TV Series,8.6,374,8.6,24282,45.0,"Crime ,Drama ,Thriller",28.0,5.0,2019.0
239,Wentworth,6,12,TV Series,9.0,338,8.6,24282,45.0,"Crime ,Drama ,Thriller",4.0,9.0,2018.0
239,Wentworth,6,11,TV Series,8.8,296,8.6,24282,45.0,"Crime ,Drama ,Thriller",28.0,8.0,2018.0
239,Wentworth,6,10,TV Series,8.5,291,8.6,24282,45.0,"Crime ,Drama ,Thriller",21.0,8.0,2018.0
239,Wentworth,6,9,TV Series,8.5,301,8.6,24282,45.0,"Crime ,Drama ,Thriller",14.0,8.0,2018.0
239,Wentworth,6,8,TV Series,8.5,302,8.6,24282,45.0,"Crime ,Drama ,Thriller",7.0,8.0,2018.0
239,Wentworth,6,7,TV Series,9.0,321,8.6,24282,45.0,"Crime ,Drama ,Thriller",31.0,7.0,2018.0
239,Wentworth,6,6,TV Series,8.4,306,8.6,24282,45.0,"Crime ,Drama ,Thriller",24.0,7.0,2018.0
239,Wentworth,6,5,TV Series,8.4,322,8.6,24282,45.0,"Crime ,Drama ,Thriller",17.0,7.0,2018.0
239,Wentworth,9,4,TV Series,8.8,234,8.6,24282,45.0,"Crime ,Drama ,Thriller",14.0,9.0,2021.0
239,Wentworth,8,10,TV Series,9.0,284,8.6,24282,45.0,"Crime ,Drama ,Thriller",29.0,9.0,2020.0
239,Wentworth,8,9,TV Series,8.6,214,8.6,24282,45.0,"Crime ,Drama ,Thriller",22.0,9.0,2020.0
239,Wentworth,9,3,TV Series,8.7,235,8.6,24282,45.0,"Crime ,Drama ,Thriller",7.0,9.0,2021.0
239,Wentworth,9,2,TV Series,8.9,257,8.6,24282,45.0,"Crime ,Drama ,Thriller",31.0,8.0,2021.0
239,Wentworth,9,1,TV Series,8.9,293,8.6,24282,45.0,"Crime ,Drama ,Thriller",24.0,8.0,2021.0
239,Wentworth,5,12,TV Series,9.6,630,8.6,24282,45.0,"Crime ,Drama ,Thriller",20.0,6.0,2017.0
239,Wentworth,5,11,TV Series,9.4,398,8.6,24282,45.0,"Crime ,Drama ,Thriller",13.0,6.0,2017.0
239,Wentworth,8,8,TV Series,8.3,214,8.6,24282,45.0,"Crime ,Drama ,Thriller",15.0,9.0,2020.0
239,Wentworth,8,7,TV Series,8.6,229,8.6,24282,45.0,"Crime ,Drama ,Thriller",8.0,9.0,2020.0
239,Wentworth,8,6,TV Series,8.3,223,8.6,24282,45.0,"Crime ,Drama ,Thriller",1.0,9.0,2020.0
239,Wentworth,8,5,TV Series,8.1,227,8.6,24282,45.0,"Crime ,Drama ,Thriller",25.0,8.0,2020.0
239,Wentworth,8,4,TV Series,8.5,242,8.6,24282,45.0,"Crime ,Drama ,Thriller",18.0,8.0,2020.0
239,Wentworth,8,3,TV Series,7.5,266,8.6,24282,45.0,"Crime ,Drama ,Thriller",11.0,8.0,2020.0
239,Wentworth,8,2,TV Series,8.2,258,8.6,24282,45.0,"Crime ,Drama ,Thriller",4.0,8.0,2020.0
239,Wentworth,2,4,TV Series,8.8,429,8.6,24282,45.0,"Crime ,Drama ,Thriller",10.0,6.0,2014.0
239,Wentworth,2,3,TV Series,8.6,421,8.6,24282,45.0,"Crime ,Drama ,Thriller",3.0,6.0,2014.0
239,Wentworth,2,2,TV Series,8.4,422,8.6,24282,45.0,"Crime ,Drama ,Thriller",27.0,5.0,2014.0
239,Wentworth,2,1,TV Series,8.5,454,8.6,24282,45.0,"Crime ,Drama ,Thriller",20.0,5.0,2014.0
239,Wentworth,1,8,TV Series,8.7,469,8.6,24282,45.0,"Crime ,Drama ,Thriller",19.0,6.0,2013.0
239,Wentworth,1,7,TV Series,8.4,456,8.6,24282,45.0,"Crime ,Drama ,Thriller",12.0,6.0,2013.0
239,Wentworth,1,6,TV Series,8.1,457,8.6,24282,45.0,"Crime ,Drama ,Thriller",5.0,6.0,2013.0
239,Wentworth,1,5,TV Series,8.0,474,8.6,24282,45.0,"Crime ,Drama ,Thriller",29.0,5.0,2013.0
239,Wentworth,1,4,TV Series,7.9,489,8.6,24282,45.0,"Crime ,Drama ,Thriller",22.0,5.0,2013.0
239,Wentworth,1,3,TV Series,7.8,527,8.6,24282,45.0,"Crime ,Drama ,Thriller",15.0,5.0,2013.0
239,Wentworth,1,2,TV Series,7.8,543,8.6,24282,45.0,"Crime ,Drama ,Thriller",8.0,5.0,2013.0
239,Wentworth,1,1,TV Series,8.1,686,8.6,24282,45.0,"Crime ,Drama ,Thriller",1.0,5.0,2013.0
239,Wentworth,3,8,TV Series,9.0,438,8.6,24282,45.0,"Crime ,Drama ,Thriller",26.0,5.0,2015.0
239,Wentworth,3,7,TV Series,8.8,405,8.6,24282,45.0,"Crime ,Drama ,Thriller",19.0,5.0,2015.0
239,Wentworth,3,6,TV Series,8.7,395,8.6,24282,45.0,"Crime ,Drama ,Thriller",12.0,5.0,2015.0
239,Wentworth,3,5,TV Series,8.4,391,8.6,24282,45.0,"Crime ,Drama ,Thriller",5.0,5.0,2015.0
239,Wentworth,3,2,TV Series,8.8,413,8.6,24282,45.0,"Crime ,Drama ,Thriller",14.0,4.0,2015.0
239,Wentworth,3,1,TV Series,9.4,553,8.6,24282,45.0,"Crime ,Drama ,Thriller",7.0,4.0,2015.0
239,Wentworth,2,12,TV Series,9.5,620,8.6,24282,45.0,"Crime ,Drama ,Thriller",5.0,8.0,2014.0
239,Wentworth,2,11,TV Series,9.4,533,8.6,24282,45.0,"Crime ,Drama ,Thriller",29.0,7.0,2014.0
239,Wentworth,2,10,TV Series,8.6,409,8.6,24282,45.0,"Crime ,Drama ,Thriller",22.0,7.0,2014.0
239,Wentworth,2,9,TV Series,8.8,424,8.6,24282,45.0,"Crime ,Drama ,Thriller",15.0,7.0,2014.0
239,Wentworth,2,8,TV Series,8.6,406,8.6,24282,45.0,"Crime ,Drama ,Thriller",8.0,7.0,2014.0
239,Wentworth,2,7,TV Series,8.7,420,8.6,24282,45.0,"Crime ,Drama ,Thriller",1.0,7.0,2014.0
239,Wentworth,2,6,TV Series,8.7,421,8.6,24282,45.0,"Crime ,Drama ,Thriller",24.0,6.0,2014.0
239,Wentworth,2,5,TV Series,8.5,397,8.6,24282,45.0,"Crime ,Drama ,Thriller",17.0,6.0,2014.0
239,Wentworth,4,12,TV Series,9.5,629,8.6,24282,45.0,"Crime ,Drama ,Thriller",26.0,7.0,2016.0
239,Wentworth,4,11,TV Series,9.3,430,8.6,24282,45.0,"Crime ,Drama ,Thriller",19.0,7.0,2016.0
239,Wentworth,4,10,TV Series,8.8,388,8.6,24282,45.0,"Crime ,Drama ,Thriller",12.0,7.0,2016.0
239,Wentworth,4,9,TV Series,8.9,401,8.6,24282,45.0,"Crime ,Drama ,Thriller",5.0,7.0,2016.0
239,Wentworth,1,10,TV Series,9.1,548,8.6,24282,45.0,"Crime ,Drama ,Thriller",3.0,7.0,2013.0
239,Wentworth,1,9,TV Series,8.7,472,8.6,24282,45.0,"Crime ,Drama ,Thriller",26.0,6.0,2013.0
239,Wentworth,4,6,TV Series,8.7,388,8.6,24282,45.0,"Crime ,Drama ,Thriller",14.0,6.0,2016.0
239,Wentworth,4,5,TV Series,8.8,399,8.6,24282,45.0,"Crime ,Drama ,Thriller",7.0,6.0,2016.0
239,Wentworth,4,4,TV Series,9.0,407,8.6,24282,45.0,"Crime ,Drama ,Thriller",31.0,5.0,2016.0
239,Wentworth,4,3,TV Series,8.9,408,8.6,24282,45.0,"Crime ,Drama ,Thriller",24.0,5.0,2016.0
239,Wentworth,4,2,TV Series,8.8,417,8.6,24282,45.0,"Crime ,Drama ,Thriller",17.0,5.0,2016.0
239,Wentworth,4,1,TV Series,8.9,481,8.6,24282,45.0,"Crime ,Drama ,Thriller",10.0,5.0,2016.0
239,Wentworth,3,12,TV Series,9.5,581,8.6,24282,45.0,"Crime ,Drama ,Thriller",23.0,6.0,2015.0
239,Wentworth,3,11,TV Series,9.2,425,8.6,24282,45.0,"Crime ,Drama ,Thriller",16.0,6.0,2015.0
239,Wentworth,3,10,TV Series,9.0,423,8.6,24282,45.0,"Crime ,Drama ,Thriller",9.0,6.0,2015.0
239,Wentworth,3,9,TV Series,8.8,405,8.6,24282,45.0,"Crime ,Drama ,Thriller",2.0,6.0,2015.0
239,Wentworth,6,4,TV Series,8.0,319,8.6,24282,45.0,"Crime ,Drama ,Thriller",10.0,7.0,2018.0
239,Wentworth,6,3,TV Series,9.0,393,8.6,24282,45.0,"Crime ,Drama ,Thriller",3.0,7.0,2018.0
239,Wentworth,6,2,TV Series,8.5,337,8.6,24282,45.0,"Crime ,Drama ,Thriller",26.0,6.0,2018.0
239,Wentworth,6,1,TV Series,8.2,381,8.6,24282,45.0,"Crime ,Drama ,Thriller",19.0,6.0,2018.0
239,Wentworth,3,4,TV Series,8.8,401,8.6,24282,45.0,"Crime ,Drama ,Thriller",28.0,4.0,2015.0
239,Wentworth,3,3,TV Series,8.7,411,8.6,24282,45.0,"Crime ,Drama ,Thriller",21.0,4.0,2015.0
239,Wentworth,5,10,TV Series,8.9,337,8.6,24282,45.0,"Crime ,Drama ,Thriller",6.0,6.0,2017.0
239,Wentworth,5,9,TV Series,8.5,325,8.6,24282,45.0,"Crime ,Drama ,Thriller",30.0,5.0,2017.0
239,Wentworth,5,8,TV Series,8.3,333,8.6,24282,45.0,"Crime ,Drama ,Thriller",23.0,5.0,2017.0
239,Wentworth,5,7,TV Series,8.5,337,8.6,24282,45.0,"Crime ,Drama ,Thriller",16.0,5.0,2017.0
239,Wentworth,5,6,TV Series,9.1,380,8.6,24282,45.0,"Crime ,Drama ,Thriller",9.0,5.0,2017.0
239,Wentworth,5,5,TV Series,8.8,346,8.6,24282,45.0,"Crime ,Drama ,Thriller",2.0,5.0,2017.0
239,Wentworth,5,4,TV Series,8.8,339,8.6,24282,45.0,"Crime ,Drama ,Thriller",25.0,4.0,2017.0
239,Wentworth,5,3,TV Series,8.5,348,8.6,24282,45.0,"Crime ,Drama ,Thriller",18.0,4.0,2017.0
239,Wentworth,5,2,TV Series,8.6,356,8.6,24282,45.0,"Crime ,Drama ,Thriller",11.0,4.0,2017.0
239,Wentworth,5,1,TV Series,8.6,384,8.6,24282,45.0,"Crime ,Drama ,Thriller",4.0,4.0,2017.0
239,Wentworth,7,10,TV Series,9.6,609,8.6,24282,45.0,"Crime ,Drama ,Thriller",31.0,7.0,2019.0
239,Wentworth,9,10,TV Series,9.4,417,8.6,24282,45.0,"Crime ,Drama ,Thriller",26.0,10.0,2021.0
239,Wentworth,9,9,TV Series,9.2,248,8.6,24282,45.0,"Crime ,Drama ,Thriller",19.0,10.0,2021.0
239,Wentworth,9,8,TV Series,8.9,224,8.6,24282,45.0,"Crime ,Drama ,Thriller",12.0,10.0,2021.0
239,Wentworth,7,9,TV Series,9.6,481,8.6,24282,45.0,"Crime ,Drama ,Thriller",23.0,7.0,2019.0
239,Wentworth,7,8,TV Series,8.7,317,8.6,24282,45.0,"Crime ,Drama ,Thriller",16.0,7.0,2019.0
239,Wentworth,7,4,TV Series,9.1,370,8.6,24282,45.0,"Crime ,Drama ,Thriller",18.0,6.0,2019.0
239,Wentworth,7,3,TV Series,8.4,308,8.6,24282,45.0,"Crime ,Drama ,Thriller",11.0,6.0,2019.0
239,Wentworth,9,5,TV Series,9.0,248,8.6,24282,45.0,"Crime ,Drama ,Thriller",21.0,9.0,2021.0
239,Wentworth,9,6,TV Series,8.9,237,8.6,24282,45.0,"Crime ,Drama ,Thriller",28.0,9.0,2021.0
239,Wentworth,9,7,TV Series,8.8,230,8.6,24282,45.0,"Crime ,Drama ,Thriller",5.0,10.0,2021.0
239,Wentworth,8,1,TV Series,8.5,309,8.6,24282,45.0,"Crime ,Drama ,Thriller",28.0,7.0,2020.0
240,Community,1,7,TV Series,8.6,5115,8.5,290195,22.0,Comedy,29.0,10.0,2009.0
240,Community,1,8,TV Series,7.8,4323,8.5,290195,22.0,Comedy,5.0,11.0,2009.0
240,Community,1,9,TV Series,8.7,5160,8.5,290195,22.0,Comedy,12.0,11.0,2009.0
240,Community,1,25,TV Series,8.4,4344,8.5,290195,22.0,Comedy,20.0,5.0,2010.0
240,Community,1,24,TV Series,8.1,4020,8.5,290195,22.0,Comedy,13.0,5.0,2010.0
240,Community,1,23,TV Series,9.8,14047,8.5,290195,22.0,Comedy,6.0,5.0,2010.0
240,Community,1,13,TV Series,7.8,4322,8.5,290195,22.0,Comedy,14.0,1.0,2010.0
240,Community,1,12,TV Series,8.3,4523,8.5,290195,22.0,Comedy,10.0,12.0,2009.0
240,Community,1,11,TV Series,7.7,4183,8.5,290195,22.0,Comedy,3.0,12.0,2009.0
240,Community,1,10,TV Series,8.1,4367,8.5,290195,22.0,Comedy,19.0,11.0,2009.0
240,Community,2,16,TV Series,8.7,4557,8.5,290195,22.0,Comedy,17.0,2.0,2011.0
240,Community,2,15,TV Series,7.9,3933,8.5,290195,22.0,Comedy,10.0,2.0,2011.0
240,Community,2,14,TV Series,9.5,7532,8.5,290195,22.0,Comedy,3.0,2.0,2011.0
240,Community,1,6,TV Series,7.6,4411,8.5,290195,22.0,Comedy,22.0,10.0,2009.0
240,Community,1,5,TV Series,7.7,4493,8.5,290195,22.0,Comedy,15.0,10.0,2009.0
240,Community,1,4,TV Series,8.0,4699,8.5,290195,22.0,Comedy,8.0,10.0,2009.0
240,Community,6,13,TV Series,9.4,6482,8.5,290195,22.0,Comedy,2.0,6.0,2015.0
240,Community,5,12,TV Series,7.6,3042,8.5,290195,22.0,Comedy,10.0,4.0,2014.0
240,Community,5,11,TV Series,7.8,3643,8.5,290195,22.0,Comedy,3.0,4.0,2014.0
240,Community,5,10,TV Series,8.3,3593,8.5,290195,22.0,Comedy,20.0,3.0,2014.0
240,Community,1,3,TV Series,8.1,5109,8.5,290195,22.0,Comedy,1.0,10.0,2009.0
240,Community,1,2,TV Series,7.7,5154,8.5,290195,22.0,Comedy,24.0,9.0,2009.0
240,Community,1,1,TV Series,7.5,5915,8.5,290195,22.0,Comedy,17.0,9.0,2009.0
240,Community,2,4,TV Series,8.6,4786,8.5,290195,22.0,Comedy,14.0,10.0,2010.0
240,Community,2,3,TV Series,7.9,4013,8.5,290195,22.0,Comedy,7.0,10.0,2010.0
240,Community,2,2,TV Series,8.2,4139,8.5,290195,22.0,Comedy,30.0,9.0,2010.0
240,Community,2,1,TV Series,8.6,4605,8.5,290195,22.0,Comedy,23.0,9.0,2010.0
240,Community,3,8,TV Series,9.0,5237,8.5,290195,22.0,Comedy,17.0,11.0,2011.0
240,Community,3,7,TV Series,8.5,4230,8.5,290195,22.0,Comedy,10.0,11.0,2011.0
240,Community,3,6,TV Series,7.5,3869,8.5,290195,22.0,Comedy,3.0,11.0,2011.0
240,Community,1,22,TV Series,7.8,4274,8.5,290195,22.0,Comedy,29.0,4.0,2010.0
240,Community,1,21,TV Series,9.3,6723,8.5,290195,22.0,Comedy,22.0,4.0,2010.0
240,Community,1,20,TV Series,8.3,4226,8.5,290195,22.0,Comedy,25.0,3.0,2010.0
240,Community,1,19,TV Series,8.3,4340,8.5,290195,22.0,Comedy,18.0,3.0,2010.0
240,Community,1,18,TV Series,7.8,4114,8.5,290195,22.0,Comedy,11.0,3.0,2010.0
240,Community,1,17,TV Series,8.9,5298,8.5,290195,22.0,Comedy,4.0,3.0,2010.0
240,Community,1,16,TV Series,8.3,4262,8.5,290195,22.0,Comedy,11.0,2.0,2010.0
240,Community,1,15,TV Series,7.9,4095,8.5,290195,22.0,Comedy,4.0,2.0,2010.0
240,Community,1,14,TV Series,7.8,4113,8.5,290195,22.0,Comedy,21.0,1.0,2010.0
240,Community,2,20,TV Series,7.4,3730,8.5,290195,22.0,Comedy,14.0,4.0,2011.0
240,Community,2,19,TV Series,8.9,5299,8.5,290195,22.0,Comedy,24.0,3.0,2011.0
240,Community,2,18,TV Series,7.3,3781,8.5,290195,22.0,Comedy,17.0,3.0,2011.0
240,Community,2,17,TV Series,8.1,4040,8.5,290195,22.0,Comedy,24.0,2.0,2011.0
240,Community,4,2,TV Series,7.5,3693,8.5,290195,22.0,Comedy,14.0,2.0,2013.0
240,Community,4,1,TV Series,7.2,4067,8.5,290195,22.0,Comedy,7.0,2.0,2013.0
240,Community,3,22,TV Series,8.7,4057,8.5,290195,22.0,Comedy,17.0,5.0,2012.0
240,Community,2,13,TV Series,7.8,3945,8.5,290195,22.0,Comedy,27.0,1.0,2011.0
240,Community,2,12,TV Series,7.9,3835,8.5,290195,22.0,Comedy,20.0,1.0,2011.0
240,Community,2,11,TV Series,8.6,5956,8.5,290195,22.0,Comedy,9.0,12.0,2010.0
240,Community,2,10,TV Series,8.4,4482,8.5,290195,22.0,Comedy,2.0,12.0,2010.0
240,Community,2,9,TV Series,9.4,6804,8.5,290195,22.0,Comedy,18.0,11.0,2010.0
240,Community,2,8,TV Series,9.1,5620,8.5,290195,22.0,Comedy,11.0,11.0,2010.0
240,Community,2,7,TV Series,8.3,4545,8.5,290195,22.0,Comedy,4.0,11.0,2010.0
240,Community,2,6,TV Series,9.2,6569,8.5,290195,22.0,Comedy,28.0,10.0,2010.0
240,Community,2,5,TV Series,7.7,4455,8.5,290195,22.0,Comedy,21.0,10.0,2010.0
240,Community,3,12,TV Series,7.9,3790,8.5,290195,22.0,Comedy,22.0,3.0,2012.0
240,Community,3,11,TV Series,7.6,3709,8.5,290195,22.0,Comedy,15.0,3.0,2012.0
240,Community,3,10,TV Series,8.5,4795,8.5,290195,22.0,Comedy,8.0,12.0,2011.0
240,Community,3,9,TV Series,8.3,4067,8.5,290195,22.0,Comedy,1.0,12.0,2011.0
240,Community,5,5,TV Series,9.4,5734,8.5,290195,22.0,Comedy,23.0,1.0,2014.0
240,Community,5,4,TV Series,9.2,5089,8.5,290195,22.0,Comedy,16.0,1.0,2014.0
240,Community,5,3,TV Series,9.0,5084,8.5,290195,22.0,Comedy,9.0,1.0,2014.0
240,Community,3,5,TV Series,8.7,4651,8.5,290195,22.0,Comedy,27.0,10.0,2011.0
240,Community,3,4,TV Series,9.8,13523,8.5,290195,22.0,Comedy,13.0,10.0,2011.0
240,Community,3,3,TV Series,7.9,3966,8.5,290195,22.0,Comedy,6.0,10.0,2011.0
240,Community,3,2,TV Series,7.9,3963,8.5,290195,22.0,Comedy,29.0,9.0,2011.0
240,Community,3,1,TV Series,7.9,4013,8.5,290195,22.0,Comedy,22.0,9.0,2011.0
240,Community,2,24,TV Series,9.5,6924,8.5,290195,22.0,Comedy,12.0,5.0,2011.0
240,Community,2,23,TV Series,9.6,8388,8.5,290195,22.0,Comedy,5.0,5.0,2011.0
240,Community,2,22,TV Series,7.9,3759,8.5,290195,22.0,Comedy,28.0,4.0,2011.0
240,Community,2,21,TV Series,9.0,5263,8.5,290195,22.0,Comedy,21.0,4.0,2011.0
240,Community,4,6,TV Series,7.4,3383,8.5,290195,22.0,Comedy,14.0,3.0,2013.0
240,Community,4,5,TV Series,7.4,3501,8.5,290195,22.0,Comedy,7.0,3.0,2013.0
240,Community,4,4,TV Series,7.0,3454,8.5,290195,22.0,Comedy,28.0,2.0,2013.0
240,Community,4,3,TV Series,7.2,3648,8.5,290195,22.0,Comedy,21.0,2.0,2013.0
240,Community,6,8,TV Series,7.7,3088,8.5,290195,22.0,Comedy,28.0,4.0,2015.0
240,Community,6,7,TV Series,7.2,3014,8.5,290195,22.0,Comedy,21.0,4.0,2015.0
240,Community,6,6,TV Series,7.4,3047,8.5,290195,22.0,Comedy,14.0,4.0,2015.0
240,Community,3,21,TV Series,9.0,4514,8.5,290195,22.0,Comedy,17.0,5.0,2012.0
240,Community,3,20,TV Series,9.4,6455,8.5,290195,22.0,Comedy,17.0,5.0,2012.0
240,Community,3,19,TV Series,9.1,4876,8.5,290195,22.0,Comedy,10.0,5.0,2012.0
240,Community,3,18,TV Series,8.1,3664,8.5,290195,22.0,Comedy,3.0,5.0,2012.0
240,Community,3,17,TV Series,9.4,6364,8.5,290195,22.0,Comedy,26.0,4.0,2012.0
240,Community,3,16,TV Series,8.5,4235,8.5,290195,22.0,Comedy,19.0,4.0,2012.0
240,Community,3,15,TV Series,8.0,3761,8.5,290195,22.0,Comedy,12.0,4.0,2012.0
240,Community,3,14,TV Series,9.3,6333,8.5,290195,22.0,Comedy,5.0,4.0,2012.0
240,Community,3,13,TV Series,8.1,3845,8.5,290195,22.0,Comedy,29.0,3.0,2012.0
240,Community,5,9,TV Series,7.9,3352,8.5,290195,22.0,Comedy,13.0,3.0,2014.0
240,Community,5,8,TV Series,8.9,4657,8.5,290195,22.0,Comedy,6.0,3.0,2014.0
240,Community,5,7,TV Series,7.7,3247,8.5,290195,22.0,Comedy,27.0,2.0,2014.0
240,Community,5,6,TV Series,8.0,3582,8.5,290195,22.0,Comedy,30.0,1.0,2014.0
240,Community,5,2,TV Series,8.4,3910,8.5,290195,22.0,Comedy,2.0,1.0,2014.0
240,Community,5,1,TV Series,7.7,3837,8.5,290195,22.0,Comedy,2.0,1.0,2014.0
240,Community,4,13,TV Series,7.7,3595,8.5,290195,22.0,Comedy,9.0,5.0,2013.0
240,Community,4,12,TV Series,8.1,3771,8.5,290195,22.0,Comedy,2.0,5.0,2013.0
240,Community,4,11,TV Series,7.9,3526,8.5,290195,22.0,Comedy,25.0,4.0,2013.0
240,Community,4,10,TV Series,7.5,3397,8.5,290195,22.0,Comedy,18.0,4.0,2013.0
240,Community,4,9,TV Series,6.8,4005,8.5,290195,22.0,Comedy,11.0,4.0,2013.0
240,Community,4,8,TV Series,7.8,3662,8.5,290195,22.0,Comedy,4.0,4.0,2013.0
240,Community,4,7,TV Series,6.6,3433,8.5,290195,22.0,Comedy,21.0,3.0,2013.0
240,Community,6,12,TV Series,8.5,3576,8.5,290195,22.0,Comedy,26.0,5.0,2015.0
240,Community,6,11,TV Series,8.8,3878,8.5,290195,22.0,Comedy,19.0,5.0,2015.0
240,Community,6,10,TV Series,7.3,3052,8.5,290195,22.0,Comedy,12.0,5.0,2015.0
240,Community,6,9,TV Series,7.5,3019,8.5,290195,22.0,Comedy,5.0,5.0,2015.0
240,Community,6,5,TV Series,7.4,2973,8.5,290195,22.0,Comedy,7.0,4.0,2015.0
240,Community,6,4,TV Series,7.9,3243,8.5,290195,22.0,Comedy,31.0,3.0,2015.0
240,Community,6,3,TV Series,7.5,3107,8.5,290195,22.0,Comedy,24.0,3.0,2015.0
240,Community,6,2,TV Series,7.3,3282,8.5,290195,22.0,Comedy,17.0,3.0,2015.0
240,Community,6,1,TV Series,7.5,3471,8.5,290195,22.0,Comedy,2.0,8.0,2015.0
240,Community,5,13,TV Series,8.0,3177,8.5,290195,22.0,Comedy,17.0,4.0,2014.0
241,Avrupa Yakasi,2,12,TV Series,8.4,30,8.6,20973,60.0,Comedy,1.0,12.0,2004.0
241,Avrupa Yakasi,2,11,TV Series,7.9,32,8.6,20973,60.0,Comedy,17.0,11.0,2004.0
241,Avrupa Yakasi,2,10,TV Series,7.8,29,8.6,20973,60.0,Comedy,10.0,11.0,2004.0
241,Avrupa Yakasi,2,9,TV Series,8.0,29,8.6,20973,60.0,Comedy,3.0,11.0,2004.0
241,Avrupa Yakasi,3,1,TV Series,8.1,24,8.6,20973,60.0,Comedy,14.0,9.0,2005.0
241,Avrupa Yakasi,2,39,TV Series,8.2,24,8.6,20973,60.0,Comedy,15.0,6.0,2005.0
241,Avrupa Yakasi,2,38,TV Series,8.1,24,8.6,20973,60.0,Comedy,8.0,6.0,2005.0
241,Avrupa Yakasi,2,5,TV Series,8.2,32,8.6,20973,60.0,Comedy,6.0,10.0,2004.0
241,Avrupa Yakasi,2,4,TV Series,7.9,30,8.6,20973,60.0,Comedy,29.0,9.0,2004.0
241,Avrupa Yakasi,2,3,TV Series,8.1,35,8.6,20973,60.0,Comedy,22.0,9.0,2004.0
241,Avrupa Yakasi,2,2,TV Series,8.2,33,8.6,20973,60.0,Comedy,15.0,9.0,2004.0
241,Avrupa Yakasi,2,1,TV Series,8.1,32,8.6,20973,60.0,Comedy,8.0,9.0,2004.0
241,Avrupa Yakasi,1,19,TV Series,6.8,83,8.6,20973,60.0,Comedy,23.0,6.0,2004.0
241,Avrupa Yakasi,1,15,TV Series,7.6,42,8.6,20973,60.0,Comedy,26.0,5.0,2004.0
241,Avrupa Yakasi,1,14,TV Series,7.2,82,8.6,20973,60.0,Comedy,19.0,5.0,2004.0
241,Avrupa Yakasi,1,13,TV Series,6.8,70,8.6,20973,60.0,Comedy,12.0,5.0,2004.0
241,Avrupa Yakasi,1,12,TV Series,7.1,82,8.6,20973,60.0,Comedy,5.0,5.0,2004.0
241,Avrupa Yakasi,2,24,TV Series,8.1,46,8.6,20973,60.0,Comedy,2.0,3.0,2005.0
241,Avrupa Yakasi,2,23,TV Series,8.0,47,8.6,20973,60.0,Comedy,23.0,2.0,2005.0
241,Avrupa Yakasi,2,22,TV Series,6.9,76,8.6,20973,60.0,Comedy,16.0,2.0,2005.0
241,Avrupa Yakasi,1,8,TV Series,7.1,80,8.6,20973,60.0,Comedy,7.0,4.0,2004.0
241,Avrupa Yakasi,1,7,TV Series,7.0,77,8.6,20973,60.0,Comedy,31.0,3.0,2004.0
241,Avrupa Yakasi,1,6,TV Series,7.2,76,8.6,20973,60.0,Comedy,24.0,3.0,2004.0
241,Avrupa Yakasi,1,5,TV Series,7.0,81,8.6,20973,60.0,Comedy,17.0,3.0,2004.0
241,Avrupa Yakasi,1,4,TV Series,6.9,84,8.6,20973,60.0,Comedy,10.0,3.0,2004.0
241,Avrupa Yakasi,1,3,TV Series,7.0,95,8.6,20973,60.0,Comedy,25.0,2.0,2004.0
241,Avrupa Yakasi,1,11,TV Series,6.9,72,8.6,20973,60.0,Comedy,28.0,4.0,2004.0
241,Avrupa Yakasi,1,10,TV Series,7.0,72,8.6,20973,60.0,Comedy,21.0,4.0,2004.0
241,Avrupa Yakasi,1,9,TV Series,7.2,79,8.6,20973,60.0,Comedy,14.0,4.0,2004.0
241,Avrupa Yakasi,2,8,TV Series,8.1,30,8.6,20973,60.0,Comedy,27.0,10.0,2004.0
241,Avrupa Yakasi,2,7,TV Series,7.9,30,8.6,20973,60.0,Comedy,20.0,10.0,2004.0
241,Avrupa Yakasi,2,6,TV Series,8.0,32,8.6,20973,60.0,Comedy,13.0,10.0,2004.0
241,Avrupa Yakasi,2,13,TV Series,8.2,27,8.6,20973,60.0,Comedy,8.0,12.0,2004.0
241,Avrupa Yakasi,3,5,TV Series,8.1,22,8.6,20973,60.0,Comedy,12.0,10.0,2005.0
241,Avrupa Yakasi,3,4,TV Series,8.0,22,8.6,20973,60.0,Comedy,5.0,10.0,2005.0
241,Avrupa Yakasi,3,3,TV Series,7.9,21,8.6,20973,60.0,Comedy,28.0,9.0,2005.0
241,Avrupa Yakasi,3,2,TV Series,8.0,22,8.6,20973,60.0,Comedy,21.0,9.0,2005.0
241,Avrupa Yakasi,3,33,TV Series,7.9,39,8.6,20973,60.0,Comedy,7.0,6.0,2006.0
241,Avrupa Yakasi,3,32,TV Series,7.9,19,8.6,20973,60.0,Comedy,31.0,5.0,2006.0
241,Avrupa Yakasi,3,31,TV Series,8.1,19,8.6,20973,60.0,Comedy,24.0,5.0,2006.0
241,Avrupa Yakasi,2,37,TV Series,7.6,26,8.6,20973,60.0,Comedy,1.0,6.0,2005.0
241,Avrupa Yakasi,2,36,TV Series,7.9,23,8.6,20973,60.0,Comedy,25.0,5.0,2005.0
241,Avrupa Yakasi,2,35,TV Series,8.0,24,8.6,20973,60.0,Comedy,18.0,5.0,2005.0
241,Avrupa Yakasi,2,34,TV Series,7.9,23,8.6,20973,60.0,Comedy,11.0,5.0,2005.0
241,Avrupa Yakasi,2,33,TV Series,8.1,23,8.6,20973,60.0,Comedy,4.0,5.0,2005.0
241,Avrupa Yakasi,2,32,TV Series,8.3,27,8.6,20973,60.0,Comedy,27.0,4.0,2005.0
241,Avrupa Yakasi,1,18,TV Series,7.0,74,8.6,20973,60.0,Comedy,16.0,6.0,2004.0
241,Avrupa Yakasi,1,17,TV Series,6.8,72,8.6,20973,60.0,Comedy,9.0,6.0,2004.0
241,Avrupa Yakasi,1,16,TV Series,6.8,71,8.6,20973,60.0,Comedy,2.0,6.0,2004.0
241,Avrupa Yakasi,2,28,TV Series,8.0,42,8.6,20973,60.0,Comedy,30.0,3.0,2005.0
241,Avrupa Yakasi,2,27,TV Series,8.0,34,8.6,20973,60.0,Comedy,23.0,3.0,2005.0
241,Avrupa Yakasi,2,26,TV Series,8.1,23,8.6,20973,60.0,Comedy,16.0,3.0,2005.0
241,Avrupa Yakasi,2,25,TV Series,8.3,47,8.6,20973,60.0,Comedy,9.0,3.0,2005.0
241,Avrupa Yakasi,3,17,TV Series,7.9,21,8.6,20973,60.0,Comedy,25.0,1.0,2006.0
241,Avrupa Yakasi,3,16,TV Series,8.1,22,8.6,20973,60.0,Comedy,18.0,1.0,2006.0
241,Avrupa Yakasi,3,15,TV Series,8.3,44,8.6,20973,60.0,Comedy,31.0,12.0,2005.0
241,Avrupa Yakasi,2,21,TV Series,7.1,68,8.6,20973,60.0,Comedy,9.0,2.0,2005.0
241,Avrupa Yakasi,2,20,TV Series,7.2,64,8.6,20973,60.0,Comedy,26.0,1.0,2005.0
241,Avrupa Yakasi,2,19,TV Series,6.9,69,8.6,20973,60.0,Comedy,19.0,1.0,2005.0
241,Avrupa Yakasi,2,18,TV Series,7.2,68,8.6,20973,60.0,Comedy,12.0,1.0,2005.0
241,Avrupa Yakasi,2,17,TV Series,7.1,71,8.6,20973,60.0,Comedy,31.0,12.0,2004.0
241,Avrupa Yakasi,2,16,TV Series,7.8,27,8.6,20973,60.0,Comedy,29.0,12.0,2004.0
241,Avrupa Yakasi,1,2,TV Series,7.1,94,8.6,20973,60.0,Comedy,18.0,2.0,2004.0
241,Avrupa Yakasi,1,1,TV Series,7.4,133,8.6,20973,60.0,Comedy,11.0,2.0,2004.0
241,Avrupa Yakasi,2,14,TV Series,7.8,28,8.6,20973,60.0,Comedy,15.0,12.0,2004.0
241,Avrupa Yakasi,2,15,TV Series,8.0,29,8.6,20973,60.0,Comedy,22.0,12.0,2004.0
241,Avrupa Yakasi,3,9,TV Series,8.1,21,8.6,20973,60.0,Comedy,9.0,11.0,2005.0
241,Avrupa Yakasi,3,10,TV Series,8.0,20,8.6,20973,60.0,Comedy,23.0,11.0,2005.0
241,Avrupa Yakasi,3,11,TV Series,7.8,20,8.6,20973,60.0,Comedy,30.0,11.0,2005.0
241,Avrupa Yakasi,3,12,TV Series,8.6,23,8.6,20973,60.0,Comedy,7.0,12.0,2005.0
241,Avrupa Yakasi,3,13,TV Series,8.0,23,8.6,20973,60.0,Comedy,14.0,12.0,2005.0
241,Avrupa Yakasi,3,14,TV Series,7.9,21,8.6,20973,60.0,Comedy,21.0,12.0,2005.0
241,Avrupa Yakasi,4,12,TV Series,7.8,36,8.6,20973,60.0,Comedy,6.0,12.0,2006.0
241,Avrupa Yakasi,4,13,TV Series,8.3,17,8.6,20973,60.0,Comedy,13.0,12.0,2006.0
241,Avrupa Yakasi,4,14,TV Series,8.1,18,8.6,20973,60.0,Comedy,20.0,12.0,2006.0
241,Avrupa Yakasi,3,18,TV Series,7.8,20,8.6,20973,60.0,Comedy,1.0,2.0,2006.0
241,Avrupa Yakasi,3,19,TV Series,7.8,20,8.6,20973,60.0,Comedy,8.0,2.0,2006.0
241,Avrupa Yakasi,3,20,TV Series,8.0,21,8.6,20973,60.0,Comedy,15.0,2.0,2006.0
241,Avrupa Yakasi,3,21,TV Series,8.1,41,8.6,20973,60.0,Comedy,22.0,2.0,2006.0
241,Avrupa Yakasi,2,29,TV Series,7.9,31,8.6,20973,60.0,Comedy,6.0,4.0,2005.0
241,Avrupa Yakasi,2,30,TV Series,7.9,42,8.6,20973,60.0,Comedy,13.0,4.0,2005.0
241,Avrupa Yakasi,2,31,TV Series,7.8,48,8.6,20973,60.0,Comedy,20.0,4.0,2005.0
241,Avrupa Yakasi,3,25,TV Series,8.0,44,8.6,20973,60.0,Comedy,29.0,3.0,2006.0
241,Avrupa Yakasi,3,26,TV Series,7.8,40,8.6,20973,60.0,Comedy,5.0,4.0,2006.0
241,Avrupa Yakasi,3,27,TV Series,7.8,38,8.6,20973,60.0,Comedy,19.0,4.0,2006.0
241,Avrupa Yakasi,3,28,TV Series,7.8,18,8.6,20973,60.0,Comedy,26.0,4.0,2006.0
241,Avrupa Yakasi,3,29,TV Series,7.7,18,8.6,20973,60.0,Comedy,3.0,5.0,2006.0
241,Avrupa Yakasi,3,30,TV Series,7.8,18,8.6,20973,60.0,Comedy,17.0,5.0,2006.0
241,Avrupa Yakasi,4,28,TV Series,7.0,43,8.6,20973,60.0,Comedy,18.0,4.0,2007.0
241,Avrupa Yakasi,4,29,TV Series,8.0,36,8.6,20973,60.0,Comedy,25.0,4.0,2007.0
241,Avrupa Yakasi,4,30,TV Series,8.0,37,8.6,20973,60.0,Comedy,9.0,5.0,2007.0
241,Avrupa Yakasi,3,34,TV Series,8.2,18,8.6,20973,60.0,Comedy,14.0,6.0,2006.0
241,Avrupa Yakasi,3,35,TV Series,8.5,21,8.6,20973,60.0,Comedy,21.0,6.0,2006.0
241,Avrupa Yakasi,4,1,TV Series,7.9,41,8.6,20973,60.0,Comedy,13.0,9.0,2006.0
241,Avrupa Yakasi,4,2,TV Series,8.0,40,8.6,20973,60.0,Comedy,20.0,9.0,2006.0
241,Avrupa Yakasi,3,6,TV Series,7.8,21,8.6,20973,60.0,Comedy,19.0,10.0,2005.0
241,Avrupa Yakasi,4,3,TV Series,8.2,19,8.6,20973,60.0,Comedy,27.0,9.0,2006.0
241,Avrupa Yakasi,4,34,TV Series,7.8,33,8.6,20973,60.0,Comedy,6.0,6.0,2007.0
241,Avrupa Yakasi,4,33,TV Series,7.9,35,8.6,20973,60.0,Comedy,30.0,5.0,2007.0
241,Avrupa Yakasi,4,32,TV Series,7.9,35,8.6,20973,60.0,Comedy,23.0,5.0,2007.0
241,Avrupa Yakasi,4,31,TV Series,7.7,37,8.6,20973,60.0,Comedy,16.0,5.0,2007.0
241,Avrupa Yakasi,5,25,TV Series,8.5,48,8.6,20973,60.0,Comedy,9.0,4.0,2008.0
241,Avrupa Yakasi,5,24,TV Series,7.6,37,8.6,20973,60.0,Comedy,2.0,4.0,2008.0
241,Avrupa Yakasi,5,23,TV Series,8.0,32,8.6,20973,60.0,Comedy,19.0,3.0,2008.0
241,Avrupa Yakasi,4,27,TV Series,7.8,35,8.6,20973,60.0,Comedy,11.0,4.0,2007.0
241,Avrupa Yakasi,4,26,TV Series,8.0,36,8.6,20973,60.0,Comedy,4.0,4.0,2007.0
241,Avrupa Yakasi,4,25,TV Series,8.2,17,8.6,20973,60.0,Comedy,21.0,3.0,2007.0
241,Avrupa Yakasi,4,24,TV Series,7.8,36,8.6,20973,60.0,Comedy,14.0,3.0,2007.0
241,Avrupa Yakasi,4,23,TV Series,7.8,34,8.6,20973,60.0,Comedy,7.0,3.0,2007.0
241,Avrupa Yakasi,4,22,TV Series,7.8,34,8.6,20973,60.0,Comedy,28.0,2.0,2007.0
241,Avrupa Yakasi,3,24,TV Series,8.0,22,8.6,20973,60.0,Comedy,22.0,3.0,2006.0
241,Avrupa Yakasi,3,23,TV Series,8.2,20,8.6,20973,60.0,Comedy,15.0,3.0,2006.0
241,Avrupa Yakasi,3,22,TV Series,8.1,19,8.6,20973,60.0,Comedy,8.0,3.0,2006.0
241,Avrupa Yakasi,4,18,TV Series,8.1,17,8.6,20973,60.0,Comedy,24.0,1.0,2007.0
241,Avrupa Yakasi,4,17,TV Series,8.0,36,8.6,20973,60.0,Comedy,17.0,1.0,2007.0
241,Avrupa Yakasi,4,16,TV Series,7.7,34,8.6,20973,60.0,Comedy,10.0,1.0,2007.0
241,Avrupa Yakasi,4,15,TV Series,8.0,36,8.6,20973,60.0,Comedy,31.0,12.0,2006.0
241,Avrupa Yakasi,5,9,TV Series,8.1,38,8.6,20973,60.0,Comedy,28.0,11.0,2007.0
241,Avrupa Yakasi,5,8,TV Series,7.8,38,8.6,20973,60.0,Comedy,14.0,11.0,2007.0
241,Avrupa Yakasi,5,7,TV Series,7.8,35,8.6,20973,60.0,Comedy,7.0,11.0,2007.0
241,Avrupa Yakasi,4,11,TV Series,7.8,36,8.6,20973,60.0,Comedy,29.0,11.0,2006.0
241,Avrupa Yakasi,4,10,TV Series,7.9,17,8.6,20973,60.0,Comedy,22.0,11.0,2006.0
241,Avrupa Yakasi,4,9,TV Series,7.8,34,8.6,20973,60.0,Comedy,15.0,11.0,2006.0
241,Avrupa Yakasi,4,8,TV Series,8.0,40,8.6,20973,60.0,Comedy,8.0,11.0,2006.0
241,Avrupa Yakasi,4,7,TV Series,8.1,42,8.6,20973,60.0,Comedy,1.0,11.0,2006.0
241,Avrupa Yakasi,4,6,TV Series,7.9,37,8.6,20973,60.0,Comedy,25.0,10.0,2006.0
241,Avrupa Yakasi,3,8,TV Series,8.2,23,8.6,20973,60.0,Comedy,2.0,11.0,2005.0
241,Avrupa Yakasi,3,7,TV Series,8.3,23,8.6,20973,60.0,Comedy,26.0,10.0,2005.0
241,Avrupa Yakasi,4,36,TV Series,7.7,34,8.6,20973,60.0,Comedy,20.0,6.0,2007.0
241,Avrupa Yakasi,4,37,TV Series,8.4,25,8.6,20973,60.0,Comedy,27.0,6.0,2007.0
241,Avrupa Yakasi,6,1,TV Series,7.1,44,8.6,20973,60.0,Comedy,24.0,9.0,2008.0
241,Avrupa Yakasi,6,2,TV Series,7.1,42,8.6,20973,60.0,Comedy,1.0,10.0,2008.0
241,Avrupa Yakasi,6,3,TV Series,7.0,39,8.6,20973,60.0,Comedy,8.0,10.0,2008.0
241,Avrupa Yakasi,6,4,TV Series,7.2,43,8.6,20973,60.0,Comedy,15.0,10.0,2008.0
241,Avrupa Yakasi,6,5,TV Series,6.8,38,8.6,20973,60.0,Comedy,22.0,10.0,2008.0
241,Avrupa Yakasi,6,6,TV Series,7.4,16,8.6,20973,60.0,Comedy,29.0,10.0,2008.0
241,Avrupa Yakasi,6,10,TV Series,6.7,16,8.6,20973,60.0,Comedy,3.0,12.0,2008.0
241,Avrupa Yakasi,6,13,TV Series,6.5,35,8.6,20973,60.0,Comedy,14.0,1.0,2009.0
241,Avrupa Yakasi,6,12,TV Series,6.9,38,8.6,20973,60.0,Comedy,24.0,12.0,2008.0
241,Avrupa Yakasi,6,11,TV Series,7.1,43,8.6,20973,60.0,Comedy,17.0,12.0,2008.0
241,Avrupa Yakasi,5,14,TV Series,7.8,38,8.6,20973,60.0,Comedy,31.0,12.0,2007.0
241,Avrupa Yakasi,6,17,TV Series,6.9,39,8.6,20973,60.0,Comedy,11.0,3.0,2009.0
241,Avrupa Yakasi,5,16,TV Series,8.0,35,8.6,20973,60.0,Comedy,23.0,1.0,2008.0
241,Avrupa Yakasi,5,15,TV Series,8.1,41,8.6,20973,60.0,Comedy,16.0,1.0,2008.0
241,Avrupa Yakasi,6,26,TV Series,6.9,15,8.6,20973,60.0,Comedy,27.0,5.0,2009.0
241,Avrupa Yakasi,5,30,TV Series,7.9,35,8.6,20973,60.0,Comedy,21.0,5.0,2008.0
241,Avrupa Yakasi,6,28,TV Series,8.1,106,8.6,20973,60.0,Comedy,24.0,6.0,2009.0
241,Avrupa Yakasi,6,18,TV Series,6.9,46,8.6,20973,60.0,Comedy,18.0,3.0,2009.0
241,Avrupa Yakasi,6,19,TV Series,6.9,16,8.6,20973,60.0,Comedy,25.0,3.0,2009.0
241,Avrupa Yakasi,6,20,TV Series,7.2,17,8.6,20973,60.0,Comedy,8.0,4.0,2009.0
241,Avrupa Yakasi,6,21,TV Series,6.9,41,8.6,20973,60.0,Comedy,15.0,4.0,2009.0
241,Avrupa Yakasi,6,22,TV Series,7.1,16,8.6,20973,60.0,Comedy,22.0,4.0,2009.0
241,Avrupa Yakasi,6,27,TV Series,6.5,17,8.6,20973,60.0,Comedy,10.0,6.0,2009.0
241,Avrupa Yakasi,6,14,TV Series,6.8,33,8.6,20973,60.0,Comedy,28.0,1.0,2009.0
241,Avrupa Yakasi,5,32,TV Series,8.6,45,8.6,20973,60.0,Comedy,4.0,6.0,2008.0
241,Avrupa Yakasi,6,16,TV Series,6.9,42,8.6,20973,60.0,Comedy,4.0,3.0,2009.0
241,Avrupa Yakasi,6,15,TV Series,6.7,35,8.6,20973,60.0,Comedy,25.0,2.0,2009.0
241,Avrupa Yakasi,5,31,TV Series,8.1,43,8.6,20973,60.0,Comedy,28.0,5.0,2008.0
241,Avrupa Yakasi,5,29,TV Series,7.9,36,8.6,20973,60.0,Comedy,14.0,5.0,2008.0
241,Avrupa Yakasi,4,35,TV Series,7.6,35,8.6,20973,60.0,Comedy,13.0,6.0,2007.0
241,Avrupa Yakasi,4,4,TV Series,8.0,20,8.6,20973,60.0,Comedy,4.0,10.0,2006.0
241,Avrupa Yakasi,4,5,TV Series,7.9,18,8.6,20973,60.0,Comedy,18.0,10.0,2006.0
241,Avrupa Yakasi,5,1,TV Series,8.5,24,8.6,20973,60.0,Comedy,19.0,9.0,2007.0
241,Avrupa Yakasi,5,2,TV Series,7.9,40,8.6,20973,60.0,Comedy,26.0,9.0,2007.0
241,Avrupa Yakasi,5,3,TV Series,8.1,36,8.6,20973,60.0,Comedy,3.0,10.0,2007.0
241,Avrupa Yakasi,5,4,TV Series,7.7,37,8.6,20973,60.0,Comedy,10.0,10.0,2007.0
241,Avrupa Yakasi,5,5,TV Series,8.1,36,8.6,20973,60.0,Comedy,24.0,10.0,2007.0
241,Avrupa Yakasi,5,6,TV Series,8.1,37,8.6,20973,60.0,Comedy,31.0,10.0,2007.0
241,Avrupa Yakasi,6,7,TV Series,7.2,16,8.6,20973,60.0,Comedy,12.0,11.0,2008.0
241,Avrupa Yakasi,6,8,TV Series,7.1,15,8.6,20973,60.0,Comedy,19.0,11.0,2008.0
241,Avrupa Yakasi,6,9,TV Series,7.1,16,8.6,20973,60.0,Comedy,26.0,11.0,2008.0
241,Avrupa Yakasi,5,10,TV Series,8.2,35,8.6,20973,60.0,Comedy,5.0,12.0,2007.0
241,Avrupa Yakasi,5,11,TV Series,7.5,34,8.6,20973,60.0,Comedy,12.0,12.0,2007.0
241,Avrupa Yakasi,5,12,TV Series,8.1,38,8.6,20973,60.0,Comedy,19.0,12.0,2007.0
241,Avrupa Yakasi,5,13,TV Series,7.9,36,8.6,20973,60.0,Comedy,26.0,12.0,2007.0
241,Avrupa Yakasi,4,19,TV Series,7.8,34,8.6,20973,60.0,Comedy,31.0,1.0,2007.0
241,Avrupa Yakasi,4,20,TV Series,8.1,16,8.6,20973,60.0,Comedy,7.0,2.0,2007.0
241,Avrupa Yakasi,4,21,TV Series,8.1,17,8.6,20973,60.0,Comedy,21.0,2.0,2007.0
241,Avrupa Yakasi,5,17,TV Series,8.1,35,8.6,20973,60.0,Comedy,30.0,1.0,2008.0
241,Avrupa Yakasi,5,18,TV Series,7.8,38,8.6,20973,60.0,Comedy,13.0,2.0,2008.0
241,Avrupa Yakasi,5,19,TV Series,7.8,36,8.6,20973,60.0,Comedy,20.0,2.0,2008.0
241,Avrupa Yakasi,5,20,TV Series,8.1,35,8.6,20973,60.0,Comedy,27.0,2.0,2008.0
241,Avrupa Yakasi,5,21,TV Series,7.6,33,8.6,20973,60.0,Comedy,5.0,3.0,2008.0
241,Avrupa Yakasi,5,22,TV Series,7.9,36,8.6,20973,60.0,Comedy,12.0,3.0,2008.0
241,Avrupa Yakasi,6,23,TV Series,6.9,16,8.6,20973,60.0,Comedy,29.0,4.0,2009.0
241,Avrupa Yakasi,6,24,TV Series,6.7,15,8.6,20973,60.0,Comedy,6.0,5.0,2009.0
241,Avrupa Yakasi,6,25,TV Series,7.1,17,8.6,20973,60.0,Comedy,20.0,5.0,2009.0
241,Avrupa Yakasi,5,26,TV Series,7.7,40,8.6,20973,60.0,Comedy,16.0,4.0,2008.0
241,Avrupa Yakasi,5,27,TV Series,7.7,37,8.6,20973,60.0,Comedy,23.0,4.0,2008.0
241,Avrupa Yakasi,5,28,TV Series,8.1,37,8.6,20973,60.0,Comedy,30.0,4.0,2008.0
242,Tear Along the Dotted Line,1,4,TV Mini Series,8.1,368,8.6,12120,20.0,"Animation ,Comedy ,Drama",17.0,11.0,2021.0
242,Tear Along the Dotted Line,1,3,TV Mini Series,7.9,370,8.6,12120,20.0,"Animation ,Comedy ,Drama",17.0,11.0,2021.0
242,Tear Along the Dotted Line,1,6,TV Mini Series,9.1,490,8.6,12120,20.0,"Animation ,Comedy ,Drama",17.0,11.0,2021.0
242,Tear Along the Dotted Line,1,2,TV Mini Series,7.7,390,8.6,12120,20.0,"Animation ,Comedy ,Drama",17.0,11.0,2021.0
242,Tear Along the Dotted Line,1,5,TV Mini Series,8.6,380,8.6,12120,20.0,"Animation ,Comedy ,Drama",17.0,11.0,2021.0
242,Tear Along the Dotted Line,1,1,TV Mini Series,7.8,468,8.6,12120,20.0,"Animation ,Comedy ,Drama",17.0,11.0,2021.0
243,Your Lie in April,1,4,TV Series,8.9,993,8.6,36820,23.0,"Animation ,Comedy ,Drama",31.0,10.0,2014.0
243,Your Lie in April,1,20,TV Series,8.8,781,8.6,36820,23.0,"Animation ,Comedy ,Drama",6.0,3.0,2015.0
243,Your Lie in April,1,21,TV Series,9.0,900,8.6,36820,23.0,"Animation ,Comedy ,Drama",13.0,3.0,2015.0
243,Your Lie in April,1,5,TV Series,7.8,730,8.6,36820,23.0,"Animation ,Comedy ,Drama",7.0,11.0,2014.0
243,Your Lie in April,1,3,TV Series,8.0,763,8.6,36820,23.0,"Animation ,Comedy ,Drama",24.0,10.0,2014.0
243,Your Lie in April,1,7,TV Series,7.8,694,8.6,36820,23.0,"Animation ,Comedy ,Drama",21.0,11.0,2014.0
243,Your Lie in April,1,8,TV Series,8.4,735,8.6,36820,23.0,"Animation ,Comedy ,Drama",28.0,11.0,2014.0
243,Your Lie in April,1,9,TV Series,8.8,774,8.6,36820,23.0,"Animation ,Comedy ,Drama",5.0,12.0,2014.0
243,Your Lie in April,1,10,TV Series,9.1,932,8.6,36820,23.0,"Animation ,Comedy ,Drama",12.0,12.0,2014.0
243,Your Lie in April,1,6,TV Series,8.3,739,8.6,36820,23.0,"Animation ,Comedy ,Drama",14.0,11.0,2014.0
243,Your Lie in April,1,22,TV Series,9.7,2443,8.6,36820,23.0,"Animation ,Comedy ,Drama",20.0,3.0,2015.0
243,Your Lie in April,1,0,TV Series,8.7,28,8.6,36820,23.0,"Animation ,Comedy ,Drama",9.0,10.0,2014.0
243,Your Lie in April,1,12,TV Series,8.0,680,8.6,36820,23.0,"Animation ,Comedy ,Drama",9.0,1.0,2015.0
243,Your Lie in April,1,16,TV Series,8.1,676,8.6,36820,23.0,"Animation ,Comedy ,Drama",6.0,2.0,2015.0
243,Your Lie in April,1,15,TV Series,8.1,694,8.6,36820,23.0,"Animation ,Comedy ,Drama",30.0,1.0,2015.0
243,Your Lie in April,Unknown,Unknown,TV Series,8.6,16,8.6,36820,23.0,"Animation ,Comedy ,Drama",5.0,2.0,2018.0
243,Your Lie in April,1,14,TV Series,8.5,734,8.6,36820,23.0,"Animation ,Comedy ,Drama",23.0,1.0,2015.0
243,Your Lie in April,1,19,TV Series,8.2,691,8.6,36820,23.0,"Animation ,Comedy ,Drama",27.0,2.0,2015.0
243,Your Lie in April,Unknown,Unknown,TV Series,7.1,249,8.6,36820,23.0,"Animation ,Comedy ,Drama",15.0,5.0,2015.0
243,Your Lie in April,1,17,TV Series,7.8,669,8.6,36820,23.0,"Animation ,Comedy ,Drama",13.0,2.0,2015.0
243,Your Lie in April,1,13,TV Series,9.0,876,8.6,36820,23.0,"Animation ,Comedy ,Drama",16.0,1.0,2015.0
243,Your Lie in April,1,11,TV Series,8.2,706,8.6,36820,23.0,"Animation ,Comedy ,Drama",19.0,12.0,2014.0
243,Your Lie in April,1,2,TV Series,8.1,804,8.6,36820,23.0,"Animation ,Comedy ,Drama",17.0,10.0,2014.0
243,Your Lie in April,1,1,TV Series,7.6,890,8.6,36820,23.0,"Animation ,Comedy ,Drama",9.0,10.0,2014.0
243,Your Lie in April,1,18,TV Series,8.7,744,8.6,36820,23.0,"Animation ,Comedy ,Drama",20.0,2.0,2015.0
244,Chef's Table,5,2,TV Series,8.5,337,8.5,16887,50.0,"Documentary ,Biography",28.0,9.0,2018.0
244,Chef's Table,4,4,TV Series,7.3,174,8.5,16887,50.0,"Documentary ,Biography",13.0,4.0,2018.0
244,Chef's Table,1,2,TV Series,7.7,653,8.5,16887,50.0,"Documentary ,Biography",12.0,2.0,2015.0
244,Chef's Table,6,2,TV Series,8.2,231,8.5,16887,50.0,"Documentary ,Biography",22.0,2.0,2019.0
244,Chef's Table,1,1,TV Series,8.5,1026,8.5,16887,50.0,"Documentary ,Biography",26.0,4.0,2015.0
244,Chef's Table,6,4,TV Series,8.1,165,8.5,16887,50.0,"Documentary ,Biography",22.0,2.0,2019.0
244,Chef's Table,6,3,TV Series,7.9,181,8.5,16887,50.0,"Documentary ,Biography",22.0,2.0,2019.0
244,Chef's Table,1,6,TV Series,8.2,544,8.5,16887,50.0,"Documentary ,Biography",26.0,4.0,2015.0
244,Chef's Table,2,1,TV Series,9.2,754,8.5,16887,50.0,"Documentary ,Biography",27.0,5.0,2016.0
244,Chef's Table,1,5,TV Series,7.6,402,8.5,16887,50.0,"Documentary ,Biography",26.0,4.0,2015.0
244,Chef's Table,1,4,TV Series,7.9,507,8.5,16887,50.0,"Documentary ,Biography",26.0,4.0,2015.0
244,Chef's Table,5,3,TV Series,7.7,160,8.5,16887,50.0,"Documentary ,Biography",28.0,9.0,2018.0
244,Chef's Table,1,3,TV Series,8.2,771,8.5,16887,50.0,"Documentary ,Biography",26.0,4.0,2015.0
244,Chef's Table,6,1,TV Series,7.4,227,8.5,16887,50.0,"Documentary ,Biography",22.0,2.0,2019.0
244,Chef's Table,5,4,TV Series,8.1,195,8.5,16887,50.0,"Documentary ,Biography",28.0,9.0,2018.0
244,Chef's Table,2,5,TV Series,7.6,283,8.5,16887,50.0,"Documentary ,Biography",27.0,5.0,2016.0
244,Chef's Table,2,4,TV Series,8.1,327,8.5,16887,50.0,"Documentary ,Biography",27.0,5.0,2016.0
244,Chef's Table,2,3,TV Series,7.7,342,8.5,16887,50.0,"Documentary ,Biography",27.0,5.0,2016.0
244,Chef's Table,2,2,TV Series,8.6,544,8.5,16887,50.0,"Documentary ,Biography",27.0,5.0,2016.0
244,Chef's Table,5,1,TV Series,7.1,331,8.5,16887,50.0,"Documentary ,Biography",28.0,9.0,2018.0
244,Chef's Table,3,1,TV Series,8.8,626,8.5,16887,50.0,"Documentary ,Biography",17.0,2.0,2017.0
244,Chef's Table,3,2,TV Series,7.6,271,8.5,16887,50.0,"Documentary ,Biography",17.0,2.0,2017.0
244,Chef's Table,2,6,TV Series,8.7,420,8.5,16887,50.0,"Documentary ,Biography",27.0,5.0,2016.0
244,Chef's Table,4,2,TV Series,8.4,238,8.5,16887,50.0,"Documentary ,Biography",13.0,4.0,2018.0
244,Chef's Table,4,1,TV Series,7.9,291,8.5,16887,50.0,"Documentary ,Biography",13.0,4.0,2018.0
244,Chef's Table,4,3,TV Series,8.5,264,8.5,16887,50.0,"Documentary ,Biography",13.0,4.0,2018.0
244,Chef's Table,3,3,TV Series,8.1,282,8.5,16887,50.0,"Documentary ,Biography",17.0,2.0,2017.0
244,Chef's Table,3,4,TV Series,8.3,326,8.5,16887,50.0,"Documentary ,Biography",17.0,2.0,2017.0
244,Chef's Table,3,5,TV Series,7.2,271,8.5,16887,50.0,"Documentary ,Biography",17.0,2.0,2017.0
244,Chef's Table,3,6,TV Series,8.8,325,8.5,16887,50.0,"Documentary ,Biography",17.0,2.0,2017.0
245,Gintama,1,19,TV Series,7.4,330,8.7,14792,25.0,"Animation ,Action ,Comedy",8.0,8.0,2006.0
245,Gintama,8,13,TV Series,9.0,505,8.7,14792,25.0,"Animation ,Action ,Comedy",30.0,9.0,2018.0
245,Gintama,6,7,TV Series,7.9,235,8.7,14792,25.0,"Animation ,Action ,Comedy",12.0,11.0,2017.0
245,Gintama,6,6,TV Series,7.3,190,8.7,14792,25.0,"Animation ,Action ,Comedy",5.0,11.0,2017.0
245,Gintama,8,12,TV Series,9.3,754,8.7,14792,25.0,"Animation ,Action ,Comedy",23.0,9.0,2018.0
245,Gintama,8,11,TV Series,8.7,434,8.7,14792,25.0,"Animation ,Action ,Comedy",16.0,9.0,2018.0
245,Gintama,8,10,TV Series,8.5,417,8.7,14792,25.0,"Animation ,Action ,Comedy",9.0,9.0,2018.0
245,Gintama,8,9,TV Series,8.7,421,8.7,14792,25.0,"Animation ,Action ,Comedy",2.0,9.0,2018.0
245,Gintama,8,5,TV Series,9.0,552,8.7,14792,25.0,"Animation ,Action ,Comedy",5.0,8.0,2018.0
245,Gintama,8,4,TV Series,9.2,697,8.7,14792,25.0,"Animation ,Action ,Comedy",29.0,7.0,2018.0
245,Gintama,8,3,TV Series,9.1,560,8.7,14792,25.0,"Animation ,Action ,Comedy",22.0,7.0,2018.0
245,Gintama,8,2,TV Series,8.8,463,8.7,14792,25.0,"Animation ,Action ,Comedy",15.0,7.0,2018.0
245,Gintama,8,1,TV Series,8.8,484,8.7,14792,25.0,"Animation ,Action ,Comedy",8.0,7.0,2018.0
245,Gintama,7,12,TV Series,9.0,503,8.7,14792,25.0,"Animation ,Action ,Comedy",26.0,3.0,2018.0
245,Gintama,7,11,TV Series,8.8,424,8.7,14792,25.0,"Animation ,Action ,Comedy",19.0,3.0,2018.0
245,Gintama,7,10,TV Series,9.1,603,8.7,14792,25.0,"Animation ,Action ,Comedy",12.0,3.0,2018.0
245,Gintama,7,9,TV Series,8.8,418,8.7,14792,25.0,"Animation ,Action ,Comedy",25.0,3.0,2018.0
245,Gintama,1,15,TV Series,7.3,346,8.7,14792,25.0,"Animation ,Action ,Comedy",11.0,7.0,2006.0
245,Gintama,1,14,TV Series,7.0,340,8.7,14792,25.0,"Animation ,Action ,Comedy",4.0,7.0,2006.0
245,Gintama,Unknown,Unknown,TV Series,8.5,142,8.7,14792,25.0,"Animation ,Action ,Comedy",15.0,1.0,2021.0
245,Gintama,Unknown,Unknown,TV Series,8.0,258,8.7,14792,25.0,"Animation ,Action ,Comedy",4.0,8.0,2016.0
245,Gintama,Unknown,Unknown,TV Series,7.9,242,8.7,14792,25.0,"Animation ,Action ,Comedy",3.0,11.0,2015.0
245,Gintama,Unknown,Unknown,TV Series,8.4,419,8.7,14792,25.0,"Animation ,Action ,Comedy",9.0,11.0,2014.0
245,Gintama,Unknown,Unknown,TV Series,8.3,393,8.7,14792,25.0,"Animation ,Action ,Comedy",21.0,9.0,2008.0
245,Gintama,Unknown,Unknown,TV Series,7.2,217,8.7,14792,25.0,"Animation ,Action ,Comedy",1.0,9.0,2005.0
245,Gintama,Unknown,Unknown,TV Series,7.9,221,8.7,14792,25.0,"Animation ,Action ,Comedy",24.0,1.0,2005.0
245,Gintama,1,4,TV Series,7.2,450,8.7,14792,25.0,"Animation ,Action ,Comedy",25.0,4.0,2006.0
245,Gintama,1,3,TV Series,7.0,479,8.7,14792,25.0,"Animation ,Action ,Comedy",11.0,4.0,2006.0
245,Gintama,1,2,TV Series,6.8,436,8.7,14792,25.0,"Animation ,Action ,Comedy",4.0,4.0,2006.0
245,Gintama,1,1,TV Series,6.7,488,8.7,14792,25.0,"Animation ,Action ,Comedy",35.0,15.0,2006.0
245,Gintama,1,16,TV Series,7.5,350,8.7,14792,25.0,"Animation ,Action ,Comedy",18.0,7.0,2006.0
245,Gintama,8,14,TV Series,8.5,446,8.7,14792,25.0,"Animation ,Action ,Comedy",7.0,10.0,2018.0
245,Gintama,1,31,TV Series,8.1,384,8.7,14792,25.0,"Animation ,Action ,Comedy",16.0,11.0,2006.0
245,Gintama,1,30,TV Series,7.0,285,8.7,14792,25.0,"Animation ,Action ,Comedy",9.0,11.0,2006.0
245,Gintama,1,20,TV Series,8.1,432,8.7,14792,25.0,"Animation ,Action ,Comedy",15.0,8.0,2006.0
245,Gintama,2,30,TV Series,9.0,514,8.7,14792,25.0,"Animation ,Action ,Comedy",24.0,10.0,2011.0
245,Gintama,1,18,TV Series,7.9,390,8.7,14792,25.0,"Animation ,Action ,Comedy",1.0,8.0,2006.0
245,Gintama,1,17,TV Series,7.8,378,8.7,14792,25.0,"Animation ,Action ,Comedy",25.0,7.0,2006.0
245,Gintama,1,48,TV Series,7.9,303,8.7,14792,25.0,"Animation ,Action ,Comedy",22.0,3.0,2007.0
245,Gintama,1,47,TV Series,7.6,307,8.7,14792,25.0,"Animation ,Action ,Comedy",15.0,3.0,2007.0
245,Gintama,1,46,TV Series,7.2,276,8.7,14792,25.0,"Animation ,Action ,Comedy",8.0,3.0,2007.0
245,Gintama,1,13,TV Series,7.7,384,8.7,14792,25.0,"Animation ,Action ,Comedy",20.0,6.0,2006.0
245,Gintama,1,12,TV Series,7.0,360,8.7,14792,25.0,"Animation ,Action ,Comedy",13.0,6.0,2006.0
245,Gintama,1,11,TV Series,7.3,372,8.7,14792,25.0,"Animation ,Action ,Comedy",13.0,6.0,2006.0
245,Gintama,1,10,TV Series,7.5,388,8.7,14792,25.0,"Animation ,Action ,Comedy",6.0,6.0,2006.0
245,Gintama,1,9,TV Series,7.7,406,8.7,14792,25.0,"Animation ,Action ,Comedy",30.0,5.0,2006.0
245,Gintama,1,8,TV Series,7.6,415,8.7,14792,25.0,"Animation ,Action ,Comedy",23.0,5.0,2006.0
245,Gintama,1,7,TV Series,7.0,395,8.7,14792,25.0,"Animation ,Action ,Comedy",16.0,5.0,2006.0
245,Gintama,1,6,TV Series,6.9,413,8.7,14792,25.0,"Animation ,Action ,Comedy",9.0,5.0,2006.0
245,Gintama,1,5,TV Series,7.4,436,8.7,14792,25.0,"Animation ,Action ,Comedy",2.0,5.0,2006.0
245,Gintama,1,36,TV Series,6.7,279,8.7,14792,25.0,"Animation ,Action ,Comedy",21.0,12.0,2006.0
245,Gintama,1,35,TV Series,8.2,398,8.7,14792,25.0,"Animation ,Action ,Comedy",14.0,12.0,2006.0
245,Gintama,1,34,TV Series,8.3,402,8.7,14792,25.0,"Animation ,Action ,Comedy",7.0,12.0,2006.0
245,Gintama,1,33,TV Series,7.7,325,8.7,14792,25.0,"Animation ,Action ,Comedy",30.0,11.0,2006.0
245,Gintama,2,14,TV Series,8.8,545,8.7,14792,25.0,"Animation ,Action ,Comedy",4.0,7.0,2011.0
245,Gintama,2,13,TV Series,9.6,1213,8.7,14792,25.0,"Animation ,Action ,Comedy",27.0,6.0,2011.0
245,Gintama,2,12,TV Series,9.3,634,8.7,14792,25.0,"Animation ,Action ,Comedy",20.0,6.0,2011.0
245,Gintama,1,29,TV Series,7.4,303,8.7,14792,25.0,"Animation ,Action ,Comedy",2.0,11.0,2006.0
245,Gintama,1,28,TV Series,7.8,327,8.7,14792,25.0,"Animation ,Action ,Comedy",26.0,10.0,2006.0
245,Gintama,1,27,TV Series,7.8,346,8.7,14792,25.0,"Animation ,Action ,Comedy",19.0,10.0,2006.0
245,Gintama,1,26,TV Series,6.9,291,8.7,14792,25.0,"Animation ,Action ,Comedy",12.0,10.0,2006.0
245,Gintama,1,25,TV Series,8.8,703,8.7,14792,25.0,"Animation ,Action ,Comedy",5.0,10.0,2006.0
245,Gintama,1,24,TV Series,6.7,312,8.7,14792,25.0,"Animation ,Action ,Comedy",19.0,9.0,2006.0
245,Gintama,1,23,TV Series,7.1,303,8.7,14792,25.0,"Animation ,Action ,Comedy",12.0,9.0,2006.0
245,Gintama,1,22,TV Series,8.0,379,8.7,14792,25.0,"Animation ,Action ,Comedy",5.0,9.0,2006.0
245,Gintama,1,21,TV Series,7.3,310,8.7,14792,25.0,"Animation ,Action ,Comedy",22.0,8.0,2006.0
245,Gintama,2,2,TV Series,8.8,491,8.7,14792,25.0,"Animation ,Action ,Comedy",11.0,4.0,2011.0
245,Gintama,2,1,TV Series,8.9,541,8.7,14792,25.0,"Animation ,Action ,Comedy",4.0,4.0,2011.0
245,Gintama,1,50,TV Series,8.1,367,8.7,14792,25.0,"Animation ,Action ,Comedy",5.0,4.0,2007.0
245,Gintama,1,49,TV Series,6.7,279,8.7,14792,25.0,"Animation ,Action ,Comedy",29.0,3.0,2007.0
245,Gintama,1,32,TV Series,8.2,392,8.7,14792,25.0,"Animation ,Action ,Comedy",23.0,11.0,2006.0
245,Gintama,2,29,TV Series,7.7,250,8.7,14792,25.0,"Animation ,Action ,Comedy",17.0,10.0,2011.0
245,Gintama,2,28,TV Series,8.3,409,8.7,14792,25.0,"Animation ,Action ,Comedy",10.0,10.0,2011.0
245,Gintama,1,45,TV Series,7.7,286,8.7,14792,25.0,"Animation ,Action ,Comedy",1.0,3.0,2007.0
245,Gintama,1,44,TV Series,8.2,387,8.7,14792,25.0,"Animation ,Action ,Comedy",22.0,2.0,2007.0
245,Gintama,1,43,TV Series,7.7,291,8.7,14792,25.0,"Animation ,Action ,Comedy",15.0,2.0,2007.0
245,Gintama,1,42,TV Series,9.1,696,8.7,14792,25.0,"Animation ,Action ,Comedy",8.0,2.0,2007.0
245,Gintama,1,41,TV Series,8.7,573,8.7,14792,25.0,"Animation ,Action ,Comedy",1.0,2.0,2007.0
245,Gintama,1,40,TV Series,7.7,322,8.7,14792,25.0,"Animation ,Action ,Comedy",25.0,1.0,2007.0
245,Gintama,1,39,TV Series,8.2,409,8.7,14792,25.0,"Animation ,Action ,Comedy",18.0,1.0,2007.0
245,Gintama,1,38,TV Series,8.0,365,8.7,14792,25.0,"Animation ,Action ,Comedy",11.0,1.0,2007.0
245,Gintama,1,37,TV Series,7.3,292,8.7,14792,25.0,"Animation ,Action ,Comedy",28.0,12.0,2006.0
245,Gintama,2,18,TV Series,7.3,226,8.7,14792,25.0,"Animation ,Action ,Comedy",1.0,8.0,2011.0
245,Gintama,2,17,TV Series,7.3,228,8.7,14792,25.0,"Animation ,Action ,Comedy",25.0,7.0,2011.0
245,Gintama,2,16,TV Series,9.0,582,8.7,14792,25.0,"Animation ,Action ,Comedy",18.0,7.0,2011.0
245,Gintama,2,15,TV Series,8.2,317,8.7,14792,25.0,"Animation ,Action ,Comedy",11.0,7.0,2011.0
245,Gintama,2,46,TV Series,9.0,540,8.7,14792,25.0,"Animation ,Action ,Comedy",20.0,2.0,2012.0
245,Gintama,2,45,TV Series,9.3,730,8.7,14792,25.0,"Animation ,Action ,Comedy",13.0,2.0,2012.0
245,Gintama,2,44,TV Series,8.2,351,8.7,14792,25.0,"Animation ,Action ,Comedy",6.0,2.0,2012.0
245,Gintama,2,11,TV Series,9.4,776,8.7,14792,25.0,"Animation ,Action ,Comedy",13.0,6.0,2011.0
245,Gintama,2,10,TV Series,9.7,2376,8.7,14792,25.0,"Animation ,Action ,Comedy",6.0,6.0,2011.0
245,Gintama,2,9,TV Series,8.8,570,8.7,14792,25.0,"Animation ,Action ,Comedy",30.0,5.0,2011.0
245,Gintama,2,8,TV Series,6.7,231,8.7,14792,25.0,"Animation ,Action ,Comedy",23.0,5.0,2011.0
245,Gintama,2,7,TV Series,7.8,278,8.7,14792,25.0,"Animation ,Action ,Comedy",16.0,5.0,2011.0
245,Gintama,2,6,TV Series,8.0,321,8.7,14792,25.0,"Animation ,Action ,Comedy",9.0,5.0,2011.0
245,Gintama,2,5,TV Series,8.3,421,8.7,14792,25.0,"Animation ,Action ,Comedy",2.0,5.0,2011.0
245,Gintama,2,4,TV Series,8.4,428,8.7,14792,25.0,"Animation ,Action ,Comedy",25.0,4.0,2011.0
245,Gintama,2,3,TV Series,8.6,451,8.7,14792,25.0,"Animation ,Action ,Comedy",18.0,4.0,2011.0
245,Gintama,2,34,TV Series,7.8,248,8.7,14792,25.0,"Animation ,Action ,Comedy",21.0,11.0,2011.0
245,Gintama,2,33,TV Series,8.0,272,8.7,14792,25.0,"Animation ,Action ,Comedy",14.0,11.0,2011.0
245,Gintama,2,32,TV Series,7.9,271,8.7,14792,25.0,"Animation ,Action ,Comedy",7.0,11.0,2011.0
245,Gintama,2,31,TV Series,8.0,283,8.7,14792,25.0,"Animation ,Action ,Comedy",31.0,10.0,2011.0
245,Gintama,3,12,TV Series,8.5,431,8.7,14792,25.0,"Animation ,Action ,Comedy",21.0,3.0,2013.0
245,Gintama,3,11,TV Series,9.1,561,8.7,14792,25.0,"Animation ,Action ,Comedy",14.0,3.0,2013.0
245,Gintama,3,10,TV Series,8.1,301,8.7,14792,25.0,"Animation ,Action ,Comedy",7.0,3.0,2013.0
245,Gintama,2,27,TV Series,8.2,306,8.7,14792,25.0,"Animation ,Action ,Comedy",3.0,10.0,2011.0
245,Gintama,2,26,TV Series,6.8,223,8.7,14792,25.0,"Animation ,Action ,Comedy",26.0,9.0,2011.0
245,Gintama,2,25,TV Series,8.2,313,8.7,14792,25.0,"Animation ,Action ,Comedy",19.0,9.0,2011.0
245,Gintama,2,24,TV Series,8.1,303,8.7,14792,25.0,"Animation ,Action ,Comedy",12.0,9.0,2011.0
245,Gintama,2,23,TV Series,7.0,225,8.7,14792,25.0,"Animation ,Action ,Comedy",5.0,9.0,2011.0
245,Gintama,2,22,TV Series,7.5,232,8.7,14792,25.0,"Animation ,Action ,Comedy",29.0,8.0,2011.0
245,Gintama,2,21,TV Series,6.5,233,8.7,14792,25.0,"Animation ,Action ,Comedy",22.0,8.0,2011.0
245,Gintama,2,20,TV Series,7.3,235,8.7,14792,25.0,"Animation ,Action ,Comedy",15.0,8.0,2011.0
245,Gintama,2,19,TV Series,8.8,496,8.7,14792,25.0,"Animation ,Action ,Comedy",8.0,8.0,2011.0
245,Gintama,2,50,TV Series,7.8,260,8.7,14792,25.0,"Animation ,Action ,Comedy",19.0,3.0,2012.0
245,Gintama,2,49,TV Series,8.0,261,8.7,14792,25.0,"Animation ,Action ,Comedy",12.0,3.0,2012.0
245,Gintama,2,48,TV Series,7.9,262,8.7,14792,25.0,"Animation ,Action ,Comedy",5.0,3.0,2012.0
245,Gintama,2,47,TV Series,9.1,588,8.7,14792,25.0,"Animation ,Action ,Comedy",27.0,2.0,2012.0
245,Gintama,4,15,TV Series,9.1,601,8.7,14792,25.0,"Animation ,Action ,Comedy",15.0,7.0,2015.0
245,Gintama,4,14,TV Series,8.7,507,8.7,14792,25.0,"Animation ,Action ,Comedy",8.0,7.0,2015.0
245,Gintama,4,13,TV Series,8.0,308,8.7,14792,25.0,"Animation ,Action ,Comedy",1.0,7.0,2015.0
245,Gintama,2,43,TV Series,8.0,304,8.7,14792,25.0,"Animation ,Action ,Comedy",30.0,1.0,2012.0
245,Gintama,2,42,TV Series,7.3,218,8.7,14792,25.0,"Animation ,Action ,Comedy",23.0,1.0,2012.0
245,Gintama,2,41,TV Series,8.3,437,8.7,14792,25.0,"Animation ,Action ,Comedy",16.0,1.0,2012.0
245,Gintama,2,40,TV Series,8.5,447,8.7,14792,25.0,"Animation ,Action ,Comedy",9.0,1.0,2012.0
245,Gintama,2,39,TV Series,9.3,609,8.7,14792,25.0,"Animation ,Action ,Comedy",26.0,12.0,2011.0
245,Gintama,2,38,TV Series,9.5,796,8.7,14792,25.0,"Animation ,Action ,Comedy",19.0,12.0,2011.0
245,Gintama,2,37,TV Series,8.9,513,8.7,14792,25.0,"Animation ,Action ,Comedy",12.0,12.0,2011.0
245,Gintama,2,36,TV Series,9.3,615,8.7,14792,25.0,"Animation ,Action ,Comedy",5.0,12.0,2011.0
245,Gintama,2,35,TV Series,8.3,288,8.7,14792,25.0,"Animation ,Action ,Comedy",28.0,10.0,2011.0
245,Gintama,4,3,TV Series,8.4,435,8.7,14792,25.0,"Animation ,Action ,Comedy",22.0,4.0,2015.0
245,Gintama,4,2,TV Series,8.6,460,8.7,14792,25.0,"Animation ,Action ,Comedy",15.0,4.0,2015.0
245,Gintama,4,1,TV Series,8.6,488,8.7,14792,25.0,"Animation ,Action ,Comedy",8.0,4.0,2015.0
245,Gintama,3,13,TV Series,8.7,436,8.7,14792,25.0,"Animation ,Action ,Comedy",28.0,3.0,2013.0
245,Gintama,4,31,TV Series,9.1,684,8.7,14792,25.0,"Animation ,Action ,Comedy",4.0,11.0,2015.0
245,Gintama,4,30,TV Series,9.1,693,8.7,14792,25.0,"Animation ,Action ,Comedy",28.0,10.0,2015.0
245,Gintama,4,29,TV Series,9.0,576,8.7,14792,25.0,"Animation ,Action ,Comedy",21.0,10.0,2015.0
245,Gintama,3,9,TV Series,9.3,656,8.7,14792,25.0,"Animation ,Action ,Comedy",7.0,2.0,2013.0
245,Gintama,3,8,TV Series,9.7,1296,8.7,14792,25.0,"Animation ,Action ,Comedy",31.0,1.0,2013.0
245,Gintama,3,7,TV Series,9.7,1485,8.7,14792,25.0,"Animation ,Action ,Comedy",24.0,1.0,2013.0
245,Gintama,3,6,TV Series,9.2,617,8.7,14792,25.0,"Animation ,Action ,Comedy",17.0,1.0,2013.0
245,Gintama,3,5,TV Series,8.7,528,8.7,14792,25.0,"Animation ,Action ,Comedy",10.0,1.0,2013.0
245,Gintama,3,4,TV Series,8.7,474,8.7,14792,25.0,"Animation ,Action ,Comedy",25.0,10.0,2012.0
245,Gintama,3,3,TV Series,9.1,580,8.7,14792,25.0,"Animation ,Action ,Comedy",18.0,10.0,2012.0
245,Gintama,3,2,TV Series,8.5,439,8.7,14792,25.0,"Animation ,Action ,Comedy",11.0,10.0,2012.0
245,Gintama,3,1,TV Series,8.1,330,8.7,14792,25.0,"Animation ,Action ,Comedy",4.0,10.0,2012.0
245,Gintama,4,19,TV Series,9.0,547,8.7,14792,25.0,"Animation ,Action ,Comedy",12.0,8.0,2015.0
245,Gintama,4,18,TV Series,9.2,591,8.7,14792,25.0,"Animation ,Action ,Comedy",5.0,8.0,2015.0
245,Gintama,4,17,TV Series,8.2,433,8.7,14792,25.0,"Animation ,Action ,Comedy",29.0,7.0,2015.0
245,Gintama,4,16,TV Series,9.1,616,8.7,14792,25.0,"Animation ,Action ,Comedy",22.0,7.0,2015.0
245,Gintama,4,47,TV Series,9.2,792,8.7,14792,25.0,"Animation ,Action ,Comedy",2.0,3.0,2016.0
245,Gintama,4,46,TV Series,9.2,725,8.7,14792,25.0,"Animation ,Action ,Comedy",24.0,2.0,2016.0
245,Gintama,4,45,TV Series,9.2,715,8.7,14792,25.0,"Animation ,Action ,Comedy",17.0,2.0,2016.0
245,Gintama,4,12,TV Series,8.4,468,8.7,14792,25.0,"Animation ,Action ,Comedy",24.0,6.0,2015.0
245,Gintama,4,11,TV Series,8.8,508,8.7,14792,25.0,"Animation ,Action ,Comedy",17.0,6.0,2015.0
245,Gintama,4,10,TV Series,9.0,565,8.7,14792,25.0,"Animation ,Action ,Comedy",10.0,6.0,2015.0
245,Gintama,4,9,TV Series,7.2,239,8.7,14792,25.0,"Animation ,Action ,Comedy",3.0,6.0,2015.0
245,Gintama,4,8,TV Series,9.2,555,8.7,14792,25.0,"Animation ,Action ,Comedy",27.0,5.0,2015.0
245,Gintama,4,7,TV Series,8.8,514,8.7,14792,25.0,"Animation ,Action ,Comedy",20.0,5.0,2015.0
245,Gintama,4,6,TV Series,8.2,431,8.7,14792,25.0,"Animation ,Action ,Comedy",13.0,5.0,2015.0
245,Gintama,4,5,TV Series,8.2,336,8.7,14792,25.0,"Animation ,Action ,Comedy",6.0,5.0,2015.0
245,Gintama,4,4,TV Series,7.8,275,8.7,14792,25.0,"Animation ,Action ,Comedy",29.0,4.0,2015.0
245,Gintama,4,35,TV Series,9.5,1030,8.7,14792,25.0,"Animation ,Action ,Comedy",2.0,12.0,2015.0
245,Gintama,4,34,TV Series,8.1,420,8.7,14792,25.0,"Animation ,Action ,Comedy",25.0,11.0,2015.0
245,Gintama,4,33,TV Series,7.2,243,8.7,14792,25.0,"Animation ,Action ,Comedy",18.0,11.0,2015.0
245,Gintama,4,32,TV Series,9.2,716,8.7,14792,25.0,"Animation ,Action ,Comedy",11.0,11.0,2015.0
245,Gintama,6,1,TV Series,8.0,240,8.7,14792,25.0,"Animation ,Action ,Comedy",1.0,10.0,2017.0
245,Gintama,5,12,TV Series,9.3,710,8.7,14792,25.0,"Animation ,Action ,Comedy",27.0,3.0,2017.0
245,Gintama,5,11,TV Series,9.4,800,8.7,14792,25.0,"Animation ,Action ,Comedy",20.0,3.0,2017.0
245,Gintama,4,28,TV Series,8.3,434,8.7,14792,25.0,"Animation ,Action ,Comedy",14.0,10.0,2015.0
245,Gintama,4,27,TV Series,8.0,287,8.7,14792,25.0,"Animation ,Action ,Comedy",7.0,10.0,2015.0
245,Gintama,4,26,TV Series,8.3,445,8.7,14792,25.0,"Animation ,Action ,Comedy",30.0,9.0,2015.0
245,Gintama,4,25,TV Series,8.4,453,8.7,14792,25.0,"Animation ,Action ,Comedy",23.0,9.0,2015.0
245,Gintama,4,24,TV Series,8.8,502,8.7,14792,25.0,"Animation ,Action ,Comedy",16.0,9.0,2015.0
245,Gintama,4,23,TV Series,8.7,470,8.7,14792,25.0,"Animation ,Action ,Comedy",9.0,9.0,2015.0
245,Gintama,4,22,TV Series,8.9,494,8.7,14792,25.0,"Animation ,Action ,Comedy",2.0,9.0,2015.0
245,Gintama,4,21,TV Series,7.6,269,8.7,14792,25.0,"Animation ,Action ,Comedy",26.0,8.0,2015.0
245,Gintama,4,20,TV Series,8.0,303,8.7,14792,25.0,"Animation ,Action ,Comedy",19.0,8.0,2015.0
245,Gintama,5,1,TV Series,8.8,505,8.7,14792,25.0,"Animation ,Action ,Comedy",8.0,1.0,2017.0
245,Gintama,4,50,TV Series,9.7,1791,8.7,14792,25.0,"Animation ,Action ,Comedy",23.0,3.0,2016.0
245,Gintama,4,49,TV Series,9.7,1833,8.7,14792,25.0,"Animation ,Action ,Comedy",16.0,3.0,2016.0
245,Gintama,4,48,TV Series,9.6,1241,8.7,14792,25.0,"Animation ,Action ,Comedy",9.0,3.0,2016.0
245,Gintama,7,4,TV Series,9.2,680,8.7,14792,25.0,"Animation ,Action ,Comedy",29.0,1.0,2018.0
245,Gintama,7,3,TV Series,8.6,413,8.7,14792,25.0,"Animation ,Action ,Comedy",22.0,1.0,2018.0
245,Gintama,7,2,TV Series,8.6,423,8.7,14792,25.0,"Animation ,Action ,Comedy",15.0,1.0,2018.0
245,Gintama,4,44,TV Series,9.4,890,8.7,14792,25.0,"Animation ,Action ,Comedy",10.0,2.0,2016.0
245,Gintama,4,43,TV Series,9.5,963,8.7,14792,25.0,"Animation ,Action ,Comedy",3.0,2.0,2016.0
245,Gintama,4,42,TV Series,9.7,1761,8.7,14792,25.0,"Animation ,Action ,Comedy",27.0,1.0,2016.0
245,Gintama,4,41,TV Series,9.6,1323,8.7,14792,25.0,"Animation ,Action ,Comedy",20.0,1.0,2016.0
245,Gintama,4,40,TV Series,9.7,3239,8.7,14792,25.0,"Animation ,Action ,Comedy",13.0,1.0,2016.0
245,Gintama,4,39,TV Series,9.7,1960,8.7,14792,25.0,"Animation ,Action ,Comedy",6.0,1.0,2016.0
245,Gintama,4,38,TV Series,9.7,1416,8.7,14792,25.0,"Animation ,Action ,Comedy",23.0,12.0,2015.0
245,Gintama,4,37,TV Series,9.6,1219,8.7,14792,25.0,"Animation ,Action ,Comedy",16.0,12.0,2015.0
245,Gintama,4,36,TV Series,9.7,1459,8.7,14792,25.0,"Animation ,Action ,Comedy",9.0,12.0,2015.0
245,Gintama,6,5,TV Series,7.5,212,8.7,14792,25.0,"Animation ,Action ,Comedy",29.0,10.0,2017.0
245,Gintama,6,4,TV Series,7.7,207,8.7,14792,25.0,"Animation ,Action ,Comedy",22.0,10.0,2017.0
245,Gintama,6,3,TV Series,7.7,209,8.7,14792,25.0,"Animation ,Action ,Comedy",15.0,10.0,2017.0
245,Gintama,6,2,TV Series,7.3,196,8.7,14792,25.0,"Animation ,Action ,Comedy",8.0,10.0,2017.0
245,Gintama,8,8,TV Series,9.5,844,8.7,14792,25.0,"Animation ,Action ,Comedy",26.0,8.0,2018.0
245,Gintama,8,7,TV Series,9.7,1408,8.7,14792,25.0,"Animation ,Action ,Comedy",19.0,8.0,2018.0
245,Gintama,8,6,TV Series,8.8,466,8.7,14792,25.0,"Animation ,Action ,Comedy",12.0,8.0,2018.0
245,Gintama,5,10,TV Series,9.6,1147,8.7,14792,25.0,"Animation ,Action ,Comedy",13.0,3.0,2017.0
245,Gintama,5,9,TV Series,9.4,781,8.7,14792,25.0,"Animation ,Action ,Comedy",6.0,3.0,2017.0
245,Gintama,5,8,TV Series,9.4,829,8.7,14792,25.0,"Animation ,Action ,Comedy",27.0,2.0,2017.0
245,Gintama,5,7,TV Series,9.5,856,8.7,14792,25.0,"Animation ,Action ,Comedy",20.0,2.0,2017.0
245,Gintama,5,6,TV Series,9.3,746,8.7,14792,25.0,"Animation ,Action ,Comedy",13.0,2.0,2017.0
245,Gintama,5,5,TV Series,8.9,483,8.7,14792,25.0,"Animation ,Action ,Comedy",6.0,2.0,2017.0
245,Gintama,5,4,TV Series,9.2,627,8.7,14792,25.0,"Animation ,Action ,Comedy",29.0,1.0,2017.0
245,Gintama,5,3,TV Series,8.9,483,8.7,14792,25.0,"Animation ,Action ,Comedy",23.0,1.0,2017.0
245,Gintama,5,2,TV Series,8.8,479,8.7,14792,25.0,"Animation ,Action ,Comedy",16.0,1.0,2017.0
245,Gintama,7,8,TV Series,8.6,414,8.7,14792,25.0,"Animation ,Action ,Comedy",26.0,2.0,2018.0
245,Gintama,7,7,TV Series,8.2,397,8.7,14792,25.0,"Animation ,Action ,Comedy",19.0,2.0,2018.0
245,Gintama,7,6,TV Series,8.8,428,8.7,14792,25.0,"Animation ,Action ,Comedy",12.0,2.0,2018.0
245,Gintama,7,5,TV Series,8.7,408,8.7,14792,25.0,"Animation ,Action ,Comedy",5.0,2.0,2018.0
245,Gintama,Unknown,Unknown,TV Series,7.7,117,8.7,14792,25.0,"Animation ,Action ,Comedy",20.0,1.0,2021.0
245,Gintama,7,1,TV Series,8.6,413,8.7,14792,25.0,"Animation ,Action ,Comedy",8.0,1.0,2018.0
245,Gintama,6,13,TV Series,7.3,186,8.7,14792,25.0,"Animation ,Action ,Comedy",25.0,12.0,2017.0
245,Gintama,6,12,TV Series,7.1,172,8.7,14792,25.0,"Animation ,Action ,Comedy",18.0,12.0,2017.0
245,Gintama,6,11,TV Series,6.9,164,8.7,14792,25.0,"Animation ,Action ,Comedy",11.0,12.0,2017.0
245,Gintama,6,10,TV Series,7.0,172,8.7,14792,25.0,"Animation ,Action ,Comedy",4.0,12.0,2017.0
245,Gintama,6,9,TV Series,6.9,166,8.7,14792,25.0,"Animation ,Action ,Comedy",26.0,11.0,2017.0
245,Gintama,6,8,TV Series,7.1,182,8.7,14792,25.0,"Animation ,Action ,Comedy",19.0,11.0,2017.0
246,Alchemy of Souls,2,2,TV Series,8.5,342,8.8,16240,80.0,"Action ,Drama ,Fantasy",11.0,12.0,2022.0
246,Alchemy of Souls,2,1,TV Series,8.4,526,8.8,16240,80.0,"Action ,Drama ,Fantasy",10.0,12.0,2022.0
246,Alchemy of Souls,1,20,TV Series,8.5,439,8.8,16240,80.0,"Action ,Drama ,Fantasy",28.0,8.0,2022.0
246,Alchemy of Souls,1,19,TV Series,9.3,418,8.8,16240,80.0,"Action ,Drama ,Fantasy",27.0,8.0,2022.0
246,Alchemy of Souls,1,18,TV Series,9.2,378,8.8,16240,80.0,"Action ,Drama ,Fantasy",21.0,8.0,2022.0
246,Alchemy of Souls,1,17,TV Series,9.1,331,8.8,16240,80.0,"Action ,Drama ,Fantasy",20.0,8.0,2022.0
246,Alchemy of Souls,1,6,TV Series,8.6,349,8.8,16240,80.0,"Action ,Drama ,Fantasy",3.0,7.0,2022.0
246,Alchemy of Souls,1,15,TV Series,8.9,308,8.8,16240,80.0,"Action ,Drama ,Fantasy",6.0,8.0,2022.0
246,Alchemy of Souls,1,14,TV Series,9.0,355,8.8,16240,80.0,"Action ,Drama ,Fantasy",31.0,7.0,2022.0
246,Alchemy of Souls,1,13,TV Series,9.0,324,8.8,16240,80.0,"Action ,Drama ,Fantasy",30.0,7.0,2022.0
246,Alchemy of Souls,1,12,TV Series,9.1,328,8.8,16240,80.0,"Action ,Drama ,Fantasy",24.0,7.0,2022.0
246,Alchemy of Souls,1,11,TV Series,8.7,310,8.8,16240,80.0,"Action ,Drama ,Fantasy",23.0,7.0,2022.0
246,Alchemy of Souls,1,10,TV Series,9.1,342,8.8,16240,80.0,"Action ,Drama ,Fantasy",17.0,7.0,2022.0
246,Alchemy of Souls,1,5,TV Series,8.5,347,8.8,16240,80.0,"Action ,Drama ,Fantasy",2.0,7.0,2022.0
246,Alchemy of Souls,2,6,TV Series,8.6,288,8.8,16240,80.0,"Action ,Drama ,Fantasy",25.0,12.0,2022.0
246,Alchemy of Souls,2,4,TV Series,8.7,308,8.8,16240,80.0,"Action ,Drama ,Fantasy",18.0,12.0,2022.0
246,Alchemy of Souls,2,3,TV Series,8.6,322,8.8,16240,80.0,"Action ,Drama ,Fantasy",17.0,12.0,2022.0
246,Alchemy of Souls,1,7,TV Series,8.9,338,8.8,16240,80.0,"Action ,Drama ,Fantasy",9.0,7.0,2022.0
246,Alchemy of Souls,1,4,TV Series,8.5,361,8.8,16240,80.0,"Action ,Drama ,Fantasy",26.0,6.0,2022.0
246,Alchemy of Souls,1,3,TV Series,8.5,368,8.8,16240,80.0,"Action ,Drama ,Fantasy",25.0,6.0,2022.0
246,Alchemy of Souls,1,9,TV Series,8.7,323,8.8,16240,80.0,"Action ,Drama ,Fantasy",16.0,7.0,2022.0
246,Alchemy of Souls,2,7,TV Series,8.5,265,8.8,16240,80.0,"Action ,Drama ,Fantasy",31.0,12.0,2022.0
246,Alchemy of Souls,1,1,TV Series,8.1,458,8.8,16240,80.0,"Action ,Drama ,Fantasy",18.0,6.0,2022.0
246,Alchemy of Souls,2,8,TV Series,8.7,298,8.8,16240,80.0,"Action ,Drama ,Fantasy",1.0,1.0,2023.0
246,Alchemy of Souls,1,16,TV Series,8.8,312,8.8,16240,80.0,"Action ,Drama ,Fantasy",7.0,8.0,2022.0
246,Alchemy of Souls,1,2,TV Series,8.5,415,8.8,16240,80.0,"Action ,Drama ,Fantasy",19.0,6.0,2022.0
246,Alchemy of Souls,2,9,TV Series,8.9,271,8.8,16240,80.0,"Action ,Drama ,Fantasy",7.0,1.0,2023.0
246,Alchemy of Souls,2,10,TV Series,9.1,412,8.8,16240,80.0,"Action ,Drama ,Fantasy",8.0,1.0,2023.0
246,Alchemy of Souls,1,8,TV Series,9.0,375,8.8,16240,80.0,"Action ,Drama ,Fantasy",10.0,7.0,2022.0
246,Alchemy of Souls,2,5,TV Series,8.3,278,8.8,16240,80.0,"Action ,Drama ,Fantasy",24.0,12.0,2022.0
247,Foyle's War,6,1,TV Series,8.1,577,8.6,17922,90.0,"Crime ,Drama ,Mystery",2.0,5.0,2010.0
247,Foyle's War,5,3,TV Series,8.4,592,8.6,17922,90.0,"Crime ,Drama ,Mystery",27.0,7.0,2008.0
247,Foyle's War,5,2,TV Series,8.5,601,8.6,17922,90.0,"Crime ,Drama ,Mystery",20.0,7.0,2008.0
247,Foyle's War,2,1,TV Series,8.5,765,8.6,17922,90.0,"Crime ,Drama ,Mystery",16.0,11.0,2003.0
247,Foyle's War,2,2,TV Series,8.4,718,8.6,17922,90.0,"Crime ,Drama ,Mystery",23.0,11.0,2003.0
247,Foyle's War,8,3,TV Series,9.0,580,8.6,17922,90.0,"Crime ,Drama ,Mystery",16.0,2.0,2015.0
247,Foyle's War,8,2,TV Series,8.5,464,8.6,17922,90.0,"Crime ,Drama ,Mystery",9.0,2.0,2015.0
247,Foyle's War,8,1,TV Series,8.2,495,8.6,17922,90.0,"Crime ,Drama ,Mystery",2.0,2.0,2015.0
247,Foyle's War,7,3,TV Series,8.5,511,8.6,17922,90.0,"Crime ,Drama ,Mystery",29.0,9.0,2013.0
247,Foyle's War,4,3,TV Series,8.3,606,8.6,17922,90.0,"Crime ,Drama ,Mystery",11.0,2.0,2007.0
247,Foyle's War,4,2,TV Series,8.4,605,8.6,17922,90.0,"Crime ,Drama ,Mystery",22.0,1.0,2006.0
247,Foyle's War,4,1,TV Series,8.0,620,8.6,17922,90.0,"Crime ,Drama ,Mystery",15.0,1.0,2006.0
247,Foyle's War,3,3,TV Series,8.3,634,8.6,17922,90.0,"Crime ,Drama ,Mystery",7.0,11.0,2004.0
247,Foyle's War,3,2,TV Series,8.4,662,8.6,17922,90.0,"Crime ,Drama ,Mystery",31.0,10.0,2004.0
247,Foyle's War,3,1,TV Series,8.3,669,8.6,17922,90.0,"Crime ,Drama ,Mystery",24.0,10.0,2004.0
247,Foyle's War,2,4,TV Series,8.3,676,8.6,17922,90.0,"Crime ,Drama ,Mystery",7.0,12.0,2003.0
247,Foyle's War,7,2,TV Series,8.4,496,8.6,17922,90.0,"Crime ,Drama ,Mystery",22.0,9.0,2013.0
247,Foyle's War,1,4,TV Series,8.2,794,8.6,17922,90.0,"Crime ,Drama ,Mystery",17.0,11.0,2002.0
247,Foyle's War,1,3,TV Series,8.3,811,8.6,17922,90.0,"Crime ,Drama ,Mystery",10.0,11.0,2002.0
247,Foyle's War,2,3,TV Series,8.4,751,8.6,17922,90.0,"Crime ,Drama ,Mystery",30.0,11.0,2003.0
247,Foyle's War,5,1,TV Series,8.2,611,8.6,17922,90.0,"Crime ,Drama ,Mystery",13.0,7.0,2008.0
247,Foyle's War,7,1,TV Series,8.2,569,8.6,17922,90.0,"Crime ,Drama ,Mystery",15.0,9.0,2013.0
247,Foyle's War,6,3,TV Series,8.9,730,8.6,17922,90.0,"Crime ,Drama ,Mystery",16.0,5.0,2010.0
247,Foyle's War,6,2,TV Series,7.9,577,8.6,17922,90.0,"Crime ,Drama ,Mystery",9.0,5.0,2010.0
247,Foyle's War,1,1,TV Series,8.1,1101,8.6,17922,90.0,"Crime ,Drama ,Mystery",27.0,10.0,2002.0
247,Foyle's War,4,4,TV Series,8.1,602,8.6,17922,90.0,"Crime ,Drama ,Mystery",15.0,4.0,2007.0
247,Foyle's War,3,4,TV Series,8.0,600,8.6,17922,90.0,"Crime ,Drama ,Mystery",14.0,11.0,2004.0
247,Foyle's War,1,2,TV Series,8.4,872,8.6,17922,90.0,"Crime ,Drama ,Mystery",3.0,11.0,2002.0
248,Alfred Hitchcock Presents,7,27,TV Series,6.2,305,8.5,19155,25.0,"Drama ,Mystery",10.0,4.0,1962.0
248,Alfred Hitchcock Presents,7,5,TV Series,7.0,413,8.5,19155,25.0,"Drama ,Mystery",7.0,11.0,1961.0
248,Alfred Hitchcock Presents,7,6,TV Series,7.1,444,8.5,19155,25.0,"Drama ,Mystery",14.0,11.0,1961.0
248,Alfred Hitchcock Presents,7,7,TV Series,6.8,418,8.5,19155,25.0,"Drama ,Mystery",21.0,11.0,1961.0
248,Alfred Hitchcock Presents,6,14,TV Series,7.2,421,8.5,19155,25.0,"Drama ,Mystery",3.0,1.0,1961.0
248,Alfred Hitchcock Presents,6,15,TV Series,7.1,429,8.5,19155,25.0,"Drama ,Mystery",10.0,1.0,1961.0
248,Alfred Hitchcock Presents,6,16,TV Series,7.4,432,8.5,19155,25.0,"Drama ,Mystery",24.0,1.0,1961.0
248,Alfred Hitchcock Presents,6,17,TV Series,6.9,377,8.5,19155,25.0,"Drama ,Mystery",31.0,1.0,1961.0
248,Alfred Hitchcock Presents,6,18,TV Series,6.6,447,8.5,19155,25.0,"Drama ,Mystery",14.0,2.0,1961.0
248,Alfred Hitchcock Presents,6,19,TV Series,7.6,429,8.5,19155,25.0,"Drama ,Mystery",21.0,2.0,1961.0
248,Alfred Hitchcock Presents,6,20,TV Series,6.8,400,8.5,19155,25.0,"Drama ,Mystery",28.0,2.0,1961.0
248,Alfred Hitchcock Presents,7,20,TV Series,7.1,379,8.5,19155,25.0,"Drama ,Mystery",20.0,2.0,1962.0
248,Alfred Hitchcock Presents,7,21,TV Series,7.6,409,8.5,19155,25.0,"Drama ,Mystery",27.0,2.0,1962.0
248,Alfred Hitchcock Presents,7,22,TV Series,6.2,442,8.5,19155,25.0,"Drama ,Mystery",6.0,3.0,1962.0
248,Alfred Hitchcock Presents,7,23,TV Series,7.3,384,8.5,19155,25.0,"Drama ,Mystery",13.0,3.0,1962.0
248,Alfred Hitchcock Presents,7,30,TV Series,6.4,307,8.5,19155,25.0,"Drama ,Mystery",1.0,5.0,1962.0
248,Alfred Hitchcock Presents,7,29,TV Series,7.6,417,8.5,19155,25.0,"Drama ,Mystery",24.0,4.0,1962.0
248,Alfred Hitchcock Presents,7,28,TV Series,7.0,394,8.5,19155,25.0,"Drama ,Mystery",17.0,4.0,1962.0
248,Alfred Hitchcock Presents,7,39,TV Series,7.1,775,8.5,19155,25.0,"Drama ,Mystery",35.0,15.0,1962.0
248,Alfred Hitchcock Presents,7,24,TV Series,7.8,448,8.5,19155,25.0,"Drama ,Mystery",20.0,3.0,1962.0
248,Alfred Hitchcock Presents,7,36,TV Series,6.3,356,8.5,19155,25.0,"Drama ,Mystery",12.0,6.0,1962.0
248,Alfred Hitchcock Presents,6,36,TV Series,7.6,432,8.5,19155,25.0,"Drama ,Mystery",20.0,6.0,1961.0
248,Alfred Hitchcock Presents,7,4,TV Series,7.6,438,8.5,19155,25.0,"Drama ,Mystery",31.0,10.0,1961.0
248,Alfred Hitchcock Presents,7,25,TV Series,7.2,379,8.5,19155,25.0,"Drama ,Mystery",27.0,3.0,1962.0
248,Alfred Hitchcock Presents,7,26,TV Series,6.4,384,8.5,19155,25.0,"Drama ,Mystery",3.0,4.0,1962.0
248,Alfred Hitchcock Presents,6,30,TV Series,7.0,391,8.5,19155,25.0,"Drama ,Mystery",9.0,5.0,1961.0
248,Alfred Hitchcock Presents,6,31,TV Series,7.2,412,8.5,19155,25.0,"Drama ,Mystery",16.0,5.0,1961.0
248,Alfred Hitchcock Presents,6,32,TV Series,7.6,441,8.5,19155,25.0,"Drama ,Mystery",23.0,5.0,1961.0
248,Alfred Hitchcock Presents,6,33,TV Series,7.2,406,8.5,19155,25.0,"Drama ,Mystery",30.0,5.0,1961.0
248,Alfred Hitchcock Presents,6,34,TV Series,6.5,388,8.5,19155,25.0,"Drama ,Mystery",6.0,6.0,1961.0
248,Alfred Hitchcock Presents,6,35,TV Series,7.6,434,8.5,19155,25.0,"Drama ,Mystery",13.0,6.0,1961.0
248,Alfred Hitchcock Presents,7,32,TV Series,7.4,398,8.5,19155,25.0,"Drama ,Mystery",15.0,5.0,1962.0
248,Alfred Hitchcock Presents,1,6,TV Series,7.0,1276,8.5,19155,25.0,"Drama ,Mystery",6.0,11.0,1955.0
248,Alfred Hitchcock Presents,1,7,TV Series,8.1,1956,8.5,19155,25.0,"Drama ,Mystery",13.0,11.0,1955.0
248,Alfred Hitchcock Presents,1,8,TV Series,7.4,1227,8.5,19155,25.0,"Drama ,Mystery",20.0,11.0,1955.0
248,Alfred Hitchcock Presents,1,22,TV Series,6.3,835,8.5,19155,25.0,"Drama ,Mystery",26.0,2.0,1956.0
248,Alfred Hitchcock Presents,1,23,TV Series,7.6,1134,8.5,19155,25.0,"Drama ,Mystery",4.0,3.0,1956.0
248,Alfred Hitchcock Presents,1,24,TV Series,7.2,877,8.5,19155,25.0,"Drama ,Mystery",11.0,3.0,1956.0
248,Alfred Hitchcock Presents,1,4,TV Series,7.1,1426,8.5,19155,25.0,"Drama ,Mystery",23.0,10.0,1955.0
248,Alfred Hitchcock Presents,1,5,TV Series,6.8,1412,8.5,19155,25.0,"Drama ,Mystery",30.0,10.0,1955.0
248,Alfred Hitchcock Presents,1,38,TV Series,7.8,958,8.5,19155,25.0,"Drama ,Mystery",17.0,6.0,1956.0
248,Alfred Hitchcock Presents,1,39,TV Series,7.2,713,8.5,19155,25.0,"Drama ,Mystery",24.0,6.0,1956.0
248,Alfred Hitchcock Presents,2,1,TV Series,6.3,930,8.5,19155,25.0,"Drama ,Mystery",30.0,9.0,1956.0
248,Alfred Hitchcock Presents,1,9,TV Series,7.7,1198,8.5,19155,25.0,"Drama ,Mystery",27.0,11.0,1955.0
248,Alfred Hitchcock Presents,1,10,TV Series,7.5,1410,8.5,19155,25.0,"Drama ,Mystery",4.0,12.0,1955.0
248,Alfred Hitchcock Presents,1,11,TV Series,7.4,1128,8.5,19155,25.0,"Drama ,Mystery",11.0,12.0,1955.0
248,Alfred Hitchcock Presents,1,12,TV Series,6.7,1045,8.5,19155,25.0,"Drama ,Mystery",18.0,12.0,1955.0
248,Alfred Hitchcock Presents,1,20,TV Series,6.9,1046,8.5,19155,25.0,"Drama ,Mystery",12.0,2.0,1956.0
248,Alfred Hitchcock Presents,1,21,TV Series,6.7,948,8.5,19155,25.0,"Drama ,Mystery",19.0,2.0,1956.0
248,Alfred Hitchcock Presents,2,15,TV Series,7.3,734,8.5,19155,25.0,"Drama ,Mystery",6.0,1.0,1957.0
248,Alfred Hitchcock Presents,2,16,TV Series,6.6,627,8.5,19155,25.0,"Drama ,Mystery",13.0,1.0,1957.0
248,Alfred Hitchcock Presents,2,17,TV Series,6.6,603,8.5,19155,25.0,"Drama ,Mystery",20.0,1.0,1957.0
248,Alfred Hitchcock Presents,1,25,TV Series,7.2,886,8.5,19155,25.0,"Drama ,Mystery",18.0,3.0,1956.0
248,Alfred Hitchcock Presents,1,26,TV Series,7.0,815,8.5,19155,25.0,"Drama ,Mystery",25.0,3.0,1956.0
248,Alfred Hitchcock Presents,1,27,TV Series,7.7,886,8.5,19155,25.0,"Drama ,Mystery",1.0,4.0,1956.0
248,Alfred Hitchcock Presents,1,28,TV Series,7.0,881,8.5,19155,25.0,"Drama ,Mystery",8.0,4.0,1956.0
248,Alfred Hitchcock Presents,1,1,TV Series,7.3,2367,8.5,19155,25.0,"Drama ,Mystery",2.0,10.0,1955.0
248,Alfred Hitchcock Presents,1,2,TV Series,7.4,1703,8.5,19155,25.0,"Drama ,Mystery",9.0,10.0,1955.0
248,Alfred Hitchcock Presents,1,3,TV Series,6.8,1508,8.5,19155,25.0,"Drama ,Mystery",16.0,10.0,1955.0
248,Alfred Hitchcock Presents,1,36,TV Series,6.6,737,8.5,19155,25.0,"Drama ,Mystery",3.0,6.0,1956.0
248,Alfred Hitchcock Presents,1,37,TV Series,6.8,708,8.5,19155,25.0,"Drama ,Mystery",10.0,6.0,1956.0
248,Alfred Hitchcock Presents,2,31,TV Series,7.1,692,8.5,19155,25.0,"Drama ,Mystery",28.0,4.0,1957.0
248,Alfred Hitchcock Presents,2,32,TV Series,7.0,583,8.5,19155,25.0,"Drama ,Mystery",5.0,5.0,1957.0
248,Alfred Hitchcock Presents,2,33,TV Series,6.5,636,8.5,19155,25.0,"Drama ,Mystery",12.0,5.0,1957.0
248,Alfred Hitchcock Presents,2,2,TV Series,6.5,735,8.5,19155,25.0,"Drama ,Mystery",7.0,10.0,1956.0
248,Alfred Hitchcock Presents,2,3,TV Series,7.3,752,8.5,19155,25.0,"Drama ,Mystery",14.0,10.0,1956.0
248,Alfred Hitchcock Presents,2,4,TV Series,6.4,689,8.5,19155,25.0,"Drama ,Mystery",21.0,10.0,1956.0
248,Alfred Hitchcock Presents,2,5,TV Series,7.0,704,8.5,19155,25.0,"Drama ,Mystery",28.0,10.0,1956.0
248,Alfred Hitchcock Presents,1,13,TV Series,7.0,1296,8.5,19155,25.0,"Drama ,Mystery",25.0,12.0,1955.0
248,Alfred Hitchcock Presents,1,14,TV Series,7.1,1033,8.5,19155,25.0,"Drama ,Mystery",1.0,1.0,1956.0
248,Alfred Hitchcock Presents,1,15,TV Series,7.1,1036,8.5,19155,25.0,"Drama ,Mystery",8.0,1.0,1956.0
248,Alfred Hitchcock Presents,1,16,TV Series,7.7,1156,8.5,19155,25.0,"Drama ,Mystery",15.0,1.0,1956.0
248,Alfred Hitchcock Presents,1,17,TV Series,6.5,982,8.5,19155,25.0,"Drama ,Mystery",22.0,1.0,1956.0
248,Alfred Hitchcock Presents,1,18,TV Series,6.3,1005,8.5,19155,25.0,"Drama ,Mystery",29.0,1.0,1956.0
248,Alfred Hitchcock Presents,1,19,TV Series,6.8,884,8.5,19155,25.0,"Drama ,Mystery",5.0,2.0,1956.0
248,Alfred Hitchcock Presents,2,13,TV Series,6.7,795,8.5,19155,25.0,"Drama ,Mystery",23.0,12.0,1956.0
248,Alfred Hitchcock Presents,2,14,TV Series,6.6,611,8.5,19155,25.0,"Drama ,Mystery",30.0,12.0,1956.0
248,Alfred Hitchcock Presents,3,8,TV Series,7.6,584,8.5,19155,25.0,"Drama ,Mystery",24.0,11.0,1957.0
248,Alfred Hitchcock Presents,3,9,TV Series,7.2,674,8.5,19155,25.0,"Drama ,Mystery",1.0,12.0,1957.0
248,Alfred Hitchcock Presents,3,10,TV Series,6.9,573,8.5,19155,25.0,"Drama ,Mystery",8.0,12.0,1957.0
248,Alfred Hitchcock Presents,2,18,TV Series,7.7,727,8.5,19155,25.0,"Drama ,Mystery",27.0,1.0,1957.0
248,Alfred Hitchcock Presents,2,19,TV Series,7.3,618,8.5,19155,25.0,"Drama ,Mystery",3.0,2.0,1957.0
248,Alfred Hitchcock Presents,2,20,TV Series,7.4,662,8.5,19155,25.0,"Drama ,Mystery",10.0,2.0,1957.0
248,Alfred Hitchcock Presents,2,21,TV Series,6.8,622,8.5,19155,25.0,"Drama ,Mystery",17.0,2.0,1957.0
248,Alfred Hitchcock Presents,1,29,TV Series,7.3,829,8.5,19155,25.0,"Drama ,Mystery",15.0,4.0,1956.0
248,Alfred Hitchcock Presents,1,30,TV Series,7.2,849,8.5,19155,25.0,"Drama ,Mystery",22.0,4.0,1956.0
248,Alfred Hitchcock Presents,1,31,TV Series,6.7,826,8.5,19155,25.0,"Drama ,Mystery",29.0,4.0,1956.0
248,Alfred Hitchcock Presents,1,32,TV Series,6.7,796,8.5,19155,25.0,"Drama ,Mystery",6.0,5.0,1956.0
248,Alfred Hitchcock Presents,1,33,TV Series,6.5,830,8.5,19155,25.0,"Drama ,Mystery",13.0,5.0,1956.0
248,Alfred Hitchcock Presents,1,34,TV Series,6.1,756,8.5,19155,25.0,"Drama ,Mystery",20.0,5.0,1956.0
248,Alfred Hitchcock Presents,1,35,TV Series,6.4,759,8.5,19155,25.0,"Drama ,Mystery",27.0,5.0,1956.0
248,Alfred Hitchcock Presents,2,29,TV Series,6.6,585,8.5,19155,25.0,"Drama ,Mystery",14.0,4.0,1957.0
248,Alfred Hitchcock Presents,2,30,TV Series,6.4,589,8.5,19155,25.0,"Drama ,Mystery",21.0,4.0,1957.0
248,Alfred Hitchcock Presents,3,24,TV Series,6.8,555,8.5,19155,25.0,"Drama ,Mystery",16.0,3.0,1958.0
248,Alfred Hitchcock Presents,3,25,TV Series,6.5,480,8.5,19155,25.0,"Drama ,Mystery",23.0,3.0,1958.0
248,Alfred Hitchcock Presents,3,26,TV Series,6.9,537,8.5,19155,25.0,"Drama ,Mystery",30.0,3.0,1958.0
248,Alfred Hitchcock Presents,2,34,TV Series,6.9,587,8.5,19155,25.0,"Drama ,Mystery",19.0,5.0,1957.0
248,Alfred Hitchcock Presents,2,35,TV Series,7.0,567,8.5,19155,25.0,"Drama ,Mystery",26.0,5.0,1957.0
248,Alfred Hitchcock Presents,2,36,TV Series,6.4,543,8.5,19155,25.0,"Drama ,Mystery",2.0,6.0,1957.0
248,Alfred Hitchcock Presents,2,37,TV Series,7.0,545,8.5,19155,25.0,"Drama ,Mystery",9.0,6.0,1957.0
248,Alfred Hitchcock Presents,2,6,TV Series,6.7,703,8.5,19155,25.0,"Drama ,Mystery",4.0,11.0,1956.0
248,Alfred Hitchcock Presents,2,7,TV Series,7.0,656,8.5,19155,25.0,"Drama ,Mystery",11.0,11.0,1956.0
248,Alfred Hitchcock Presents,2,8,TV Series,7.5,730,8.5,19155,25.0,"Drama ,Mystery",18.0,11.0,1956.0
248,Alfred Hitchcock Presents,2,9,TV Series,7.3,740,8.5,19155,25.0,"Drama ,Mystery",25.0,11.0,1956.0
248,Alfred Hitchcock Presents,2,10,TV Series,7.0,703,8.5,19155,25.0,"Drama ,Mystery",2.0,12.0,1956.0
248,Alfred Hitchcock Presents,2,11,TV Series,7.1,670,8.5,19155,25.0,"Drama ,Mystery",9.0,12.0,1956.0
248,Alfred Hitchcock Presents,2,12,TV Series,6.7,639,8.5,19155,25.0,"Drama ,Mystery",16.0,12.0,1956.0
248,Alfred Hitchcock Presents,3,6,TV Series,7.7,666,8.5,19155,25.0,"Drama ,Mystery",10.0,11.0,1957.0
248,Alfred Hitchcock Presents,3,7,TV Series,7.4,635,8.5,19155,25.0,"Drama ,Mystery",17.0,11.0,1957.0
248,Alfred Hitchcock Presents,4,1,TV Series,7.2,586,8.5,19155,25.0,"Drama ,Mystery",5.0,10.0,1958.0
248,Alfred Hitchcock Presents,4,2,TV Series,6.1,580,8.5,19155,25.0,"Drama ,Mystery",12.0,10.0,1958.0
248,Alfred Hitchcock Presents,4,3,TV Series,7.3,425,8.5,19155,25.0,"Drama ,Mystery",19.0,10.0,1958.0
248,Alfred Hitchcock Presents,3,11,TV Series,7.3,597,8.5,19155,25.0,"Drama ,Mystery",15.0,12.0,1957.0
248,Alfred Hitchcock Presents,3,12,TV Series,6.4,540,8.5,19155,25.0,"Drama ,Mystery",22.0,12.0,1957.0
248,Alfred Hitchcock Presents,3,13,TV Series,7.1,530,8.5,19155,25.0,"Drama ,Mystery",29.0,12.0,1957.0
248,Alfred Hitchcock Presents,3,14,TV Series,6.5,547,8.5,19155,25.0,"Drama ,Mystery",5.0,1.0,1958.0
248,Alfred Hitchcock Presents,2,22,TV Series,7.4,622,8.5,19155,25.0,"Drama ,Mystery",24.0,2.0,1957.0
248,Alfred Hitchcock Presents,2,23,TV Series,7.4,657,8.5,19155,25.0,"Drama ,Mystery",3.0,3.0,1957.0
248,Alfred Hitchcock Presents,2,24,TV Series,7.3,606,8.5,19155,25.0,"Drama ,Mystery",10.0,3.0,1957.0
248,Alfred Hitchcock Presents,2,25,TV Series,7.2,592,8.5,19155,25.0,"Drama ,Mystery",17.0,3.0,1957.0
248,Alfred Hitchcock Presents,2,26,TV Series,7.2,592,8.5,19155,25.0,"Drama ,Mystery",24.0,3.0,1957.0
248,Alfred Hitchcock Presents,2,27,TV Series,7.1,592,8.5,19155,25.0,"Drama ,Mystery",31.0,3.0,1957.0
248,Alfred Hitchcock Presents,2,28,TV Series,7.8,894,8.5,19155,25.0,"Drama ,Mystery",7.0,4.0,1957.0
248,Alfred Hitchcock Presents,3,22,TV Series,6.8,494,8.5,19155,25.0,"Drama ,Mystery",2.0,3.0,1958.0
248,Alfred Hitchcock Presents,3,23,TV Series,8.5,878,8.5,19155,25.0,"Drama ,Mystery",9.0,3.0,1958.0
248,Alfred Hitchcock Presents,4,17,TV Series,7.0,466,8.5,19155,25.0,"Drama ,Mystery",1.0,2.0,1959.0
248,Alfred Hitchcock Presents,4,18,TV Series,7.9,564,8.5,19155,25.0,"Drama ,Mystery",8.0,2.0,1959.0
248,Alfred Hitchcock Presents,4,19,TV Series,7.1,487,8.5,19155,25.0,"Drama ,Mystery",15.0,2.0,1959.0
248,Alfred Hitchcock Presents,3,27,TV Series,6.8,524,8.5,19155,25.0,"Drama ,Mystery",6.0,4.0,1958.0
248,Alfred Hitchcock Presents,3,28,TV Series,8.3,1245,8.5,19155,25.0,"Drama ,Mystery",13.0,4.0,1958.0
248,Alfred Hitchcock Presents,3,29,TV Series,7.0,526,8.5,19155,25.0,"Drama ,Mystery",20.0,4.0,1958.0
248,Alfred Hitchcock Presents,3,30,TV Series,6.6,447,8.5,19155,25.0,"Drama ,Mystery",27.0,4.0,1958.0
248,Alfred Hitchcock Presents,2,38,TV Series,7.1,639,8.5,19155,25.0,"Drama ,Mystery",16.0,6.0,1957.0
248,Alfred Hitchcock Presents,2,39,TV Series,7.5,634,8.5,19155,25.0,"Drama ,Mystery",23.0,6.0,1957.0
248,Alfred Hitchcock Presents,3,1,TV Series,8.4,1081,8.5,19155,25.0,"Drama ,Mystery",6.0,10.0,1957.0
248,Alfred Hitchcock Presents,3,2,TV Series,7.8,732,8.5,19155,25.0,"Drama ,Mystery",13.0,10.0,1957.0
248,Alfred Hitchcock Presents,3,3,TV Series,7.4,759,8.5,19155,25.0,"Drama ,Mystery",20.0,10.0,1957.0
248,Alfred Hitchcock Presents,3,4,TV Series,7.5,647,8.5,19155,25.0,"Drama ,Mystery",27.0,10.0,1957.0
248,Alfred Hitchcock Presents,3,5,TV Series,6.8,576,8.5,19155,25.0,"Drama ,Mystery",3.0,11.0,1957.0
248,Alfred Hitchcock Presents,3,38,TV Series,7.1,477,8.5,19155,25.0,"Drama ,Mystery",22.0,6.0,1958.0
248,Alfred Hitchcock Presents,3,39,TV Series,7.7,558,8.5,19155,25.0,"Drama ,Mystery",29.0,6.0,1958.0
248,Alfred Hitchcock Presents,4,33,TV Series,7.6,524,8.5,19155,25.0,"Drama ,Mystery",31.0,5.0,1959.0
248,Alfred Hitchcock Presents,4,34,TV Series,7.4,451,8.5,19155,25.0,"Drama ,Mystery",7.0,6.0,1959.0
248,Alfred Hitchcock Presents,4,35,TV Series,7.0,470,8.5,19155,25.0,"Drama ,Mystery",14.0,6.0,1959.0
248,Alfred Hitchcock Presents,4,4,TV Series,8.1,728,8.5,19155,25.0,"Drama ,Mystery",26.0,10.0,1958.0
248,Alfred Hitchcock Presents,4,5,TV Series,7.0,482,8.5,19155,25.0,"Drama ,Mystery",2.0,11.0,1958.0
248,Alfred Hitchcock Presents,4,6,TV Series,7.2,509,8.5,19155,25.0,"Drama ,Mystery",9.0,11.0,1958.0
248,Alfred Hitchcock Presents,4,7,TV Series,8.2,726,8.5,19155,25.0,"Drama ,Mystery",16.0,11.0,1958.0
248,Alfred Hitchcock Presents,3,15,TV Series,7.5,610,8.5,19155,25.0,"Drama ,Mystery",12.0,1.0,1958.0
248,Alfred Hitchcock Presents,3,16,TV Series,6.1,551,8.5,19155,25.0,"Drama ,Mystery",19.0,1.0,1958.0
248,Alfred Hitchcock Presents,3,17,TV Series,7.7,611,8.5,19155,25.0,"Drama ,Mystery",26.0,1.0,1958.0
248,Alfred Hitchcock Presents,3,18,TV Series,6.5,497,8.5,19155,25.0,"Drama ,Mystery",2.0,2.0,1958.0
248,Alfred Hitchcock Presents,3,19,TV Series,6.8,493,8.5,19155,25.0,"Drama ,Mystery",9.0,2.0,1958.0
248,Alfred Hitchcock Presents,3,20,TV Series,7.1,531,8.5,19155,25.0,"Drama ,Mystery",16.0,2.0,1958.0
248,Alfred Hitchcock Presents,3,21,TV Series,7.0,520,8.5,19155,25.0,"Drama ,Mystery",23.0,2.0,1958.0
248,Alfred Hitchcock Presents,4,15,TV Series,6.5,454,8.5,19155,25.0,"Drama ,Mystery",18.0,1.0,1959.0
248,Alfred Hitchcock Presents,4,16,TV Series,7.6,909,8.5,19155,25.0,"Drama ,Mystery",25.0,1.0,1959.0
248,Alfred Hitchcock Presents,5,13,TV Series,7.1,557,8.5,19155,25.0,"Drama ,Mystery",20.0,12.0,1959.0
248,Alfred Hitchcock Presents,5,14,TV Series,6.4,519,8.5,19155,25.0,"Drama ,Mystery",27.0,12.0,1959.0
248,Alfred Hitchcock Presents,5,15,TV Series,8.6,1218,8.5,19155,25.0,"Drama ,Mystery",3.0,1.0,1960.0
248,Alfred Hitchcock Presents,4,20,TV Series,8.0,635,8.5,19155,25.0,"Drama ,Mystery",22.0,2.0,1959.0
248,Alfred Hitchcock Presents,4,21,TV Series,7.5,513,8.5,19155,25.0,"Drama ,Mystery",1.0,3.0,1959.0
248,Alfred Hitchcock Presents,4,22,TV Series,7.1,445,8.5,19155,25.0,"Drama ,Mystery",8.0,3.0,1959.0
248,Alfred Hitchcock Presents,4,23,TV Series,7.0,468,8.5,19155,25.0,"Drama ,Mystery",15.0,3.0,1959.0
248,Alfred Hitchcock Presents,3,31,TV Series,6.7,473,8.5,19155,25.0,"Drama ,Mystery",4.0,5.0,1958.0
248,Alfred Hitchcock Presents,3,32,TV Series,7.1,499,8.5,19155,25.0,"Drama ,Mystery",11.0,5.0,1958.0
248,Alfred Hitchcock Presents,3,33,TV Series,7.8,577,8.5,19155,25.0,"Drama ,Mystery",18.0,5.0,1958.0
248,Alfred Hitchcock Presents,3,34,TV Series,7.3,529,8.5,19155,25.0,"Drama ,Mystery",25.0,5.0,1958.0
248,Alfred Hitchcock Presents,3,35,TV Series,7.4,523,8.5,19155,25.0,"Drama ,Mystery",1.0,6.0,1958.0
248,Alfred Hitchcock Presents,3,36,TV Series,6.9,451,8.5,19155,25.0,"Drama ,Mystery",8.0,6.0,1958.0
248,Alfred Hitchcock Presents,3,37,TV Series,6.5,530,8.5,19155,25.0,"Drama ,Mystery",15.0,6.0,1958.0
248,Alfred Hitchcock Presents,4,31,TV Series,7.3,442,8.5,19155,25.0,"Drama ,Mystery",17.0,5.0,1959.0
248,Alfred Hitchcock Presents,4,32,TV Series,7.1,414,8.5,19155,25.0,"Drama ,Mystery",24.0,5.0,1959.0
248,Alfred Hitchcock Presents,5,29,TV Series,6.6,392,8.5,19155,25.0,"Drama ,Mystery",1.0,5.0,1960.0
248,Alfred Hitchcock Presents,5,30,TV Series,7.1,426,8.5,19155,25.0,"Drama ,Mystery",8.0,5.0,1960.0
248,Alfred Hitchcock Presents,5,31,TV Series,6.5,417,8.5,19155,25.0,"Drama ,Mystery",15.0,5.0,1960.0
248,Alfred Hitchcock Presents,4,36,TV Series,7.0,430,8.5,19155,25.0,"Drama ,Mystery",21.0,6.0,1959.0
248,Alfred Hitchcock Presents,5,1,TV Series,7.4,666,8.5,19155,25.0,"Drama ,Mystery",27.0,9.0,1959.0
248,Alfred Hitchcock Presents,5,2,TV Series,6.9,663,8.5,19155,25.0,"Drama ,Mystery",4.0,10.0,1959.0
248,Alfred Hitchcock Presents,5,3,TV Series,5.5,502,8.5,19155,25.0,"Drama ,Mystery",11.0,10.0,1959.0
248,Alfred Hitchcock Presents,4,8,TV Series,6.4,457,8.5,19155,25.0,"Drama ,Mystery",23.0,11.0,1958.0
248,Alfred Hitchcock Presents,4,9,TV Series,7.2,506,8.5,19155,25.0,"Drama ,Mystery",7.0,12.0,1958.0
248,Alfred Hitchcock Presents,4,10,TV Series,7.2,478,8.5,19155,25.0,"Drama ,Mystery",14.0,12.0,1958.0
248,Alfred Hitchcock Presents,4,11,TV Series,6.9,486,8.5,19155,25.0,"Drama ,Mystery",21.0,12.0,1958.0
248,Alfred Hitchcock Presents,4,12,TV Series,7.2,495,8.5,19155,25.0,"Drama ,Mystery",28.0,12.0,1958.0
248,Alfred Hitchcock Presents,4,13,TV Series,6.4,482,8.5,19155,25.0,"Drama ,Mystery",4.0,1.0,1959.0
248,Alfred Hitchcock Presents,4,14,TV Series,7.4,499,8.5,19155,25.0,"Drama ,Mystery",11.0,1.0,1959.0
248,Alfred Hitchcock Presents,5,11,TV Series,8.3,708,8.5,19155,25.0,"Drama ,Mystery",6.0,12.0,1959.0
248,Alfred Hitchcock Presents,5,12,TV Series,8.1,690,8.5,19155,25.0,"Drama ,Mystery",13.0,12.0,1959.0
248,Alfred Hitchcock Presents,6,7,TV Series,6.5,343,8.5,19155,25.0,"Drama ,Mystery",15.0,11.0,1960.0
248,Alfred Hitchcock Presents,6,8,TV Series,5.7,414,8.5,19155,25.0,"Drama ,Mystery",22.0,11.0,1960.0
248,Alfred Hitchcock Presents,6,9,TV Series,6.8,405,8.5,19155,25.0,"Drama ,Mystery",29.0,11.0,1960.0
248,Alfred Hitchcock Presents,5,16,TV Series,6.8,427,8.5,19155,25.0,"Drama ,Mystery",10.0,1.0,1960.0
248,Alfred Hitchcock Presents,5,17,TV Series,6.9,411,8.5,19155,25.0,"Drama ,Mystery",24.0,1.0,1960.0
248,Alfred Hitchcock Presents,5,18,TV Series,6.0,463,8.5,19155,25.0,"Drama ,Mystery",31.0,1.0,1960.0
248,Alfred Hitchcock Presents,5,19,TV Series,7.4,436,8.5,19155,25.0,"Drama ,Mystery",7.0,2.0,1960.0
248,Alfred Hitchcock Presents,4,24,TV Series,6.5,467,8.5,19155,25.0,"Drama ,Mystery",22.0,3.0,1959.0
248,Alfred Hitchcock Presents,4,25,TV Series,7.3,512,8.5,19155,25.0,"Drama ,Mystery",29.0,3.0,1959.0
248,Alfred Hitchcock Presents,4,26,TV Series,7.1,505,8.5,19155,25.0,"Drama ,Mystery",5.0,4.0,1959.0
248,Alfred Hitchcock Presents,4,27,TV Series,7.1,464,8.5,19155,25.0,"Drama ,Mystery",12.0,4.0,1959.0
248,Alfred Hitchcock Presents,4,28,TV Series,6.8,450,8.5,19155,25.0,"Drama ,Mystery",19.0,4.0,1959.0
248,Alfred Hitchcock Presents,4,29,TV Series,7.4,592,8.5,19155,25.0,"Drama ,Mystery",3.0,5.0,1959.0
248,Alfred Hitchcock Presents,4,30,TV Series,7.1,431,8.5,19155,25.0,"Drama ,Mystery",10.0,5.0,1959.0
248,Alfred Hitchcock Presents,5,27,TV Series,6.9,465,8.5,19155,25.0,"Drama ,Mystery",17.0,4.0,1960.0
248,Alfred Hitchcock Presents,5,28,TV Series,7.1,427,8.5,19155,25.0,"Drama ,Mystery",24.0,4.0,1960.0
248,Alfred Hitchcock Presents,6,23,TV Series,8.2,573,8.5,19155,25.0,"Drama ,Mystery",21.0,3.0,1961.0
248,Alfred Hitchcock Presents,6,24,TV Series,7.4,406,8.5,19155,25.0,"Drama ,Mystery",28.0,3.0,1961.0
248,Alfred Hitchcock Presents,6,25,TV Series,7.0,390,8.5,19155,25.0,"Drama ,Mystery",4.0,4.0,1961.0
248,Alfred Hitchcock Presents,5,32,TV Series,7.4,433,8.5,19155,25.0,"Drama ,Mystery",22.0,5.0,1960.0
248,Alfred Hitchcock Presents,5,33,TV Series,7.4,479,8.5,19155,25.0,"Drama ,Mystery",29.0,5.0,1960.0
248,Alfred Hitchcock Presents,5,34,TV Series,7.0,410,8.5,19155,25.0,"Drama ,Mystery",5.0,6.0,1960.0
248,Alfred Hitchcock Presents,5,35,TV Series,6.8,457,8.5,19155,25.0,"Drama ,Mystery",12.0,6.0,1960.0
248,Alfred Hitchcock Presents,5,4,TV Series,7.6,572,8.5,19155,25.0,"Drama ,Mystery",18.0,10.0,1959.0
248,Alfred Hitchcock Presents,5,5,TV Series,7.3,487,8.5,19155,25.0,"Drama ,Mystery",25.0,10.0,1959.0
248,Alfred Hitchcock Presents,5,6,TV Series,7.1,452,8.5,19155,25.0,"Drama ,Mystery",1.0,11.0,1959.0
248,Alfred Hitchcock Presents,5,7,TV Series,7.8,594,8.5,19155,25.0,"Drama ,Mystery",8.0,11.0,1959.0
248,Alfred Hitchcock Presents,5,8,TV Series,7.0,445,8.5,19155,25.0,"Drama ,Mystery",15.0,11.0,1959.0
248,Alfred Hitchcock Presents,5,9,TV Series,7.5,485,8.5,19155,25.0,"Drama ,Mystery",22.0,11.0,1959.0
248,Alfred Hitchcock Presents,5,10,TV Series,6.7,497,8.5,19155,25.0,"Drama ,Mystery",29.0,11.0,1959.0
248,Alfred Hitchcock Presents,6,5,TV Series,6.8,501,8.5,19155,25.0,"Drama ,Mystery",25.0,10.0,1960.0
248,Alfred Hitchcock Presents,6,6,TV Series,7.3,449,8.5,19155,25.0,"Drama ,Mystery",1.0,11.0,1960.0
248,Alfred Hitchcock Presents,7,1,TV Series,7.3,439,8.5,19155,25.0,"Drama ,Mystery",10.0,10.0,1961.0
248,Alfred Hitchcock Presents,7,2,TV Series,8.0,773,8.5,19155,25.0,"Drama ,Mystery",17.0,10.0,1961.0
248,Alfred Hitchcock Presents,7,3,TV Series,6.5,410,8.5,19155,25.0,"Drama ,Mystery",24.0,10.0,1961.0
248,Alfred Hitchcock Presents,6,10,TV Series,7.4,423,8.5,19155,25.0,"Drama ,Mystery",6.0,12.0,1960.0
248,Alfred Hitchcock Presents,6,11,TV Series,7.3,447,8.5,19155,25.0,"Drama ,Mystery",13.0,12.0,1960.0
248,Alfred Hitchcock Presents,6,12,TV Series,7.1,407,8.5,19155,25.0,"Drama ,Mystery",20.0,12.0,1960.0
248,Alfred Hitchcock Presents,6,13,TV Series,7.1,487,8.5,19155,25.0,"Drama ,Mystery",27.0,12.0,1960.0
248,Alfred Hitchcock Presents,5,20,TV Series,7.2,505,8.5,19155,25.0,"Drama ,Mystery",14.0,2.0,1960.0
248,Alfred Hitchcock Presents,5,21,TV Series,7.1,452,8.5,19155,25.0,"Drama ,Mystery",21.0,2.0,1960.0
248,Alfred Hitchcock Presents,5,22,TV Series,7.3,416,8.5,19155,25.0,"Drama ,Mystery",28.0,2.0,1960.0
248,Alfred Hitchcock Presents,5,23,TV Series,6.7,421,8.5,19155,25.0,"Drama ,Mystery",6.0,3.0,1960.0
248,Alfred Hitchcock Presents,5,24,TV Series,6.0,463,8.5,19155,25.0,"Drama ,Mystery",27.0,3.0,1960.0
248,Alfred Hitchcock Presents,5,25,TV Series,7.3,471,8.5,19155,25.0,"Drama ,Mystery",3.0,4.0,1960.0
248,Alfred Hitchcock Presents,5,26,TV Series,7.0,500,8.5,19155,25.0,"Drama ,Mystery",10.0,4.0,1960.0
248,Alfred Hitchcock Presents,6,21,TV Series,7.2,390,8.5,19155,25.0,"Drama ,Mystery",7.0,3.0,1961.0
248,Alfred Hitchcock Presents,6,22,TV Series,7.6,568,8.5,19155,25.0,"Drama ,Mystery",14.0,3.0,1961.0
248,Alfred Hitchcock Presents,7,17,TV Series,6.9,375,8.5,19155,25.0,"Drama ,Mystery",30.0,1.0,1962.0
248,Alfred Hitchcock Presents,7,18,TV Series,8.1,544,8.5,19155,25.0,"Drama ,Mystery",6.0,2.0,1962.0
248,Alfred Hitchcock Presents,7,19,TV Series,6.9,379,8.5,19155,25.0,"Drama ,Mystery",13.0,2.0,1962.0
248,Alfred Hitchcock Presents,6,26,TV Series,7.3,401,8.5,19155,25.0,"Drama ,Mystery",11.0,4.0,1961.0
248,Alfred Hitchcock Presents,6,27,TV Series,6.9,362,8.5,19155,25.0,"Drama ,Mystery",18.0,4.0,1961.0
248,Alfred Hitchcock Presents,6,28,TV Series,6.4,391,8.5,19155,25.0,"Drama ,Mystery",25.0,4.0,1961.0
248,Alfred Hitchcock Presents,6,29,TV Series,7.9,527,8.5,19155,25.0,"Drama ,Mystery",2.0,5.0,1961.0
248,Alfred Hitchcock Presents,5,36,TV Series,7.3,408,8.5,19155,25.0,"Drama ,Mystery",19.0,6.0,1960.0
248,Alfred Hitchcock Presents,5,37,TV Series,7.6,618,8.5,19155,25.0,"Drama ,Mystery",26.0,6.0,1960.0
248,Alfred Hitchcock Presents,5,38,TV Series,7.7,514,8.5,19155,25.0,"Drama ,Mystery",25.0,9.0,1960.0
248,Alfred Hitchcock Presents,6,1,TV Series,7.6,588,8.5,19155,25.0,"Drama ,Mystery",27.0,9.0,1960.0
248,Alfred Hitchcock Presents,6,2,TV Series,7.0,483,8.5,19155,25.0,"Drama ,Mystery",4.0,10.0,1960.0
248,Alfred Hitchcock Presents,6,3,TV Series,7.1,491,8.5,19155,25.0,"Drama ,Mystery",11.0,10.0,1960.0
248,Alfred Hitchcock Presents,6,4,TV Series,7.3,467,8.5,19155,25.0,"Drama ,Mystery",18.0,10.0,1960.0
248,Alfred Hitchcock Presents,6,37,TV Series,6.9,368,8.5,19155,25.0,"Drama ,Mystery",27.0,6.0,1961.0
248,Alfred Hitchcock Presents,6,38,TV Series,6.8,393,8.5,19155,25.0,"Drama ,Mystery",4.0,7.0,1961.0
248,Alfred Hitchcock Presents,7,33,TV Series,7.7,430,8.5,19155,25.0,"Drama ,Mystery",22.0,5.0,1962.0
248,Alfred Hitchcock Presents,7,34,TV Series,7.9,450,8.5,19155,25.0,"Drama ,Mystery",29.0,5.0,1962.0
248,Alfred Hitchcock Presents,7,35,TV Series,5.0,394,8.5,19155,25.0,"Drama ,Mystery",5.0,6.0,1962.0
248,Alfred Hitchcock Presents,7,31,TV Series,7.7,434,8.5,19155,25.0,"Drama ,Mystery",8.0,5.0,1962.0
248,Alfred Hitchcock Presents,7,37,TV Series,6.1,378,8.5,19155,25.0,"Drama ,Mystery",19.0,6.0,1962.0
248,Alfred Hitchcock Presents,7,38,TV Series,7.4,405,8.5,19155,25.0,"Drama ,Mystery",26.0,6.0,1962.0
248,Alfred Hitchcock Presents,7,8,TV Series,7.1,420,8.5,19155,25.0,"Drama ,Mystery",28.0,11.0,1961.0
248,Alfred Hitchcock Presents,7,9,TV Series,6.7,427,8.5,19155,25.0,"Drama ,Mystery",5.0,12.0,1961.0
248,Alfred Hitchcock Presents,7,10,TV Series,7.5,449,8.5,19155,25.0,"Drama ,Mystery",12.0,12.0,1961.0
248,Alfred Hitchcock Presents,7,11,TV Series,7.3,420,8.5,19155,25.0,"Drama ,Mystery",19.0,12.0,1961.0
248,Alfred Hitchcock Presents,7,12,TV Series,6.8,387,8.5,19155,25.0,"Drama ,Mystery",26.0,12.0,1961.0
248,Alfred Hitchcock Presents,7,13,TV Series,7.2,410,8.5,19155,25.0,"Drama ,Mystery",2.0,1.0,1962.0
248,Alfred Hitchcock Presents,7,14,TV Series,6.9,407,8.5,19155,25.0,"Drama ,Mystery",9.0,1.0,1962.0
248,Alfred Hitchcock Presents,7,15,TV Series,7.3,436,8.5,19155,25.0,"Drama ,Mystery",16.0,1.0,1962.0
248,Alfred Hitchcock Presents,7,16,TV Series,7.4,389,8.5,19155,25.0,"Drama ,Mystery",23.0,1.0,1962.0
249,Sapne Vs Everyone,1,1,TV Series,9.6,4464,9.5,57621,345.0,Drama,8.0,12.0,2023.0
249,Sapne Vs Everyone,1,2,TV Series,9.7,4218,9.5,57621,345.0,Drama,15.0,12.0,2023.0
249,Sapne Vs Everyone,1,3,TV Series,9.7,5019,9.5,57621,345.0,Drama,22.0,12.0,2023.0
249,Sapne Vs Everyone,1,4,TV Series,9.7,5076,9.5,57621,345.0,Drama,29.0,12.0,2023.0
249,Sapne Vs Everyone,1,5,TV Series,9.7,6213,9.5,57621,345.0,Drama,12.0,1.0,2024.0
250,Generation Kill,1,1,TV Mini Series,7.9,1192,8.5,58533,70.0,"Drama ,War",13.0,7.0,2008.0
250,Generation Kill,1,2,TV Mini Series,8.1,1026,8.5,58533,70.0,"Drama ,War",20.0,7.0,2008.0
250,Generation Kill,1,3,TV Mini Series,8.3,951,8.5,58533,70.0,"Drama ,War",27.0,7.0,2008.0
250,Generation Kill,1,6,TV Mini Series,8.3,893,8.5,58533,70.0,"Drama ,War",17.0,8.0,2008.0
250,Generation Kill,1,7,TV Mini Series,8.6,920,8.5,58533,70.0,"Drama ,War",24.0,8.0,2008.0
250,Generation Kill,1,4,TV Mini Series,8.2,924,8.5,58533,70.0,"Drama ,War",3.0,8.0,2008.0
250,Generation Kill,1,5,TV Mini Series,8.6,932,8.5,58533,70.0,"Drama ,War",10.0,8.0,2008.0
